00,00,00,13,25.3,87.6
00,01,00,9,25.2,87.5
00,02,00,11,25.3,87.6
00,03,00,21,25.3,87.7
00,04,00,19,25.4,87.4
00,05,00,15,25.4,87.1
00,06,00,27,25.4,86.9
00,07,00,14,25.5,86.7
00,08,00,21,25.5,86.6
00,09,00,17,25.5,86.6
00,10,00,13,25.5,86.5
00,11,00,25,25.5,86.3
00,12,00,12,25.4,86.8
00,13,00,12,25.2,87.1
00,14,00,16,25.2,87.3
00,15,00,8,25.3,87.2
00,16,00,11,25.4,86.8
00,17,00,23,25.4,86.5
00,18,00,12,25.5,86.2
00,19,00,18,25.5,86.1
00,20,00,10,25.5,86
00,21,00,16,25.5,86.1
00,22,00,14,25.5,86.1
00,23,00,12,25.4,86.4
00,24,00,27,25.2,86.9
00,25,00,23,25,87.5
00,26,00,10,25,87.5
00,27,00,28,25,87.7
00,28,00,18,25.1,87.4
00,29,00,19,25.1,87.3
00,30,00,21,25.1,87.3
00,31,00,16,25.2,86.8
00,32,00,20,25.2,86.4
00,33,00,17,25.1,86.9
00,34,00,28,25,87
00,35,00,15,25,87.2
00,36,00,16,25,87.2
00,37,00,15,24.9,87.2
00,38,00,20,24.9,87.6
00,39,00,17,24.8,87.8
00,40,00,22,24.9,87.6
00,41,00,12,25,87.2
00,42,00,11,25.1,86.7
00,43,00,17,25.3,86.2
00,44,00,21,25.4,85.7
00,45,00,20,25.4,85.4
00,46,00,23,25.5,85.2
00,47,00,16,25.5,85.1
00,48,00,14,25.6,85
00,49,00,18,25.6,84.9
00,50,00,12,25.6,84.9
00,51,00,12,25.6,84.8
00,52,00,10,25.6,84.8
00,53,00,9,25.6,84.9
00,54,00,22,25.6,85
00,55,00,17,25.6,85
00,56,00,29,25.6,85
00,57,00,12,25.7,85
00,58,00,20,25.6,85
00,59,00,14,25.6,85.1
01,00,00,17,25.7,85.1
01,01,00,24,25.7,85.1
01,02,00,21,25.7,85.2
01,03,00,17,25.6,85.2
01,04,00,23,25.5,85.6
01,05,00,13,25.3,86.3
01,06,00,22,25.1,86.7
01,07,00,17,25,87.3
01,08,00,11,25,87.5
01,09,00,20,25,87.6
01,10,00,21,25.1,87.4
01,11,00,21,25.2,87
01,12,00,21,25.3,86.7
01,13,00,14,25.3,86.6
01,14,00,12,25.2,86.6
01,15,00,24,25,87
01,16,00,15,24.9,87.3
01,17,00,20,24.8,87.6
01,18,00,16,24.8,87.8
01,19,00,14,24.7,87.9
01,20,00,15,24.7,87.7
01,21,00,17,24.7,87.8
01,22,00,17,24.7,88
01,23,00,18,24.7,87.6
01,24,00,27,24.7,87.6
01,25,00,25,24.8,87.7
01,26,00,27,24.9,87.5
01,27,00,17,24.9,87.3
01,28,00,29,25,87.1
01,29,00,14,24.9,87
01,30,00,18,24.9,87.2
01,31,00,18,24.8,87.4
01,32,00,23,24.7,87.7
01,33,00,15,24.7,87.8
01,34,00,20,24.7,87.5
01,35,00,27,24.8,87.4
01,36,00,18,24.9,87.5
01,37,00,15,25,87.2
01,38,00,12,25,87
01,39,00,14,25.1,86.9
01,40,00,24,25.1,86.5
01,41,00,12,25.2,86.1
01,42,00,13,25.3,85.8
01,43,00,20,25.4,85.5
01,44,00,15,25.4,85.3
01,45,00,14,25.5,85
01,46,00,17,25.5,84.9
01,47,00,13,25.5,84.8
01,48,00,27,25.6,84.8
01,49,00,18,25.6,84.8
01,50,00,12,25.6,84.9
01,51,00,18,25.6,84.8
01,52,00,17,25.4,85.1
01,53,00,10,25.2,85.6
01,54,00,12,25.2,86
01,55,00,22,25.2,85.8
01,56,00,26,25.3,85.7
01,57,00,16,25.4,85.4
01,58,00,17,25.5,85.3
01,59,00,18,25.5,85.2
02,00,00,17,25.5,85.2
02,01,00,17,25.5,85.2
02,02,00,19,25.5,85.2
02,03,00,23,25.5,85.2
02,04,00,26,25.6,85.1
02,05,00,17,25.6,85
02,06,00,12,25.6,84.9
02,07,00,11,25.5,85
02,08,00,17,25.6,85
02,09,00,25,25.5,84.9
02,10,00,17,25.5,84.9
02,11,00,19,25.5,84.9
02,12,00,21,25.5,84.9
02,13,00,18,25.4,85.5
02,14,00,15,25.4,86
02,15,00,9,25.4,86
02,16,00,25,25.3,86.1
02,17,00,23,25.4,86
02,18,00,31,25.4,85.7
02,19,00,21,25.5,85.4
02,20,00,23,25.5,85.3
02,21,00,11,25.5,85.2
02,22,00,13,25.5,85.1
02,23,00,14,25.5,85.1
02,24,00,18,25.5,85
02,25,00,14,25.5,85.1
02,26,00,26,25.5,85.2
02,27,00,11,25.5,85.2
02,28,00,15,25.5,85.2
02,29,00,18,25.5,85.3
02,30,00,14,25.5,85.3
02,31,00,21,25.5,85.2
02,32,00,20,25.5,85.1
02,33,00,16,25.5,85.1
02,34,00,15,25.5,85.1
02,35,00,15,25.6,85
02,36,00,19,25.5,85
02,37,00,22,25.5,85.1
02,38,00,15,25.6,85
02,39,00,12,25.5,85.1
02,40,00,15,25.5,85.2
02,41,00,16,25.6,85
02,42,00,25,25.6,84.9
02,43,00,26,25.6,84.8
02,44,00,18,25.6,84.8
02,45,00,14,25.6,84.9
02,46,00,16,25.6,84.9
02,47,00,19,25.6,84.9
02,48,00,13,25.6,85
02,49,00,18,25.6,85
02,50,00,17,25.6,84.9
02,51,00,11,25.6,84.8
02,52,00,13,25.7,84.7
02,53,00,9,25.7,84.6
02,54,00,17,25.6,84.5
02,55,00,15,25.6,84.7
02,56,00,16,25.6,84.7
02,57,00,27,25.6,84.8
02,58,00,19,25.4,85.2
02,59,00,21,25.2,86.1
03,00,00,9,25.1,86.5
03,01,00,15,25,86.8
03,02,00,24,25,87
03,03,00,10,25.1,86.8
03,04,00,13,25.1,86.6
03,05,00,20,25.1,86.4
03,06,00,9,25.1,86.5
03,07,00,16,25.1,86.4
03,08,00,26,24.9,86.8
03,09,00,22,24.8,87.2
03,10,00,17,24.9,86.9
03,11,00,7,25.1,86.4
03,12,00,12,25.2,86
03,13,00,17,25.2,85.7
03,14,00,17,25.3,85.4
03,15,00,22,25.3,85.3
03,16,00,16,25.3,85.2
03,17,00,9,25.4,85.1
03,18,00,10,25.4,85.1
03,19,00,17,25.3,85.1
03,20,00,24,25.3,85.1
03,21,00,10,25.2,85.4
03,22,00,19,25.2,85.7
03,23,00,11,25.2,85.8
03,24,00,22,25.2,85.8
03,25,00,35,25.2,85.6
03,26,00,13,25.3,85.6
03,27,00,18,25.3,85.4
03,28,00,19,25.3,85.2
03,29,00,14,25.3,85.1
03,30,00,26,25.3,84.8
03,31,00,24,25.3,84.8
03,32,00,24,25.1,85.2
03,33,00,16,25,85.7
03,34,00,22,25,85.7
03,35,00,17,25.1,85.4
03,36,00,16,25.2,85.1
03,37,00,23,25.2,84.9
03,38,00,20,25.2,84.9
03,39,00,25,25.2,84.8
03,40,00,18,25.2,84.7
03,41,00,16,25.2,84.7
03,42,00,13,25.2,84.6
03,43,00,13,25.3,84.5
03,44,00,21,25.2,84.6
03,45,00,19,25.2,84.7
03,46,00,22,25.2,84.9
03,47,00,20,25.2,84.9
03,48,00,26,25.1,85
03,49,00,17,25.1,85.1
03,50,00,13,25.2,84.8
03,51,00,14,25.2,84.9
03,52,00,11,25,85.2
03,53,00,11,24.9,85.6
03,54,00,20,24.9,85.6
03,55,00,26,25,85.4
03,56,00,22,25.1,85.1
03,57,00,21,25.2,84.7
03,58,00,17,25.2,84.5
03,59,00,21,25.2,84.5
04,00,00,18,25.2,84.4
04,01,00,7,25.2,84.4
04,02,00,17,25.2,84.3
04,03,00,18,25.2,84.4
04,04,00,15,25.2,84.4
04,05,00,27,25.2,84.4
04,06,00,31,25.2,84
04,07,00,17,25.1,84.3
04,08,00,11,24.8,85
04,09,00,27,24.7,85.4
04,10,00,18,24.6,85.9
04,11,00,14,24.6,86.2
04,12,00,19,24.7,86.1
04,13,00,19,24.7,85.9
04,14,00,20,24.8,85.6
04,15,00,10,24.8,85.3
04,16,00,26,24.8,85.3
04,17,00,22,24.8,85.6
04,18,00,10,24.8,85.5
04,19,00,19,24.9,85.1
04,20,00,15,25,84.7
04,21,00,22,25,84.5
04,22,00,20,25.1,84.4
04,23,00,11,25.1,84.3
04,24,00,20,25.1,84.3
04,25,00,14,25.1,84.1
04,26,00,19,25.1,84
04,27,00,11,25.1,84.1
04,28,00,20,25.1,84.1
04,29,00,33,25.1,84.1
04,30,00,15,25.1,84.1
04,31,00,28,25.1,84
04,32,00,37,25.1,84
04,33,00,13,25.1,84.2
04,34,00,13,25.1,84.2
04,35,00,21,25.1,84.1
04,36,00,22,25.1,84.1
04,37,00,18,25.1,84.1
04,38,00,22,25.1,84.1
04,39,00,13,25.1,84.1
04,40,00,19,25.1,84.1
04,41,00,12,25.1,84
04,42,00,11,25.1,84.3
04,43,00,12,25,84.5
04,44,00,31,25.1,84.4
04,45,00,14,25.1,84.5
04,46,00,9,25,84.5
04,47,00,20,25.1,84.5
04,48,00,15,25.1,84.4
04,49,00,18,25,84.6
04,50,00,19,24.9,85.1
04,51,00,15,24.8,85.6
04,52,00,23,24.8,85.6
04,53,00,22,24.9,85.1
04,54,00,18,25,84.8
04,55,00,20,25,84.7
04,56,00,28,25,84.7
04,57,00,20,25,84.7
04,58,00,15,25,84.7
04,59,00,16,25,84.7
05,00,00,12,25,84.6
05,01,00,19,25,84.5
05,02,00,16,24.9,84.6
05,03,00,30,24.9,85
05,04,00,15,24.9,84.8
05,05,00,21,24.8,84.8
05,06,00,18,24.7,85.4
05,07,00,21,24.6,85.8
05,08,00,27,24.6,85.6
05,09,00,13,24.6,85.7
05,10,00,17,24.6,85.7
05,11,00,12,24.7,85.4
05,12,00,27,24.8,85
05,13,00,8,24.8,84.8
05,14,00,19,24.8,84.6
05,15,00,16,24.9,84.4
05,16,00,27,24.9,84.4
05,17,00,20,24.9,84.4
05,18,00,17,24.9,84.6
05,19,00,12,24.9,84.5
05,20,00,11,24.9,84.5
05,21,00,15,24.9,84.8
05,22,00,25,24.6,85.3
05,23,00,18,24.6,85.7
05,24,00,10,24.7,85.5
05,25,00,23,24.8,85.2
05,26,00,13,24.8,84.9
05,27,00,16,24.9,84.9
05,28,00,22,25,84.6
05,29,00,23,25,84.5
05,30,00,15,25,84.4
05,31,00,15,25,84.4
05,32,00,23,25,84.4
05,33,00,24,25.1,84.3
05,34,00,19,25.1,84.3
05,35,00,18,25.1,84.2
05,36,00,16,25.1,84.1
05,37,00,21,25.1,84.1
05,38,00,16,25.2,84.1
05,39,00,17,25.1,84.1
05,40,00,13,25.1,84
05,41,00,15,25.1,84
05,42,00,11,25.1,84
05,43,00,9,25.1,84
05,44,00,26,25.1,84.2
05,45,00,22,25.1,84.2
05,46,00,17,25.1,84.2
05,47,00,15,25,84.4
05,48,00,12,24.9,84.8
05,49,00,11,24.8,85.1
05,50,00,19,24.9,85
05,51,00,12,24.8,85.2
05,52,00,15,24.9,85.2
05,53,00,16,24.9,85.1
05,54,00,12,24.7,85.3
05,55,00,13,24.7,85.6
05,56,00,15,24.8,85.4
05,57,00,19,24.8,85.1
05,58,00,7,24.8,84.9
05,59,00,15,24.8,85.1
06,00,00,13,24.8,85.4
06,01,00,28,24.8,85.5
06,02,00,21,24.8,85.6
06,03,00,21,24.7,85.9
06,04,00,15,24.7,86.1
06,05,00,18,24.8,86
06,06,00,21,24.8,86.1
06,07,00,36,24.8,86.2
06,08,00,21,24.8,86.4
06,09,00,18,24.9,86.3
06,10,00,20,24.9,86.4
06,11,00,14,24.9,86.2
06,12,00,23,25,86.2
06,13,00,16,25,86.2
06,14,00,12,25,86.4
06,15,00,21,25,86.3
06,16,00,17,25.1,86.3
06,17,00,17,25.1,86.1
06,18,00,20,25.2,85.9
06,19,00,17,25.2,85.6
06,20,00,17,25.3,85.5
06,21,00,15,25.3,85.5
06,22,00,15,25.3,85.7
06,23,00,22,25.2,86.3
06,24,00,24,25.2,86.3
06,25,00,24,25.2,86.2
06,26,00,18,25.3,86.1
06,27,00,41,25.3,85.8
06,28,00,35,25.4,85.8
06,29,00,21,25.4,85.7
06,30,00,28,25.3,85.6
06,31,00,22,25.2,85.8
06,32,00,17,25.3,85.8
06,33,00,16,25.3,85.7
06,34,00,19,25.4,85.6
06,35,00,13,25.4,85.3
06,36,00,19,25.4,85.1
06,37,00,24,25.5,85.1
06,38,00,11,25.5,85.2
06,39,00,32,25.5,85
06,40,00,18,25.5,84.9
06,41,00,20,25.6,84.8
06,42,00,19,25.6,84.4
06,43,00,19,25.6,84.3
06,44,00,38,25.6,84.5
06,45,00,19,25.6,84.8
06,46,00,25,25.6,84.5
06,47,00,13,25.6,84.5
06,48,00,21,25.6,84.4
06,49,00,28,25.6,84.4
06,50,00,26,25.6,84.3
06,51,00,19,25.6,84.3
06,52,00,16,25.6,84.2
06,53,00,19,25.6,84.3
06,54,00,14,25.6,84.5
06,55,00,32,25.6,84.5
06,56,00,24,25.6,84.6
06,57,00,16,25.7,84.5
06,58,00,16,25.7,84.6
06,59,00,18,25.7,84.6
07,00,00,21,25.7,84.5
07,01,00,19,25.7,84.6
07,02,00,25,25.7,84.5
07,03,00,19,25.7,84.5
07,04,00,24,25.7,84.5
07,05,00,21,25.7,84.5
07,06,00,22,25.7,84.4
07,07,00,21,25.8,84.4
07,08,00,26,25.8,84.4
07,09,00,21,25.8,84.3
07,10,00,19,25.8,84.5
07,11,00,21,25.8,84.5
07,12,00,11,25.8,84.5
07,13,00,31,25.8,84.5
07,14,00,23,25.8,84.5
07,15,00,23,25.8,84.5
07,16,00,17,25.8,84.5
07,17,00,23,25.8,84.7
07,18,00,34,25.8,84.7
07,19,00,23,25.8,84.6
07,20,00,26,25.8,84.6
07,21,00,22,25.8,84.4
07,22,00,22,25.8,84.7
07,23,00,14,25.8,84.5
07,24,00,28,25.8,84.6
07,25,00,23,25.8,84.9
07,26,00,10,25.8,84.8
07,27,00,26,25.8,84.8
07,28,00,25,25.8,84.8
07,29,00,44,25.8,85
07,30,00,22,25.9,84.3
07,31,00,22,25.9,84.4
07,32,00,16,25.9,84.6
07,33,00,31,25.8,84.6
07,34,00,20,25.9,84.5
07,35,00,38,25.9,84.6
07,36,00,23,25.9,84.6
07,37,00,23,25.9,84.6
07,38,00,22,25.8,84.8
07,39,00,16,25.9,84.6
07,40,00,29,25.9,84.6
07,41,00,35,25.9,84.6
07,42,00,34,25.9,84.6
07,43,00,28,25.9,84.9
07,44,00,23,25.9,84.8
07,45,00,21,25.9,84.7
07,46,00,13,25.9,84.7
07,47,00,18,25.9,84.6
07,48,00,23,25.9,84.6
07,49,00,23,25.9,84.5
07,50,00,25,26,84.4
07,51,00,16,26,84.3
07,52,00,34,26,84.4
07,53,00,25,26,84.6
07,54,00,10,26,84.6
07,55,00,29,26,84.6
07,56,00,25,26,84.7
07,57,00,18,26,84.8
07,58,00,25,26.1,84.8
07,59,00,49,26.1,84.6
08,00,00,26,26.1,84.4
08,01,00,40,26.1,84.3
08,02,00,41,26.2,84.4
08,03,00,36,26.2,84.4
08,04,00,35,26.2,84.3
08,05,00,17,26.2,84.3
08,06,00,37,26.3,84
08,07,00,36,26.3,84
08,08,00,53,26.3,84.1
08,09,00,31,26.3,84.1
08,10,00,38,26.4,84.3
08,11,00,39,26.4,84
08,12,00,39,26.4,84
08,13,00,39,26.4,84.3
08,14,00,37,26.4,84
08,15,00,56,26.4,84.1
08,16,00,38,26.4,84.1
08,17,00,54,26.4,83.7
08,18,00,48,26.3,84.2
08,19,00,38,26.3,84.6
08,20,00,38,26.3,84.5
08,21,00,46,26.3,84.4
08,22,00,46,26.4,84.5
08,23,00,41,26.4,84.5
08,24,00,31,26.5,84.6
08,25,00,31,26.5,84.4
08,26,00,22,26.5,84
08,27,00,40,26.6,83.9
08,28,00,23,26.6,84
08,29,00,39,26.6,83.9
08,30,00,32,26.7,84
08,31,00,32,26.7,84.1
08,32,00,39,26.7,84
08,33,00,40,26.7,84.4
08,34,00,29,26.7,84
08,35,00,21,26.7,84.3
08,36,00,45,26.6,84.3
08,37,00,55,26.6,84.1
08,38,00,35,26.6,84.4
08,39,00,37,26.6,84.5
08,40,00,41,26.6,84.5
08,41,00,42,26.6,84.3
08,42,00,33,26.6,84.3
08,43,00,62,26.6,84.2
08,44,00,40,26.6,84.5
08,45,00,40,26.6,84.3
08,46,00,27,26.6,84.3
08,47,00,44,26.6,84.6
08,48,00,44,26.6,84.5
08,49,00,32,26.6,84.3
08,50,00,40,26.7,84.3
08,51,00,39,26.7,84.1
08,52,00,37,26.7,84.2
08,53,00,31,26.7,84
08,54,00,24,26.7,83.8
08,55,00,60,26.7,84
08,56,00,35,26.7,83.9
08,57,00,27,26.7,83.9
08,58,00,41,26.7,84
08,59,00,29,26.7,83.7
09,00,00,42,26.7,83.9
09,01,00,44,26.7,83.9
09,02,00,57,26.8,83.8
09,03,00,36,26.8,83.5
09,04,00,31,26.9,83.5
09,05,00,54,26.9,83.3
09,06,00,34,26.8,83.4
09,07,00,52,26.8,83.5
09,08,00,40,26.8,83.6
09,09,00,31,26.8,83.6
09,10,00,32,26.8,83.6
09,11,00,31,26.8,83.6
09,12,00,29,26.8,83.4
09,13,00,34,26.8,83.5
09,14,00,29,26.8,83.6
09,15,00,31,26.8,83.5
09,16,00,27,26.8,83.6
09,17,00,20,26.8,83.6
09,18,00,21,26.8,83.5
09,19,00,47,26.8,83.7
09,20,00,32,26.8,83.4
09,21,00,34,26.8,83.5
09,22,00,24,26.8,83.4
09,23,00,24,26.9,83.2
09,24,00,47,26.9,83.1
09,25,00,35,26.8,83.3
09,26,00,39,26.8,83.2
09,27,00,46,26.9,83.5
09,28,00,47,26.9,83.4
09,30,00,35,26.9,83.6
09,31,00,40,26.9,83.3
09,32,00,38,26.9,83.5
09,33,00,36,26.9,83.3
09,34,00,44,27,83.2
09,35,00,34,27,83.2
09,36,00,50,27,83.2
09,37,00,35,27,83.3
09,39,00,57,27,83.3
09,40,00,42,27,83.2
09,41,00,55,27.1,83.1
09,42,00,42,27.1,83.3
09,43,00,28,27.1,83.2
09,44,00,40,27.1,83.1
09,45,00,33,27,83.3
09,46,00,30,27.1,83
09,47,00,59,27,83.1
09,48,00,53,27,83.2
09,49,00,39,27.1,83.3
09,50,00,42,27.1,83.2
09,51,00,34,27.1,83.1
09,52,00,37,27.1,83.3
09,53,00,35,27.1,83.3
09,54,00,37,27.1,83.5
09,55,00,31,27.1,83.4
09,56,00,40,27.1,83.6
09,57,00,31,27.1,83.3
09,58,00,31,27.1,83.2
09,59,00,28,27.1,83.3
10,00,00,30,27.1,83.3
10,01,00,18,27.1,83.5
10,02,00,14,27.1,83.3
10,03,00,20,27.1,83.5
10,04,00,24,27.1,83.6
10,05,00,30,27,83.4
10,06,00,28,27.1,83.5
10,07,00,32,27.1,83.4
10,08,00,22,27.1,83.3
10,09,00,21,27.1,83.2
10,10,00,15,27.2,83.1
10,11,00,32,27.2,83
10,12,00,21,27.2,83
10,13,00,23,27.3,82.9
10,14,00,38,27.3,82.8
10,15,00,23,27.3,82.7
10,16,00,43,27.3,82.8
10,17,00,35,27.2,82.9
10,18,00,33,27.2,82.8
10,19,00,32,27.2,82.9
10,20,00,30,27.2,82.9
10,21,00,30,27.2,83
10,22,00,22,27.2,83
10,23,00,37,27.2,82.9
10,24,00,35,27.2,83
10,25,00,34,27.2,82.9
10,26,00,42,27.2,82.9
10,27,00,40,27.3,82.8
10,28,00,34,27.3,82.8
10,29,00,41,27.3,82.7
10,30,00,42,27.3,82.7
10,31,00,39,27.3,82.6
10,32,00,22,27.3,82.5
10,33,00,34,27.3,82.7
10,34,00,41,27.3,82.6
10,35,00,30,27.3,82.7
10,36,00,43,27.3,82.7
10,37,00,22,27.3,82.6
10,38,00,37,27.4,82.5
10,39,00,45,27.4,82.5
10,40,00,25,27.4,82.4
10,41,00,27,27.4,82.4
10,42,00,24,27.3,82.4
10,43,00,19,27.3,82.5
10,44,00,40,27.3,82.5
10,45,00,35,27.3,82.3
10,46,00,36,27.4,82.3
10,47,00,29,27.4,82.1
10,48,00,22,27.5,81.7
10,49,00,16,27.5,81.6
10,50,00,44,27.5,81.6
10,51,00,24,27.5,81.6
10,52,00,25,27.5,81.6
10,53,00,35,27.5,81.7
10,54,00,27,27.5,81.5
10,55,00,17,27.6,81.4
10,56,00,27,27.6,81.2
10,57,00,23,27.6,80.8
10,58,00,24,27.6,80.7
10,59,00,33,27.6,80.7
11,00,00,34,27.7,80.4
11,01,00,36,27.7,80.1
11,02,00,39,27.7,80.2
11,03,00,20,27.7,80
11,04,00,29,27.7,80.2
11,05,00,38,27.7,80.2
11,06,00,17,27.6,80.4
11,07,00,54,27.6,80.4
11,08,00,32,27.6,80.6
11,09,00,37,27.6,80.5
11,10,00,23,27.6,80.5
11,11,00,16,27.6,80.7
11,12,00,18,27.5,80.7
11,13,00,36,27.5,80.9
11,14,00,28,27.5,80.7
11,15,00,33,27.5,80.9
11,16,00,19,27.5,80.7
11,17,00,23,27.5,80.8
11,18,00,25,27.5,80.8
11,19,00,45,27.5,80.9
11,20,00,20,27.5,80.9
11,21,00,21,27.5,81.1
11,22,00,33,27.5,81
11,23,00,23,27.5,81
11,24,00,23,27.5,80.9
11,25,00,33,27.5,81
11,26,00,34,27.5,81
11,27,00,40,27.6,81
11,28,00,34,27.6,80.9
11,29,00,41,27.6,81
11,30,00,22,27.5,81.1
11,31,00,46,27.6,81
11,32,00,70,27.6,81.1
11,33,00,42,27.6,81.1
11,34,00,57,27.6,81.1
11,35,00,52,27.7,80.9
11,36,00,56,27.7,80.9
11,37,00,67,27.8,80.9
11,38,00,42,27.8,80.7
11,39,00,43,27.8,80.9
11,40,00,38,27.9,80.9
11,41,00,28,27.9,80.7
11,42,00,34,28,80.6
11,43,00,50,28,80.6
11,44,00,38,28,80.5
11,45,00,52,28,80.5
11,46,00,48,28,80.6
11,47,00,32,28,80.7
11,48,00,43,28,80.6
11,49,00,34,27.9,80.9
11,50,00,38,27.9,80.9
11,51,00,34,27.9,81
11,52,00,30,27.9,81
11,53,00,32,27.9,81
11,54,00,18,27.9,81
11,55,00,42,28,80.7
11,56,00,36,28,80.7
11,57,00,36,28,80.7
11,58,00,18,27.9,80.1
11,59,00,26,28,80.4
12,00,00,37,27.9,80.4
12,01,00,29,27.9,80.5
12,02,00,40,27.9,80.5
12,03,00,17,27.9,80.4
12,04,00,27,28,80.2
12,05,00,29,28,80.1
12,06,00,11,28,80
12,07,00,17,28,80.1
12,08,00,19,28,80.3
12,09,00,22,27.9,80.2
12,10,00,13,28,79.8
12,11,00,13,28.1,79.6
12,12,00,26,28.1,79.2
12,13,00,24,28.1,79
12,14,00,12,28.1,78.7
12,15,00,25,28.2,78.4
12,16,00,23,28.2,78.4
12,17,00,20,28.2,77.9
12,18,00,31,28.2,77.8
12,19,00,26,28.2,77.5
12,20,00,34,28.2,77.8
12,21,00,24,28.2,77.5
12,22,00,27,28.2,77.8
12,23,00,37,28.1,77.5
12,24,00,24,28.2,77.4
12,25,00,26,28.2,77.2
12,26,00,21,28.2,77.2
12,27,00,24,28.2,77.6
12,28,00,18,28.2,77.3
12,29,00,29,28.2,77.2
12,30,00,26,28.3,77.3
12,31,00,32,28.2,77.2
12,32,00,29,28.2,77.4
12,33,00,28,28.2,77.6
12,34,00,29,28.2,77.6
12,35,00,20,28.3,77.7
12,36,00,27,28.3,77.8
12,37,00,18,28.2,77.9
12,38,00,26,28.3,77.9
12,39,00,18,28.3,77.8
12,40,00,26,28.3,77.8
12,41,00,25,28.3,77.9
12,42,00,21,28.3,77.7
12,43,00,19,28.3,78
12,44,00,23,28.2,78.1
12,45,00,31,28.2,78.1
12,46,00,39,28.2,78.1
12,47,00,27,28.2,78.2
12,48,00,20,28.1,78.4
12,49,00,29,28.2,78.2
12,50,00,28,28.2,78
12,51,00,21,28.2,78
12,52,00,10,28.2,78
12,53,00,24,28.2,78.1
12,54,00,16,28.2,78.1
12,55,00,33,28.2,78.1
12,56,00,18,28.2,78.1
12,57,00,22,28.1,78.3
12,58,00,26,28.1,78.3
12,59,00,20,28.1,78.4
13,00,00,17,28.2,78.4
13,01,00,22,28.1,78.6
13,02,00,13,28,78.8
13,03,00,16,28,79
13,04,00,19,27.9,79.2
13,05,00,14,27.9,79.4
13,06,00,15,27.9,79.4
13,07,00,13,27.9,79.4
13,08,00,15,27.9,79.5
13,09,00,24,27.9,79.6
13,10,00,28,27.9,79.6
13,11,00,20,27.9,79.6
13,12,00,24,27.9,79.7
13,13,00,19,27.9,79.7
13,14,00,28,27.9,79.6
13,15,00,19,27.9,79.6
13,16,00,16,27.9,79.6
13,17,00,26,27.9,79.8
13,18,00,17,27.9,79.7
13,19,00,25,27.9,79.8
13,20,00,22,27.9,80
13,21,00,23,27.9,79.7
13,22,00,35,28,79.4
13,23,00,35,28,79.4
13,24,00,34,28,79.4
13,25,00,10,28,79.3
13,26,00,23,28,79.1
13,27,00,26,28,79.1
13,28,00,22,28,79.1
13,29,00,31,28,78.7
13,30,00,25,28,78.7
13,31,00,17,28,78.4
13,32,00,20,28,78.1
13,33,00,24,28,78.1
13,34,00,20,28,78
13,35,00,24,28,78.2
13,36,00,14,27.9,78.4
13,37,00,24,27.9,78.6
13,38,00,25,27.9,78.5
13,39,00,22,27.9,78.5
13,40,00,16,27.9,78.7
13,41,00,22,27.8,78.8
13,42,00,30,27.9,78.7
13,43,00,20,27.9,78.7
13,44,00,17,27.9,78.7
13,45,00,22,27.8,78.9
13,46,00,24,27.8,79
13,47,00,16,27.8,79.1
13,48,00,10,27.8,79.1
13,49,00,23,27.8,79.1
13,50,00,26,27.8,79.2
13,51,00,24,27.8,79.4
13,52,00,21,27.8,79.7
13,53,00,14,27.7,80
13,54,00,33,27.7,80.2
13,55,00,24,27.7,80.1
13,56,00,16,27.7,80.3
13,57,00,19,27.7,80.3
13,58,00,20,27.7,80.4
13,59,00,15,27.7,80.4
14,00,00,21,27.7,80.7
14,01,00,16,27.7,80.7
14,02,00,21,27.7,80.8
14,03,00,24,27.7,80.8
14,04,00,12,27.7,80.9
14,05,00,28,27.6,81.2
14,06,00,26,27.7,81
14,07,00,10,27.6,81.6
14,08,00,27,27.6,81.5
14,09,00,18,27.6,82.1
14,10,00,17,27.6,82.9
14,11,00,30,27.5,83.3
14,12,00,27,27.5,83
14,13,00,20,27.5,82.8
14,14,00,17,27.4,82.9
14,15,00,13,27.4,84.4
14,16,00,17,27.4,84.2
14,17,00,16,27.4,84.1
14,18,00,22,27.4,85
14,19,00,23,27.4,84.9
14,20,00,20,27.4,85.2
14,21,00,19,27.3,85.2
14,22,00,16,27.3,85.2
14,23,00,23,27.3,84.9
14,24,00,20,27.3,84.8
14,25,00,4,27.3,84.9
14,26,00,26,27.3,84.6
14,27,00,16,27.3,85.3
14,28,00,22,27.3,85.1
14,29,00,16,27.3,85.4
14,30,00,24,27.2,86.5
14,31,00,24,27.1,87
14,32,00,18,27,87.3
14,33,00,17,26.8,87.8
14,34,00,19,26.8,88.1
14,35,00,16,26.8,87.7
14,36,00,12,26.7,88
14,37,00,28,26.6,88.2
14,38,00,29,26.6,88.5
14,39,00,23,26.6,88.5
14,40,00,19,26.6,88.4
14,41,00,13,26.6,88.1
14,42,00,31,26.7,87.4
14,43,00,20,26.7,87
14,44,00,15,26.8,86.5
14,45,00,18,26.8,85.6
14,46,00,16,26.7,84.9
14,47,00,16,26.5,84.7
14,48,00,22,26.4,85.5
14,49,00,19,26.5,85.6
14,50,00,17,26.5,85.2
14,51,00,22,26.5,84.9
14,52,00,14,26.6,84.5
14,53,00,12,26.6,84.3
14,54,00,22,26.6,83.9
14,55,00,26,26.6,84
14,56,00,16,26.6,84
14,57,00,29,26.6,84
14,58,00,8,26.6,84
14,59,00,21,26.7,84.2
15,00,00,17,26.7,84.3
15,01,00,12,26.7,84.3
15,02,00,23,26.7,84.3
15,03,00,14,26.7,84.3
15,04,00,25,26.6,84.3
15,05,00,22,26.4,85.1
15,06,00,12,26.2,85.7
15,07,00,8,26.2,85.6
15,08,00,27,26.2,85.5
15,09,00,21,26.1,85.7
15,10,00,19,25.9,86.4
15,11,00,19,25.9,86.9
15,12,00,16,25.9,86.7
15,13,00,24,25.9,86.5
15,14,00,20,25.9,85.8
15,15,00,25,25.9,86.3
15,16,00,13,25.9,86.2
15,17,00,11,25.7,86.7
15,18,00,22,25.7,86.9
15,19,00,17,25.7,87
15,20,00,21,25.5,87.4
15,21,00,13,25.6,87.4
15,22,00,15,25.5,87.4
15,23,00,15,25.6,87.2
15,24,00,22,25.7,86.8
15,25,00,24,25.7,86.6
15,26,00,25,25.7,86.4
15,27,00,22,25.7,86.7
15,28,00,24,25.6,87
15,29,00,27,25.5,87.2
15,30,00,8,25.4,87.5
15,31,00,28,25.5,87.3
15,32,00,19,25.6,86.8
15,33,00,15,25.6,86.3
15,34,00,24,25.5,86.6
15,35,00,29,25.5,86.1
15,36,00,11,25.6,85.6
15,37,00,16,25.5,85.3
15,38,00,16,25.4,85.3
15,39,00,14,25.3,85.6
15,40,00,17,25.3,85.8
15,41,00,24,25.3,85.6
15,42,00,21,25.2,86
15,43,00,21,25.3,85.9
15,44,00,18,25.5,85.2
15,45,00,21,25.6,84.9
15,46,00,18,25.7,84.6
15,47,00,13,25.8,84.1
15,48,00,14,25.8,84
15,49,00,14,25.9,83.8
15,50,00,25,25.9,83.9
15,51,00,24,26,83.9
15,52,00,15,26.1,83.7
15,53,00,28,26.1,83.8
15,54,00,25,26,83.7
15,55,00,21,26,83.9
15,56,00,12,25.9,84
15,57,00,14,25.8,84.3
15,58,00,16,25.7,84.4
15,59,00,19,25.8,84.5
16,00,00,29,25.9,84.2
16,01,00,22,25.9,84
16,02,00,22,25.9,84
16,03,00,22,25.9,84.3
16,04,00,18,25.9,84.4
16,05,00,12,25.9,84.3
16,06,00,12,26,84.5
16,07,00,14,26,84.4
16,08,00,21,26.1,84.3
16,09,00,34,26.1,84.3
16,10,00,24,26.2,84.2
16,11,00,18,26.1,84.2
16,12,00,15,26.1,84.4
16,13,00,24,26.2,84.5
16,14,00,9,26.2,84.4
16,15,00,20,26.2,84.3
16,16,00,20,26.2,84.4
16,17,00,21,26.2,84.2
16,18,00,23,26.1,84.3
16,19,00,20,26.1,84.2
16,20,00,18,26.1,84.1
16,21,00,24,26.1,84.1
16,22,00,15,26.1,83.7
16,23,00,40,26.1,83.8
16,24,00,31,26.1,83.9
16,25,00,18,26.1,84
16,26,00,20,26.1,83.9
16,27,00,9,26.1,83.8
16,28,00,25,26.2,83.6
16,29,00,23,26.1,83.7
16,30,00,17,26,84
16,31,00,18,26,84.2
16,32,00,18,25.9,84.5
16,33,00,18,25.8,84.8
16,34,00,8,25.8,85
16,35,00,18,25.7,85.2
16,36,00,15,25.6,85.7
16,37,00,16,25.5,85.5
16,38,00,26,25.5,85.6
16,39,00,20,25.5,85.5
16,40,00,26,25.6,85.7
16,41,00,18,25.6,86
16,42,00,23,25.5,86.2
16,43,00,15,25.6,86.1
16,44,00,24,25.5,86.4
16,45,00,22,25.5,86.5
16,46,00,21,25.5,86.4
16,47,00,19,25.5,86.4
16,48,00,10,25.6,86.2
16,49,00,23,25.6,85.5
16,50,00,19,25.6,85.5
16,51,00,32,25.5,85.7
16,52,00,20,25.5,85.9
16,53,00,20,25.5,85.8
16,54,00,23,25.5,85.7
16,55,00,21,25.5,86.3
16,56,00,20,25.5,86.5
16,57,00,15,25.5,86.5
16,58,00,21,25.6,86.4
16,59,00,17,25.5,87.2
17,00,00,22,25.4,87.1
17,01,00,25,25.4,87.3
17,02,00,19,25.3,87.4
17,03,00,15,25.2,87.8
17,04,00,20,25.2,88.2
17,06,00,17,25.3,88.6
17,07,00,19,25.2,88.9
17,08,00,21,25.1,89
17,09,00,24,25.1,89.3
17,10,00,17,25.1,89.4
17,11,00,17,25,89.2
17,12,00,24,25,89.5
17,13,00,26,25,89.8
17,14,00,21,25,89.8
17,15,00,20,25.1,89.2
17,16,00,24,25.1,89.3
17,17,00,27,25.1,89.1
17,18,00,18,25,89.3
17,19,00,21,25,89.5
17,20,00,38,25,89.7
17,21,00,17,25.1,89.9
17,22,00,19,25.2,89.7
17,23,00,17,25.2,89.5
17,24,00,20,25.3,89.2
17,25,00,10,25.3,89.1
17,26,00,12,25.4,88.6
17,27,00,10,25.4,88.4
17,28,00,22,25.5,88.5
17,29,00,23,25.4,88.6
17,30,00,25,25.3,89
17,31,00,15,25.2,89.4
17,32,00,20,25.2,89.3
17,33,00,18,25.2,89.6
17,34,00,19,25.2,89.9
17,35,00,9,25.2,89.3
17,36,00,14,25.2,89.5
17,37,00,23,25.2,89.5
17,38,00,16,25.2,89.5
17,39,00,25,25.3,89.1
17,40,00,18,25.3,89
17,41,00,16,25.4,88.6
17,42,00,15,25.4,88.7
17,43,00,23,25.3,88.5
17,44,00,15,25.4,88.2
17,45,00,20,25.3,87.9
17,46,00,18,25.3,88.1
17,47,00,11,25.3,88.2
17,48,00,15,25.3,88.3
17,49,00,18,25.3,88.2
17,50,00,14,25.3,88.2
17,51,00,14,25.3,88.1
17,52,00,17,25.4,87.6
17,53,00,22,25.3,87.4
17,54,00,22,25.3,87.6
17,55,00,29,25.3,87.5
17,56,00,18,25.3,87.6
17,57,00,20,25.3,87.1
17,58,00,16,25.3,86.9
17,59,00,21,25.4,86.6
18,00,00,16,25.3,86.8
18,01,00,26,25.3,86.9
18,02,00,25,25.3,87.2
18,03,00,19,25.3,87.5
18,04,00,11,25.1,87.9
18,05,00,16,25.1,88.1
18,06,00,18,25.1,88
18,07,00,22,25.1,88
18,08,00,17,25.1,88.1
18,09,00,20,25.2,87.5
18,10,00,16,25.3,87.6
18,11,00,21,25.2,88.1
18,12,00,12,25.2,88.1
18,13,00,14,25.1,88.2
18,14,00,20,25.1,88.1
18,15,00,20,25.1,88.1
18,16,00,16,25.1,88.1
18,17,00,23,25.1,88.3
18,18,00,22,25.1,88.7
18,19,00,23,25,88.9
18,20,00,21,24.9,89.2
18,21,00,13,24.9,89.3
18,22,00,15,24.9,89.2
18,23,00,19,24.9,89
18,24,00,10,24.9,89.2
18,25,00,13,24.8,89.2
18,26,00,11,24.8,89.1
18,27,00,21,24.8,89.4
18,28,00,17,24.7,89.6
18,29,00,15,24.7,89.8
18,30,00,21,24.8,89.5
18,31,00,22,24.8,89.5
18,32,00,16,24.8,89.5
18,33,00,16,24.8,89.6
18,34,00,28,24.9,89.2
18,35,00,20,24.9,89.4
18,36,00,18,24.9,89.1
18,37,00,13,25,88.8
18,38,00,27,25,88.6
18,39,00,14,25.1,88.3
18,40,00,13,25.1,88.3
18,41,00,12,25.1,88.3
18,42,00,16,25.1,88.6
18,43,00,14,25,88.9
18,44,00,20,25,88.9
18,45,00,27,25.1,88.5
18,46,00,24,25.2,88.1
18,47,00,23,25.2,87.9
18,48,00,26,25.2,87.7
18,49,00,20,25.2,87.8
18,50,00,14,25.1,87.9
18,51,00,26,25.1,87.7
18,52,00,19,25.2,87.5
18,53,00,21,25.2,87.6
18,54,00,13,25.1,87.6
18,55,00,17,25,88.2
18,56,00,12,25,88.5
18,57,00,24,25.1,88.4
18,58,00,8,25.1,88
18,59,00,19,25.1,88.1
19,00,00,22,25.1,88.2
19,01,00,19,25.2,88.1
19,02,00,22,25.2,87.9
19,03,00,17,25.2,88.1
19,04,00,19,25.2,88.3
19,05,00,18,25.3,87.8
19,06,00,20,25.3,88.1
19,07,00,17,25.2,88.5
19,08,00,19,25.2,88.6
19,09,00,21,25.2,88.6
19,10,00,16,25.3,88.4
19,11,00,24,25.3,88.3
19,12,00,15,25.2,88.8
19,14,00,30,25,89.3
19,15,00,21,25,89.2
19,16,00,33,25,89.3
19,17,00,12,25,89.3
19,18,00,13,25,89.2
19,19,00,22,25.1,88.9
19,20,00,18,25.1,88.9
19,21,00,15,25.1,88.9
19,22,00,18,25.1,88.7
19,23,00,12,25.1,88.5
19,24,00,24,25.2,88.3
19,26,00,15,25.3,87.9
19,27,00,20,25.2,87.7
19,29,00,21,25.2,87.9
19,30,00,25,25.3,87.9
19,31,00,19,25.2,87.8
19,32,00,17,25.2,87.7
19,33,00,9,25.2,87.7
19,34,00,18,25.3,87.7
19,35,00,20,25.3,87.7
19,36,00,21,25.2,87.8
19,37,00,22,25.2,88
19,38,00,17,25.2,87.7
19,39,00,20,25.2,87.6
19,40,00,20,25.2,87.6
19,41,00,14,25.2,87.4
19,42,00,20,25.1,87.6
19,43,00,21,25.1,87.6
19,44,00,10,25.2,87.6
19,45,00,18,25.2,87.5
19,46,00,28,25.2,87.5
19,47,00,17,25.2,87.6
19,48,00,15,25.2,87.7
19,49,00,14,25.1,87.7
19,50,00,14,25.2,87.7
19,51,00,12,25.2,87.7
19,52,00,18,25.1,87.9
19,53,00,14,25.1,88
19,54,00,18,25.1,88.4
19,55,00,22,25,88.6
19,56,00,14,25,88.6
19,57,00,14,25,88.8
19,58,00,13,25,88.9
19,59,00,11,24.9,89.1
20,00,00,13,25,88.6
20,01,00,18,25.1,88.2
20,02,00,13,25.1,87.9
20,03,00,19,25.2,87.5
20,04,00,11,25.1,87.5
20,05,00,12,25.2,87.4
20,06,00,21,25.2,87.3
20,07,00,22,25.2,87.2
20,08,00,15,25.2,87.1
20,09,00,20,25.2,87.3
20,10,00,14,25.2,87.4
20,11,00,17,25.2,87.4
20,12,00,19,25.3,87.4
20,13,00,18,25.3,87.4
20,14,00,26,25.3,87.2
20,15,00,23,25.3,87.2
20,16,00,20,25.3,87.3
20,17,00,23,25.3,87.1
20,18,00,28,25.3,86.9
20,19,00,13,25.3,87
20,20,00,10,25.3,86.9
20,21,00,23,25.4,86.8
20,22,00,18,25.4,86.6
20,23,00,9,25.4,86.7
20,24,00,22,25.5,86.6
20,25,00,15,25.5,86.3
20,26,00,19,25.4,86.2
20,27,00,11,25.4,86.2
20,28,00,15,25.3,86.6
20,29,00,20,25.3,86.5
20,30,00,22,25.2,86.6
20,31,00,18,25.2,86.8
20,32,00,18,25.1,87.2
20,33,00,19,25.1,87.5
20,34,00,21,25.1,87.6
20,35,00,11,25,88
20,36,00,24,24.9,88.3
20,37,00,17,24.9,88.2
20,38,00,26,25.1,87.5
20,39,00,12,25.1,87.1
20,40,00,25,25.1,86.9
20,41,00,14,25.1,86.8
20,42,00,12,25.1,86.9
20,43,00,18,25.2,86.7
20,44,00,7,25.1,86.6
20,45,00,14,25.1,86.8
20,46,00,12,25.1,86.8
20,47,00,18,25.1,87
20,48,00,16,25.1,86.8
20,49,00,25,25.1,86.9
20,50,00,8,25.1,86.9
20,51,00,24,25.1,87
20,52,00,16,25.1,87
20,53,00,17,25.1,86.9
20,54,00,24,25.2,87
20,55,00,7,25.1,87.6
20,56,00,13,25,87.6
20,57,00,21,25,87.3
20,58,00,20,25.1,87.1
20,59,00,19,25.1,87.1
21,00,00,20,25.1,87.2
21,01,00,16,25.1,87.1
21,02,00,15,25.1,86.9
21,03,00,12,25.1,86.9
21,04,00,19,25.1,86.9
21,05,00,22,25.1,87
21,06,00,22,25.1,87.2
21,07,00,32,25.1,87.4
21,08,00,15,25,87.6
21,09,00,11,25,87.4
21,10,00,21,25,87.5
21,11,00,18,25,87.5
21,12,00,14,25,87.3
21,13,00,18,25,87.2
21,14,00,16,25,87.4
21,15,00,21,25,87.3
21,16,00,15,25,87.1
21,17,00,26,25,87.2
21,18,00,15,25,87.7
21,19,00,13,24.9,87.9
21,20,00,18,24.9,88.2
21,21,00,15,24.8,88.3
21,22,00,18,24.8,88.1
21,23,00,15,24.9,87.9
21,24,00,13,24.9,87.6
21,25,00,28,24.9,87.3
21,26,00,18,24.9,87.5
21,27,00,21,25,87.2
21,28,00,17,25,87.3
21,29,00,11,25,87.2
21,30,00,22,25,87.1
21,31,00,35,25,87.2
21,32,00,24,25,87.2
21,33,00,17,25,87.3
21,34,00,12,25.1,87
21,35,00,25,25.1,86.7
21,36,00,15,25.1,86.8
21,37,00,18,25,87.3
21,38,00,17,25,87.4
21,39,00,24,25,87.3
21,40,00,10,25,87.4
21,41,00,14,25,87.2
21,42,00,13,25,87
21,43,00,10,25,87.1
21,44,00,10,25,87
21,45,00,25,24.9,87.3
21,46,00,29,24.9,87.7
21,47,00,16,24.9,87.7
21,48,00,28,24.9,87.7
21,49,00,20,24.9,88.1
21,50,00,23,24.9,88.1
21,51,00,19,24.8,88.1
21,52,00,18,24.8,88.3
21,53,00,22,24.8,88.4
21,54,00,11,24.9,88.4
21,55,00,11,24.9,88.5
21,56,00,21,24.8,88.7
21,57,00,23,24.8,88.9
21,58,00,13,24.8,88.7
21,59,00,14,24.9,88.6
22,00,00,19,24.8,88.6
22,01,00,17,24.8,89
22,02,00,17,24.9,88.6
22,03,00,10,24.9,88.2
22,04,00,16,24.9,88.5
22,05,00,15,24.8,89
22,06,00,14,24.8,89.1
22,07,00,15,24.9,88.9
22,08,00,10,25,88.4
22,09,00,17,25.1,88
22,10,00,21,25,88
22,11,00,17,25,88
22,12,00,19,25,88.1
22,13,00,15,25,88.2
22,14,00,22,25,88.4
22,15,00,24,25,88.4
22,16,00,27,25,88.2
22,17,00,20,25,88.2
22,18,00,25,25,88.2
22,19,00,10,25,88.1
22,20,00,29,25,88.4
22,21,00,17,24.9,88.5
22,22,00,22,24.9,88.7
22,23,00,12,24.9,88.9
22,24,00,20,24.9,88.9
22,25,00,26,24.8,88.9
22,26,00,13,24.9,89
22,27,00,25,24.8,88.8
22,28,00,12,24.9,88.7
22,29,00,15,24.9,88.7
22,30,00,13,24.8,88.6
22,31,00,13,24.7,88.9
22,32,00,16,24.6,89.3
22,33,00,18,24.6,89.4
22,34,00,22,24.6,89.4
22,35,00,17,24.7,89.2
22,36,00,23,24.7,88.8
22,37,00,15,24.7,88.6
22,38,00,22,24.6,88.7
22,39,00,26,24.7,88.5
22,40,00,23,24.7,88.2
22,41,00,12,24.8,88
22,42,00,7,24.8,88.2
22,43,00,9,24.8,88.4
22,44,00,12,24.7,88.7
22,45,00,22,24.7,88.5
22,46,00,17,24.8,88
22,47,00,20,24.7,88
22,48,00,18,24.7,88.1
22,49,00,10,24.7,88.1
22,50,00,9,24.7,88.3
22,51,00,23,24.7,88.4
22,52,00,24,24.8,88.4
22,53,00,30,24.8,88.6
22,54,00,18,24.8,88.8
22,55,00,17,24.7,88.8
22,56,00,14,24.7,89.1
22,57,00,16,24.8,88.8
22,58,00,20,24.9,88.6
22,59,00,17,24.9,88.4
23,00,00,17,24.9,88.3
23,01,00,11,24.9,88.6
23,02,00,16,24.9,88.7
23,03,00,7,24.9,88.7
23,04,00,16,24.9,88.7
23,05,00,13,24.8,88.9
23,06,00,18,24.8,88.9
23,07,00,9,24.8,88.9
23,08,00,32,24.8,89.1
23,09,00,8,24.8,89.1
23,11,00,28,25.3,87.7
23,12,00,11,25.4,87
23,13,00,22,25.4,87.1
23,14,00,29,25.4,87.2
23,15,00,14,25.4,87.2
23,16,00,21,25.5,86.9
23,17,00,27,25.4,87.1
23,18,00,19,25.4,87.1
23,19,00,17,25.5,87
23,20,00,16,25.4,87.2
23,21,00,26,25.4,87.1
23,22,00,17,25.3,87.3
23,23,00,22,25.3,87.7
23,24,00,10,25.4,87.3
23,25,00,14,25.4,87.1
23,26,00,25,25.4,87
23,27,00,16,25.3,87.2
23,28,00,32,25.2,87.5
23,29,00,34,25.1,87.8
23,31,00,26,25.3,87.2
23,32,00,16,25.4,87.1
23,33,00,24,25.5,86.6
23,34,00,15,25.4,86.7
23,35,00,15,25.3,87.1
23,36,00,20,25.3,87.3
23,37,00,25,25.2,87.5
23,38,00,16,25.3,87.3
23,39,00,25,25.3,86.8
23,40,00,25,25.4,86.5
23,41,00,8,25.3,86.8
23,42,00,21,25.2,87.2
23,43,00,13,25.2,87.2
23,44,00,13,25.3,86.8
23,45,00,14,25.3,86.6
23,46,00,17,25.4,86.4
23,47,00,20,25.4,86.2
23,48,00,14,25.4,86.3
23,49,00,13,25.4,86.4
23,50,00,24,25.4,86.4
23,51,00,16,25.4,86.3
23,52,00,21,25.4,86.3
23,53,00,19,25.4,86.2
23,54,00,16,25.5,86.1
23,55,00,17,25.5,86.1
23,56,00,8,25.5,86.1
23,57,00,12,25.4,86.4
23,58,00,14,25.4,86.5
23,59,00,29,25.5,86.2
