00,00,00,14,25.4,85.7
00,01,00,21,25.4,85.6
00,02,00,18,25.4,85.8
00,03,00,13,25.3,85.8
00,04,00,13,25.3,85.9
00,05,00,21,25.3,85.9
00,06,00,16,25.4,85.8
00,07,00,13,25.4,85.9
00,08,00,25,25.4,85.8
00,09,00,19,25.4,85.7
00,10,00,18,25.5,85.5
00,11,00,11,25.5,85.5
00,12,00,15,25.5,85.4
00,13,00,14,25.5,85.3
00,14,00,18,25.5,85.4
00,15,00,30,25.6,85.1
00,16,00,31,25.6,84.9
00,17,00,14,25.5,84.9
00,18,00,9,25.5,85
00,19,00,24,25.4,85.2
00,20,00,12,25.4,85.3
00,21,00,17,25.4,85.2
00,22,00,21,25.4,85.2
00,23,00,12,25.4,85.3
00,24,00,21,25.4,85.4
00,25,00,20,25.3,85.3
00,26,00,16,25.3,85.4
00,27,00,12,25.3,85.6
00,28,00,24,25.3,85.6
00,29,00,16,25.3,85.7
00,30,00,22,25.3,85.5
00,31,00,14,25.4,85.4
00,32,00,20,25.4,85.2
00,33,00,13,25.5,85
00,34,00,18,25.5,84.9
00,35,00,9,25.5,84.6
00,36,00,21,25.5,84.5
00,37,00,14,25.5,84.5
00,38,00,24,25.5,84.7
00,39,00,18,25.5,84.6
00,40,00,25,25.4,84.8
00,41,00,13,25.4,84.9
00,42,00,25,25.3,85
00,43,00,32,25.3,85.1
00,44,00,19,25.3,85.1
00,45,00,8,25.3,85.2
00,46,00,19,25.3,85.2
00,47,00,12,25.3,85.3
00,48,00,19,25.3,85.1
00,49,00,12,25.3,85.1
00,50,00,27,25.3,85.3
00,51,00,17,25.4,85.1
00,52,00,31,25.5,84.7
00,53,00,6,25.4,84.5
00,54,00,15,25.4,84.5
00,55,00,13,25.4,84.8
00,56,00,14,25.3,84.9
00,57,00,14,25.3,85.1
00,58,00,26,25.3,85.2
00,59,00,9,25.3,85.2
01,00,00,21,25.3,85.3
01,01,00,13,25.3,85.3
01,02,00,13,25.3,85.1
01,03,00,21,25.3,84.8
01,04,00,9,25.3,84.9
01,05,00,28,25.3,85
01,06,00,15,25.4,85
01,07,00,26,25.4,84.8
01,08,00,14,25.4,84.6
01,09,00,12,25.4,84.6
01,10,00,15,25.5,84.2
01,11,00,25,25.5,84
01,12,00,11,25.5,84.2
01,13,00,12,25.5,84.2
01,14,00,20,25.5,84.2
01,15,00,17,25.5,84.1
01,16,00,20,25.4,84.2
01,17,00,36,25.4,84.3
01,18,00,16,25.4,84.3
01,19,00,17,25.4,84.2
01,20,00,20,25.3,84.4
01,21,00,5,25.3,84.7
01,22,00,16,25.4,84.7
01,23,00,11,25.4,84.4
01,24,00,16,25.4,84.2
01,25,00,20,25.4,84.2
01,26,00,20,25.4,84.3
01,27,00,17,25.4,84.3
01,28,00,14,25.5,84.1
01,29,00,17,25.4,84
01,30,00,13,25.4,84.1
01,31,00,19,25.4,84.3
01,32,00,19,25.4,84.3
01,33,00,10,25.4,84.1
01,34,00,18,25.4,84.3
01,35,00,23,25.3,84.4
01,36,00,20,25.3,84.5
01,37,00,20,25.4,84.5
01,38,00,25,25.4,84.3
01,39,00,22,25.4,84.1
01,40,00,26,25.5,83.9
01,41,00,20,25.5,83.9
01,42,00,20,25.5,83.8
01,43,00,17,25.5,83.8
01,44,00,17,25.5,83.8
01,45,00,21,25.5,84.1
01,46,00,28,25.5,83.8
01,47,00,30,25.4,83.9
01,48,00,12,25.4,84.2
01,49,00,25,25.3,84
01,50,00,24,25.3,84.3
01,51,00,15,25.2,84.4
01,52,00,13,25.2,84.5
01,53,00,19,25.3,84.3
01,54,00,36,25.3,84.1
01,55,00,14,25.2,84.2
01,56,00,18,25.2,84.6
01,57,00,14,25.2,84.6
01,58,00,32,25.2,84.7
01,59,00,26,25.2,84.6
02,00,00,25,25.2,84.3
02,01,00,27,25.2,84.4
02,02,00,12,25.2,84.2
02,03,00,14,25.2,84.3
02,04,00,18,25.1,84.5
02,05,00,19,25.1,84.6
02,06,00,14,25.1,84.2
02,07,00,25,25.1,84.5
02,08,00,27,25.1,84.6
02,09,00,17,25.1,84.6
02,10,00,13,25.1,84.6
02,11,00,13,25.1,84.5
02,12,00,18,25.1,84.4
02,13,00,12,25.2,84.3
02,14,00,23,25.2,84.3
02,16,00,16,25,84.9
02,17,00,19,25.1,84.7
02,18,00,35,25.1,84.5
02,19,00,20,25.1,84.6
02,20,00,20,25.1,84.5
02,21,00,20,25.2,84.2
02,22,00,11,25.2,84.2
02,23,00,22,25.2,84.4
02,24,00,13,25.2,84.3
02,25,00,23,25.2,84.4
02,26,00,26,25.2,84.4
02,27,00,28,25.2,84.3
02,28,00,18,25.2,84.3
02,29,00,18,25.3,84
02,30,00,23,25.3,83.8
02,31,00,14,25.2,84
02,32,00,24,25.2,84.2
02,33,00,11,25.1,84.4
02,34,00,15,25.1,84.5
02,35,00,21,25.2,84.4
02,36,00,18,25.2,84
02,37,00,21,25.2,84.1
02,38,00,13,25.1,84.1
02,39,00,8,25.2,83.8
02,40,00,10,25.2,83.8
02,41,00,22,25.2,83.7
02,42,00,14,25.2,83.9
02,43,00,12,25.2,84.2
02,44,00,26,25.2,83.7
02,45,00,11,25.2,83.5
02,46,00,12,25.1,84.1
02,47,00,25,25.1,83.9
02,48,00,21,25.1,83.9
02,49,00,20,25.1,83.8
02,50,00,18,25.1,83.8
02,51,00,20,25.1,83.6
02,52,00,17,25.1,83.8
02,53,00,22,25.1,83.4
02,54,00,18,25.1,83.5
02,55,00,12,25.1,83.5
02,56,00,18,25.1,83.7
02,57,00,20,25.1,83.8
02,58,00,16,25,83.9
02,59,00,13,25.1,84.1
03,00,00,20,25.1,84.1
03,01,00,18,25.1,83.9
03,02,00,21,25.1,83.9
03,03,00,17,25.2,83.9
03,04,00,21,25.3,83.3
03,05,00,23,25.3,83.2
03,06,00,23,25.3,83.1
03,07,00,10,25.2,83.1
03,08,00,19,25.2,83.2
03,09,00,22,25.1,83.5
03,10,00,16,25.1,83.6
03,11,00,11,25.2,83.5
03,12,00,19,25.3,83.1
03,13,00,28,25.3,82.9
03,14,00,17,25.3,83.2
03,15,00,11,25.3,83.1
03,16,00,22,25.4,82.7
03,17,00,29,25.4,82.8
03,18,00,28,25.4,82.2
03,19,00,15,25.4,82.3
03,20,00,19,25.3,82.5
03,21,00,24,25.4,82.3
03,22,00,19,25.4,81.8
03,23,00,17,25.3,82.2
03,24,00,17,25.2,82.5
03,25,00,14,25.2,83
03,26,00,17,25.2,82.9
03,27,00,21,25.2,82.5
03,28,00,17,25.2,82.5
03,29,00,11,25.1,83
03,30,00,16,25.1,83
03,31,00,16,25.2,82.6
03,32,00,14,25.2,82.6
03,33,00,20,25.2,82.6
03,34,00,18,25.2,82.8
03,35,00,13,25.3,82.6
03,36,00,13,25.2,82.8
03,37,00,30,25.2,83
03,38,00,16,25.2,82.7
03,39,00,28,25.2,82.6
03,40,00,11,25.1,82.9
03,41,00,22,25.1,83
03,42,00,20,25.2,82.9
03,43,00,19,25.1,82.7
03,44,00,19,25.1,83
03,45,00,13,25.1,83
03,46,00,12,25.2,82.9
03,47,00,16,25.2,82.9
03,49,00,14,25.3,82.3
03,50,00,21,25.4,82
03,51,00,19,25.3,81.7
03,52,00,21,25.2,82.2
03,53,00,17,25.2,82.1
03,54,00,18,25.2,82
03,55,00,28,25.2,82.4
03,56,00,18,25.3,82.2
03,57,00,22,25.3,81.7
03,58,00,23,25.2,82.2
03,59,00,23,25.1,82
04,00,00,18,25.1,82.5
04,01,00,15,25.2,82.5
04,02,00,36,25.2,82.1
04,03,00,10,25.2,82.3
04,04,00,11,25.1,82.4
04,05,00,21,25.2,81.8
04,06,00,17,25.1,82.3
04,07,00,18,25.1,82.5
04,08,00,15,25,82.5
04,09,00,13,25,82.7
04,10,00,14,25,82.8
04,11,00,14,25.1,82.7
04,12,00,32,25.1,82.4
04,13,00,12,25.1,82.6
04,14,00,24,25,82.5
04,15,00,19,25.1,82.4
04,16,00,13,25.1,81.9
04,17,00,12,25,82.2
04,18,00,13,25,82.1
04,19,00,21,25,82.5
04,20,00,18,25,82.6
04,21,00,9,25,82.2
04,22,00,14,25,82.4
04,23,00,19,25,82.7
04,24,00,29,25.1,82.3
04,25,00,25,25.1,82
04,26,00,15,25,82.1
04,27,00,21,25,82.4
04,28,00,19,25,82.4
04,29,00,16,25,82.5
04,30,00,23,25,82.7
04,31,00,14,25.1,82.6
04,32,00,14,25.1,82.1
04,33,00,19,25.2,82.2
04,34,00,20,25.2,82
04,35,00,13,25.2,82.1
04,36,00,17,25.1,81.9
04,37,00,18,25,82.2
04,38,00,23,25,82.3
04,39,00,17,25,82.4
04,40,00,21,25,82.4
04,41,00,19,25,82.4
04,42,00,23,25.1,82.2
04,43,00,15,25.1,81.8
04,44,00,21,25.1,81.7
04,45,00,13,25.2,81.6
04,46,00,14,25.2,81.6
04,47,00,18,25.2,81.6
04,48,00,20,25.2,81.9
04,49,00,18,25.2,81.7
04,50,00,10,25.2,81.7
04,51,00,15,25.3,81.7
04,52,00,13,25.3,81.4
04,53,00,27,25.2,81.8
04,54,00,21,25.2,81.9
04,55,00,19,25.2,81.9
04,56,00,9,25.2,81.6
04,57,00,13,25.2,81.5
04,58,00,20,25.2,81.6
04,59,00,18,25.1,81.5
05,00,00,5,25.2,81.5
05,01,00,8,25.2,81.6
05,02,00,22,25.2,81.4
05,03,00,18,25.2,81.3
05,04,00,14,25.2,81.4
05,05,00,20,25.1,81.6
05,06,00,19,25.1,81.3
05,07,00,17,25.1,81.4
05,08,00,16,25.1,81.5
05,09,00,22,25,81.4
05,10,00,19,25,81.3
05,11,00,16,25.1,81.3
05,12,00,18,25.1,81.2
05,13,00,21,25.1,81.2
05,14,00,33,25.1,81.3
05,15,00,19,25.1,81.2
05,16,00,15,25.1,81.1
05,17,00,19,25.1,81.1
05,18,00,14,25,81.1
05,19,00,12,25,81.1
05,20,00,21,25,81.3
05,21,00,25,25,81.1
05,22,00,16,25,81.2
05,23,00,26,25,81.2
05,24,00,9,24.9,81.3
05,25,00,22,24.9,81.1
05,26,00,12,24.9,81.2
05,27,00,14,24.9,81.5
05,28,00,19,25,81.5
05,29,00,17,24.9,81.4
05,30,00,20,24.9,81.4
05,31,00,19,24.9,81.5
05,32,00,14,24.9,81.5
05,33,00,17,24.9,81.3
05,34,00,21,24.9,81.3
05,35,00,14,25,81.3
05,36,00,18,25,81.2
05,37,00,14,25,81.1
05,38,00,12,25,81
05,39,00,15,24.9,81
05,40,00,10,24.9,80.9
05,41,00,15,24.9,81
05,42,00,24,24.9,80.9
05,43,00,22,24.8,81.2
05,44,00,23,24.9,81.2
05,45,00,20,25,80.8
05,46,00,23,25,80.7
05,47,00,14,25,81
05,48,00,16,25,81
05,49,00,19,24.8,81.1
05,50,00,21,24.5,81.5
05,51,00,16,24.4,81.7
05,52,00,18,24.4,81.8
05,53,00,18,24.4,82.2
05,54,00,14,24.5,82
05,55,00,26,24.5,82.4
05,56,00,11,24.5,82.1
05,57,00,21,24.5,82
05,58,00,16,24.6,82
05,59,00,21,24.6,82
06,00,00,18,24.4,82.7
06,01,00,18,24.4,82.9
06,02,00,17,24.5,82.5
06,03,00,23,24.5,82.4
06,04,00,13,24.5,82.6
06,05,00,16,24.4,82.6
06,06,00,22,24.2,83.3
06,07,00,17,24.2,83.7
06,08,00,15,24.3,83.4
06,09,00,7,24.3,83.3
06,10,00,26,24.1,83.7
06,11,00,25,24.2,83.9
06,12,00,18,24.3,83.3
06,13,00,22,24.3,83.2
06,14,00,18,24.4,82.9
06,15,00,10,24.5,82.1
06,16,00,20,24.4,81.5
06,17,00,18,24.5,81.3
06,18,00,26,24.6,81
06,19,00,21,24.6,80.9
06,20,00,26,24.6,80.7
06,21,00,23,24.7,80.4
06,22,00,21,24.7,80.4
06,23,00,16,24.7,80.5
06,24,00,32,24.7,80.4
06,25,00,23,24.8,79.9
06,26,00,22,24.8,79.9
06,27,00,20,24.8,79.7
06,28,00,20,24.9,79.4
06,29,00,23,24.9,79.6
06,30,00,20,24.9,79.3
06,31,00,11,25,79.5
06,32,00,18,24.9,79.6
06,33,00,19,24.9,79.7
06,34,00,11,25,79.8
06,35,00,23,25,80.2
06,36,00,26,25,80.1
06,37,00,18,25,79.9
06,38,00,12,24.9,79.8
06,39,00,22,25,79.7
06,40,00,21,24.9,79.8
06,41,00,25,24.9,80
06,42,00,21,25,80
06,43,00,13,25,80.2
06,44,00,35,25,80
06,45,00,23,25.1,79.5
06,46,00,16,25.1,79.3
06,47,00,24,25,79.7
06,48,00,15,25.1,79.1
06,49,00,17,25.1,79.3
06,50,00,31,25.1,79.6
06,51,00,14,25.1,79.6
06,52,00,6,25.1,79.8
06,53,00,16,25.1,79.9
06,54,00,11,25.1,79.8
06,55,00,21,25.1,79.8
06,56,00,14,25.1,80.1
06,57,00,26,25.1,80.2
06,58,00,16,25.1,80.3
06,59,00,14,25.1,80.4
07,00,00,24,25.1,80.4
07,01,00,16,25.1,80.3
07,02,00,18,25.1,80.5
07,03,00,21,25.1,80.4
07,04,00,13,25.2,80.3
07,05,00,17,25.2,80.5
07,06,00,17,25.2,80.7
07,07,00,18,25.2,80.6
07,08,00,22,25.2,80.6
07,09,00,20,25.2,80.4
07,10,00,22,25.2,80.5
07,11,00,25,25.2,80.2
07,12,00,20,25.2,80.5
07,13,00,20,25.3,80.3
07,14,00,21,25.3,80.4
07,15,00,16,25.3,80.2
07,17,00,22,25.2,80.8
07,18,00,23,25.2,80.8
07,19,00,14,25.3,80.6
07,20,00,22,25.3,80.5
07,22,00,16,25.3,80.6
07,23,00,18,25.3,80.4
07,24,00,9,25.3,80.4
07,25,00,21,25.4,80.1
07,26,00,17,25.3,80.2
07,27,00,29,25.3,80.5
07,28,00,20,25.3,80.6
07,29,00,13,25.4,80.4
07,30,00,17,25.3,80.4
07,31,00,19,25.3,80.6
07,32,00,17,25.3,80.5
07,33,00,13,25.3,80.7
07,34,00,24,25.3,80.7
07,35,00,18,25.4,80.5
07,36,00,24,25.3,80.5
07,37,00,19,25.4,80.5
07,38,00,15,25.4,80.6
07,39,00,21,25.4,80.4
07,40,00,15,25.4,80.4
07,41,00,15,25.4,80.9
07,42,00,11,25.3,81.1
07,43,00,31,25.3,81.1
07,44,00,7,25.3,81.1
07,45,00,26,25.4,80.9
07,46,00,19,25.4,81.1
07,47,00,20,25.4,81
07,48,00,21,25.4,81
07,49,00,31,25.4,81
07,50,00,20,25.4,80.7
07,51,00,24,25.4,81
07,52,00,20,25.4,80.9
07,53,00,22,25.4,80.9
07,54,00,31,25.4,80.9
07,55,00,22,25.4,81.1
07,56,00,14,25.5,80.8
07,57,00,19,25.5,80.9
07,58,00,17,25.5,80.8
07,59,00,9,25.5,80.9
08,00,00,18,25.4,81.1
08,01,00,24,25.4,81.1
08,02,00,11,25.5,81
08,03,00,20,25.4,81.2
08,04,00,22,25.4,81.3
08,05,00,34,25.4,81.4
08,06,00,27,25.3,81.4
08,07,00,19,25.3,81.6
08,08,00,27,25.3,81.7
08,09,00,29,25.3,81.8
08,10,00,19,25.3,81.9
08,11,00,13,25.3,81.9
08,12,00,18,25.3,81.9
08,13,00,20,25.3,81.8
08,14,00,22,25.3,81.9
08,15,00,26,25.3,82.1
08,16,00,16,25.3,82
08,17,00,22,25.3,82.2
08,18,00,18,25.3,82.2
08,19,00,17,25.3,82.2
08,20,00,19,25.3,82.3
08,21,00,19,25.4,82.1
08,22,00,14,25.3,82.3
08,23,00,6,25.3,82.3
08,24,00,26,25.4,82.4
08,25,00,24,25.4,82.4
08,26,00,21,25.4,82.3
08,27,00,21,25.4,82.2
08,28,00,15,25.5,82.2
08,29,00,27,25.5,82.3
08,30,00,27,25.5,82.4
08,31,00,26,25.5,82.5
08,32,00,30,25.5,82.5
08,33,00,23,25.5,82.4
08,34,00,15,25.5,82.2
08,35,00,13,25.5,82.5
08,36,00,18,25.5,82.6
08,37,00,20,25.5,82.5
08,38,00,26,25.6,82.3
08,39,00,18,25.6,82.2
08,40,00,23,25.5,82.4
08,41,00,26,25.6,82.4
08,42,00,12,25.6,82.3
08,43,00,19,25.6,82.5
08,44,00,10,25.6,82.3
08,45,00,21,25.6,82.2
08,46,00,18,25.6,82.3
08,47,00,16,25.6,82.4
08,48,00,24,25.7,82.3
08,49,00,23,25.7,82.4
08,50,00,26,25.7,82.3
08,51,00,34,25.7,82.4
08,52,00,26,25.7,82.2
08,54,00,32,25.7,82.2
08,55,00,14,25.7,82.2
08,56,00,22,25.7,82.2
08,57,00,22,25.7,82.1
08,58,00,33,25.7,82.1
08,59,00,15,25.7,82.1
09,00,00,29,25.7,82.4
09,01,00,32,25.7,82.4
09,02,00,32,25.7,82.2
09,03,00,25,25.7,82.2
09,04,00,17,25.7,82.2
09,05,00,27,25.7,82.1
09,06,00,15,25.7,82.2
09,07,00,29,25.8,82.2
09,08,00,15,25.8,82.2
09,09,00,22,25.8,82.1
09,10,00,20,25.8,82
09,11,00,20,25.8,82.1
09,12,00,21,25.8,82.2
09,13,00,17,25.8,81.8
09,14,00,24,25.8,81.8
09,15,00,17,25.8,81.5
09,16,00,28,25.9,81.1
09,17,00,21,25.9,80.9
09,18,00,27,25.8,80.6
09,19,00,40,25.9,80.4
09,20,00,13,25.9,80.8
09,21,00,25,25.9,80.7
09,22,00,23,25.8,80.5
09,23,00,18,25.8,80.6
09,24,00,11,25.8,80.5
09,25,00,17,25.9,80.5
09,26,00,27,25.9,80.5
09,27,00,37,25.9,80.6
09,28,00,32,25.9,80.5
09,29,00,23,25.9,79.8
09,30,00,15,25.9,80.1
09,31,00,33,25.9,80
09,32,00,23,25.9,80
09,33,00,16,25.9,79.5
09,34,00,25,25.9,79.3
09,35,00,28,26,79
09,36,00,18,26,78.8
09,37,00,22,26,78.8
09,38,00,26,26,78.9
09,39,00,24,26,78.5
09,40,00,20,26,78.6
09,41,00,24,26,78.7
09,42,00,17,26.1,78.4
09,43,00,9,26.1,78.2
09,44,00,9,26,78
09,45,00,18,26.1,77.8
09,46,00,40,26.1,77.9
09,47,00,25,26.1,77.8
09,48,00,23,26.1,77.8
09,49,00,25,26.1,77.9
09,50,00,40,26.1,77.9
09,51,00,29,26.1,78.3
09,52,00,45,26.1,78.2
09,53,00,22,26.1,78.2
09,54,00,28,26.1,78.3
09,55,00,22,26.1,77.9
09,56,00,28,26.1,77.9
09,57,00,26,26.2,78.1
09,58,00,30,26.2,77.7
09,59,00,23,26.2,77.7
10,00,00,27,26.2,77.7
10,01,00,48,26.2,78
10,02,00,16,26.2,78
10,03,00,33,26.2,78
10,04,00,19,26.2,78.1
10,05,00,29,26.3,78
10,06,00,13,26.2,78.1
10,07,00,22,26.2,78.2
10,08,00,17,26.2,78.4
10,09,00,33,26.2,78.5
10,10,00,26,26.2,78.5
10,11,00,24,26.3,78.4
10,12,00,25,26.3,78.5
10,13,00,29,26.3,78.7
10,14,00,26,26.3,78.7
10,15,00,36,26.3,78.5
10,16,00,29,26.3,78.5
10,17,00,31,26.3,78.6
10,18,00,17,26.3,78.7
10,19,00,25,26.3,78.5
10,20,00,29,26.3,78.4
10,21,00,26,26.3,78.6
10,22,00,15,26.3,78.6
10,23,00,35,26.3,78.5
10,24,00,29,26.4,78.5
10,25,00,20,26.4,78.6
10,26,00,29,26.4,78.7
10,27,00,25,26.4,79
10,28,00,19,26.4,78.8
10,29,00,13,26.4,78.8
10,30,00,21,26.4,78.6
10,31,00,29,26.4,78.7
10,32,00,18,26.4,78.9
10,33,00,13,26.4,78.4
10,34,00,16,26.4,78.4
10,35,00,16,26.4,78.4
10,36,00,26,26.4,78.2
10,37,00,25,26.4,78
10,38,00,24,26.4,77.8
10,39,00,28,26.4,78.1
10,40,00,22,26.4,77.8
10,41,00,24,26.4,77.3
10,42,00,33,26.4,78
10,43,00,27,26.4,77.3
10,44,00,36,26.5,77.4
10,45,00,33,26.5,77.4
10,46,00,27,26.5,76.8
10,47,00,21,26.5,76.4
10,48,00,22,26.6,75.8
10,49,00,23,26.6,75.7
10,50,00,8,26.6,75.9
10,51,00,21,26.6,75.7
10,52,00,43,26.6,75.6
10,53,00,28,26.6,75.4
10,54,00,14,26.6,75
10,55,00,20,26.6,74.9
10,56,00,32,26.6,75.2
10,57,00,25,26.6,74.3
10,58,00,29,26.6,75
10,59,00,26,26.6,74.8
11,00,00,21,26.6,75.2
11,01,00,16,26.6,75.3
11,02,00,24,26.6,75.6
11,03,00,13,26.6,75.8
11,04,00,24,26.6,75.7
11,05,00,17,26.6,75.9
11,06,00,22,26.6,75.9
11,07,00,30,26.6,76
11,08,00,27,26.6,75.9
11,09,00,35,26.6,76.1
11,10,00,31,26.6,76.5
11,11,00,29,26.6,76.3
11,12,00,34,26.6,76
11,13,00,24,26.6,76
11,14,00,36,26.6,76
11,15,00,22,26.6,76.1
11,16,00,21,26.6,75.8
11,17,00,31,26.7,75.9
11,18,00,42,26.7,75.8
11,19,00,35,26.7,75.6
11,20,00,20,26.7,75.5
11,21,00,25,26.7,75.8
11,22,00,16,26.7,75.4
11,23,00,21,26.8,75.3
11,24,00,19,26.8,75.3
11,25,00,13,26.8,74.9
11,26,00,32,26.8,75
11,27,00,20,26.8,74.3
11,28,00,29,26.8,74.6
11,29,00,33,26.8,74.3
11,30,00,40,26.8,74.4
11,31,00,13,26.8,74
11,32,00,21,26.9,74.2
11,33,00,24,26.9,73.7
11,34,00,42,26.9,73.7
11,35,00,31,26.9,74.3
11,36,00,22,26.9,74.1
11,37,00,27,26.8,73.8
11,38,00,23,26.8,73.9
11,39,00,31,26.8,74
11,40,00,38,26.9,73.9
11,41,00,37,26.9,73.9
11,42,00,21,27,73.4
11,43,00,33,27,73.6
11,44,00,29,26.9,73.6
11,45,00,34,27,73.4
11,46,00,17,27,73.4
11,47,00,17,27,73.8
11,48,00,25,27,73.5
11,49,00,24,27,73.8
11,50,00,29,27,73.5
11,51,00,23,27,73.6
11,52,00,28,27,73.3
11,53,00,27,27,73.4
11,54,00,21,27,73.6
11,55,00,34,27,73.3
11,56,00,20,27,73.6
11,57,00,32,27,73.6
11,58,00,26,27.1,73.4
11,59,00,14,27.1,73.1
12,00,00,12,27.1,73.1
12,01,00,17,27.1,72.8
12,02,00,18,27.1,73.2
12,03,00,21,27.1,73
12,04,00,19,27.1,72.7
12,05,00,36,27.1,72.9
12,06,00,20,27.1,72.9
12,07,00,19,27.1,72.6
12,08,00,21,27.1,72.7
12,09,00,13,27.1,72.8
12,10,00,33,27.1,72.3
12,11,00,19,27.1,72.7
12,12,00,11,27.1,72.9
12,13,00,15,27.1,72.6
12,14,00,18,27.1,72.9
12,15,00,15,27.1,72.4
12,16,00,25,27.1,72.7
12,17,00,26,27,73.2
12,18,00,29,27,73.1
12,19,00,11,27,72.6
12,20,00,21,27.1,72.8
12,21,00,22,27.1,72.9
12,22,00,26,27.1,72.8
12,23,00,24,27.1,72.9
12,24,00,21,27.1,72.7
12,25,00,17,27.1,73.1
12,26,00,14,27.1,72.8
12,27,00,21,27.1,73.3
12,28,00,30,27.1,73.2
12,29,00,21,27.1,73.1
12,30,00,21,27.1,73
12,31,00,23,27.1,73.1
12,32,00,25,27.1,73.1
12,33,00,22,27.1,73.2
12,34,00,16,27.1,73.1
12,35,00,13,27.1,72.9
12,36,00,24,27.1,72.9
12,37,00,23,27.2,72.6
12,38,00,19,27.2,72.4
12,39,00,19,27.2,72.8
12,40,00,23,27.2,72.5
12,41,00,24,27.3,72.6
12,42,00,22,27.3,72.9
12,43,00,17,27.3,72.3
12,44,00,10,27.3,72
12,45,00,21,27.3,71.7
12,46,00,17,27.3,71.8
12,47,00,17,27.3,71.6
12,48,00,24,27.3,71.6
12,49,00,14,27.3,71.7
12,50,00,18,27.3,71.2
12,51,00,15,27.3,71.5
12,52,00,21,27.2,71.4
12,53,00,21,27.3,71.8
12,54,00,16,27.3,71.6
12,55,00,18,27.3,71.3
12,56,00,20,27.3,71.5
12,57,00,10,27.4,71.1
12,58,00,14,27.4,71.1
12,59,00,14,27.4,71.1
13,00,00,26,27.4,70.5
13,01,00,27,27.4,70.9
13,02,00,30,27.4,70.9
13,03,00,10,27.4,70.7
13,04,00,38,27.4,71
13,05,00,21,27.4,70.8
13,06,00,22,27.4,70.6
13,07,00,8,27.3,70.8
13,08,00,17,27.3,71
13,09,00,15,27.3,71.1
13,10,00,13,27.3,71
13,11,00,23,27.3,71.3
13,12,00,20,27.3,71.3
13,13,00,23,27.4,70.8
13,14,00,17,27.4,71
13,15,00,21,27.4,71
13,16,00,21,27.3,71.4
13,17,00,21,27.3,71.4
13,18,00,22,27.3,71.5
13,19,00,18,27.4,71.4
13,20,00,10,27.4,71.4
13,21,00,13,27.3,71.5
13,22,00,17,27.3,71.6
13,23,00,21,27.3,71.7
13,24,00,19,27.3,71.8
13,25,00,18,27.3,71.7
13,26,00,18,27.3,71.7
13,27,00,16,27.3,72.1
13,28,00,26,27.3,71.9
13,29,00,14,27.3,72.3
13,30,00,24,27.3,72.2
13,31,00,18,27.3,72.3
13,32,00,15,27.3,72.4
13,33,00,14,27.3,72.4
13,34,00,18,27.4,72.2
13,35,00,20,27.4,72.1
13,36,00,12,27.4,72.2
13,37,00,13,27.4,72.3
13,38,00,22,27.3,72.5
13,39,00,27,27.3,72.5
13,40,00,14,27.3,72.5
13,41,00,11,27.3,72.4
13,42,00,23,27.4,72.6
13,43,00,9,27.3,72.7
13,44,00,22,27.3,72.5
13,45,00,31,27.3,72.7
13,46,00,11,27.3,72.5
13,47,00,18,27.3,72.6
13,48,00,23,27.3,72.6
13,49,00,23,27.3,72.7
13,50,00,15,27.3,72.4
13,51,00,23,27.3,72.4
13,52,00,27,27.3,72.4
13,53,00,15,27.3,72.6
13,54,00,24,27.3,72.5
13,55,00,19,27.3,72.5
13,56,00,12,27.3,72.5
13,57,00,14,27.3,72.6
13,58,00,27,27.3,72.6
13,59,00,15,27.3,72.7
14,00,00,11,27.3,72.7
14,01,00,13,27.3,72.6
14,02,00,21,27.3,72.6
14,03,00,15,27.3,72.8
14,04,00,15,27.3,72.8
14,05,00,24,27.3,72.8
14,06,00,13,27.3,72.9
14,07,00,22,27.3,73.2
14,08,00,34,27.3,72.9
14,09,00,26,27.3,73
14,10,00,22,27.3,73.3
14,11,00,15,27.3,73.1
14,12,00,13,27.3,73.2
14,13,00,21,27.3,73.3
14,14,00,10,27.3,73.4
14,15,00,24,27.3,73.4
14,16,00,30,27.3,73.5
14,17,00,18,27.3,73.6
14,18,00,22,27.3,73.6
14,19,00,21,27.4,73.6
14,20,00,15,27.4,73.5
14,21,00,24,27.4,73.5
14,22,00,20,27.4,73.6
14,23,00,17,27.4,73.7
14,24,00,27,27.4,73.9
14,25,00,10,27.4,73.8
14,26,00,22,27.4,73.8
14,27,00,30,27.4,73.8
14,28,00,16,27.4,73.9
14,29,00,18,27.4,73.8
14,30,00,21,27.4,73.8
14,31,00,17,27.4,73.8
14,32,00,18,27.4,73.9
14,33,00,16,27.4,74
14,34,00,30,27.4,74.1
14,35,00,26,27.4,74.1
14,36,00,24,27.4,74.1
14,37,00,22,27.5,74.2
14,38,00,11,27.5,74.3
14,39,00,11,27.4,74.4
14,40,00,20,27.4,74.3
14,41,00,25,27.5,74
14,42,00,20,27.5,74
14,43,00,22,27.5,73.7
14,44,00,30,27.5,74
14,45,00,17,27.5,73.9
14,46,00,26,27.5,74
14,47,00,14,27.6,73.8
14,48,00,19,27.6,73.6
14,49,00,17,27.6,73.4
14,50,00,17,27.5,73.7
14,51,00,17,27.6,73.5
14,52,00,20,27.5,73.8
14,53,00,22,27.5,74
14,54,00,17,27.5,73.5
14,55,00,19,27.5,73.7
14,56,00,13,27.5,73.7
14,57,00,14,27.5,73.5
14,58,00,19,27.5,73.9
14,59,00,16,27.5,73.7
15,00,00,19,27.5,73.5
15,01,00,23,27.5,73.2
15,02,00,34,27.5,73.2
15,03,00,19,27.5,73.5
15,04,00,18,27.5,73.5
15,05,00,30,27.5,73.6
15,06,00,22,27.5,73.4
15,07,00,17,27.5,73.4
15,08,00,17,27.5,73.5
15,09,00,11,27.5,73.5
15,10,00,19,27.5,73.6
15,11,00,19,27.5,73.6
15,12,00,15,27.5,73.4
15,13,00,17,27.5,73.8
15,14,00,12,27.6,73.7
15,15,00,18,27.6,73.4
15,16,00,15,27.6,73.5
15,17,00,23,27.6,73.5
15,18,00,18,27.6,73.5
15,19,00,33,27.6,73.4
15,20,00,18,27.6,73.5
15,21,00,18,27.6,73.6
15,22,00,18,27.6,73.7
15,23,00,21,27.6,73.6
15,24,00,26,27.6,73.7
15,25,00,10,27.5,73.8
15,26,00,24,27.5,74
15,27,00,19,27.5,74
15,28,00,17,27.5,74.2
15,29,00,19,27.5,74.2
15,30,00,19,27.5,74.2
15,31,00,26,27.6,74.2
15,32,00,16,27.6,74.3
15,33,00,15,27.5,74.3
15,34,00,17,27.6,74.3
15,35,00,12,27.6,74.4
15,36,00,18,27.6,74.3
15,37,00,29,27.6,74.4
15,38,00,22,27.6,74.5
15,39,00,21,27.6,74.4
15,40,00,16,27.6,74.4
15,41,00,15,27.6,74.5
15,42,00,21,27.6,74.6
15,43,00,17,27.6,74.6
15,44,00,12,27.6,74.6
15,45,00,18,27.6,74.7
15,46,00,11,27.6,74.7
15,47,00,27,27.6,74.6
15,48,00,25,27.6,74.7
15,49,00,14,27.6,74.7
15,50,00,24,27.6,74.8
15,51,00,26,27.7,74.8
15,52,00,27,27.6,75.1
15,53,00,18,27.6,75.3
15,54,00,16,27.6,75.4
15,55,00,21,27.6,75.5
15,56,00,14,27.6,75.6
15,57,00,23,27.5,75.5
15,58,00,19,27.5,75.6
15,59,00,28,27.5,75.8
16,00,00,27,27.5,76.2
16,01,00,24,27.5,76.2
16,02,00,20,27.5,76.3
16,03,00,15,27.5,76.3
16,04,00,22,27.6,76.4
16,05,00,12,27.6,76.4
16,06,00,23,27.6,76.4
16,07,00,13,27.6,76.5
16,08,00,15,27.6,76.5
16,09,00,16,27.6,76.7
16,10,00,17,27.6,76.8
16,11,00,20,27.6,76.6
16,12,00,22,27.6,76.7
16,13,00,27,27.6,76.6
16,14,00,13,27.6,76.6
16,15,00,18,27.6,76.8
16,16,00,13,27.5,76.9
16,17,00,22,27.5,76.9
16,18,00,20,27.5,77
16,19,00,20,27.5,77
16,20,00,28,27.6,76.8
16,21,00,27,27.6,76.7
16,22,00,11,27.6,76.6
16,23,00,24,27.6,76.7
16,24,00,13,27.6,76.8
16,25,00,24,27.6,76.8
16,26,00,19,27.6,76.9
16,27,00,15,27.6,76.8
16,28,00,18,27.6,76.7
16,29,00,29,27.6,76.7
16,30,00,16,27.6,76.6
16,31,00,19,27.6,76.7
16,32,00,10,27.6,76.7
16,33,00,26,27.6,76.8
16,34,00,9,27.6,77
16,35,00,24,27.6,77
16,36,00,21,27.6,77
16,37,00,18,27.6,77.1
16,38,00,16,27.6,77.2
16,39,00,12,27.6,77
16,40,00,18,27.6,77.2
16,41,00,16,27.6,77.4
16,42,00,17,27.6,77.5
16,43,00,21,27.6,77.6
16,44,00,14,27.6,77.8
16,45,00,20,27.6,78.2
16,46,00,18,27.7,79
16,47,00,14,27.7,78.3
16,48,00,21,27.7,78.5
16,49,00,15,27.6,79.3
16,50,00,21,27.6,79.8
16,51,00,25,27.6,79.4
16,52,00,13,27.5,79.8
16,53,00,19,27.5,80.1
16,54,00,20,27.5,80
16,55,00,26,27.5,80
16,56,00,27,27.4,80.4
16,57,00,20,27.4,80.2
16,58,00,16,27.4,80.6
16,59,00,17,27.4,80.6
17,00,00,17,27.4,80.6
17,01,00,18,27.3,80.6
17,02,00,24,27.3,80.7
17,03,00,19,27.2,80.7
17,04,00,17,27.2,80.7
17,05,00,28,27.2,80.8
17,06,00,11,27.2,80.8
17,07,00,14,27.3,80.9
17,08,00,30,27.2,80.8
17,09,00,21,27.2,80.7
17,10,00,15,27.2,80.7
17,11,00,12,27.3,80.6
17,12,00,13,27.3,80.6
17,13,00,16,27.3,80.5
17,14,00,20,27.3,80.5
17,15,00,17,27.3,80.6
17,17,00,11,27.1,81
17,18,00,15,27.2,80.9
17,19,00,15,27.2,80.7
17,20,00,17,27.3,80.8
17,21,00,7,27.3,80.5
17,22,00,15,27.3,80.4
17,23,00,19,27.3,80.6
17,24,00,15,27.3,80.7
17,25,00,12,27.2,80.7
17,26,00,13,27.2,80.7
17,27,00,15,27.2,80.8
17,28,00,15,27.2,81
17,29,00,33,27.2,80.9
17,30,00,22,27.2,81
17,31,00,20,27.2,81
17,32,00,19,27.1,81.5
17,33,00,19,27.1,81.4
17,34,00,22,27.2,81.3
17,35,00,23,27.2,81.2
17,36,00,24,27.2,81.5
17,37,00,18,27.1,81.8
17,38,00,21,27.1,82
17,39,00,16,27.1,82
17,40,00,15,27,82.2
17,41,00,26,27.1,82.2
17,42,00,25,27,82.2
17,43,00,14,27.1,82
17,44,00,14,27.1,81.7
17,45,00,16,27.2,81.4
17,46,00,14,27.2,81.3
17,47,00,19,27.1,81.4
17,48,00,22,27.1,81.5
17,49,00,11,27.2,81.4
17,50,00,9,27.1,81.4
17,51,00,26,27.1,81.5
17,52,00,13,27,81.6
17,53,00,17,27,81.7
17,54,00,13,27,82
17,55,00,15,27,82
17,56,00,25,27,81.8
17,57,00,9,27.1,81.7
17,58,00,15,27.1,81.6
17,59,00,14,27.1,81.6
18,00,00,21,27,82
18,01,00,9,27,82.1
18,02,00,16,27,82
18,03,00,19,27.1,81.9
18,04,00,15,27,82.2
18,05,00,17,27,82.1
18,06,00,24,27.1,81.8
18,07,00,19,27.1,81.7
18,08,00,15,27,81.7
18,09,00,20,26.9,81.6
18,10,00,23,26.9,81.8
18,11,00,27,26.9,81.8
18,12,00,7,26.8,81.8
18,13,00,20,26.7,82
18,14,00,21,26.6,82.5
18,15,00,22,26.6,82.7
18,16,00,20,26.7,82.5
18,17,00,6,26.7,82.6
18,18,00,18,26.7,82.4
18,19,00,21,26.8,82.4
18,20,00,10,26.8,82.1
18,21,00,11,26.8,82.4
18,22,00,15,26.8,82.4
18,23,00,23,26.8,82.3
18,24,00,21,26.9,82.1
18,25,00,17,26.8,82.3
18,26,00,13,26.8,82.2
18,27,00,13,26.9,82.2
18,28,00,17,26.9,82
18,29,00,19,26.9,82.1
18,30,00,17,26.9,82.1
18,31,00,18,26.9,82.4
18,32,00,18,26.9,82.2
18,33,00,15,26.9,82.6
18,34,00,23,26.9,82.5
18,35,00,24,26.9,82.4
18,36,00,19,26.9,82.4
18,37,00,24,26.9,82.5
18,38,00,22,26.9,82.4
18,39,00,14,26.8,82.3
18,40,00,16,26.9,82.3
18,41,00,13,26.9,82.3
18,42,00,21,26.9,82.2
18,43,00,19,26.9,82.1
18,44,00,19,27,82
18,45,00,26,27,81.8
18,46,00,31,27,82
18,47,00,18,26.9,82.1
18,48,00,13,27,82.1
18,49,00,14,27,82
18,50,00,20,27,82
18,51,00,14,27,82.3
18,52,00,21,27,82.5
18,53,00,22,26.9,82.4
18,54,00,15,26.9,82.3
18,55,00,12,26.9,82.5
18,56,00,14,26.9,82.5
18,57,00,10,26.9,82.5
18,58,00,20,26.9,82.4
18,59,00,17,27,82.2
19,00,00,17,27,82
19,01,00,16,27,82.1
19,02,00,21,27,82.2
19,03,00,18,27,82.2
19,04,00,20,26.9,82.6
19,05,00,17,26.9,82.7
19,06,00,7,26.9,82.9
19,07,00,12,26.9,83.6
19,08,00,21,26.8,84.2
19,09,00,16,26.8,84.1
19,10,00,17,26.8,84.2
19,11,00,16,26.8,84.8
19,12,00,27,26.8,85
19,13,00,13,26.9,85.1
19,14,00,8,26.8,85.4
19,15,00,29,26.8,85.7
19,16,00,18,26.8,85.4
19,17,00,10,26.7,85.8
19,18,00,20,26.6,85.5
19,19,00,12,26.4,85.3
19,20,00,13,26.3,85.7
19,21,00,15,26.4,85.4
19,22,00,14,26.5,85.2
19,23,00,16,26.5,85.2
19,24,00,21,26.5,85
19,25,00,19,26.6,84.6
19,26,00,19,26.5,84.9
19,27,00,19,26.5,84.7
19,28,00,20,26.4,85
19,29,00,10,26.3,85.7
19,30,00,20,26.4,85.2
19,31,00,13,26.3,85.6
19,32,00,10,26.3,85.6
19,33,00,32,26.4,85.1
19,34,00,19,26.5,84.8
19,35,00,8,26.5,85
19,36,00,21,26.4,85.3
19,37,00,17,26.3,85.9
19,38,00,11,26.3,85.8
19,39,00,14,26.3,85.8
19,40,00,21,26.3,86
19,41,00,26,26.3,86.4
19,42,00,25,26.2,86.3
19,43,00,17,26.2,86.7
19,44,00,21,26.3,86.4
19,45,00,22,26.4,86.3
19,46,00,23,26.2,86.6
19,47,00,18,26.2,86.7
19,48,00,26,26.3,86.3
19,49,00,15,26.3,86.2
19,50,00,24,26.2,86.6
19,51,00,18,26.2,86.7
19,52,00,13,26,87.1
19,53,00,14,26,87
19,54,00,17,26,87.1
19,55,00,17,25.9,87.4
19,56,00,24,26,87.5
19,57,00,17,26.1,87
19,58,00,19,26.2,86.5
19,59,00,16,26.3,86.5
20,00,00,11,26.2,86.3
20,01,00,23,26.2,86.3
20,02,00,6,26.2,86.3
20,03,00,22,26.2,86.2
20,04,00,20,26.2,86.3
20,05,00,17,26.3,86
20,06,00,18,26.2,86.2
20,07,00,15,26.2,86.4
20,08,00,23,26.2,86.1
20,09,00,28,26.3,85.7
20,10,00,23,26.1,85.8
20,12,00,22,25.9,86.2
20,13,00,17,25.8,86.9
20,14,00,14,25.7,86.1
20,15,00,22,25.7,85.7
20,16,00,15,25.7,85.3
20,17,00,10,25.8,84.6
20,18,00,22,25.9,84
20,19,00,14,25.9,83.4
20,20,00,9,25.9,83.6
20,21,00,18,25.9,82.9
20,23,00,17,25.6,83.4
20,24,00,17,25.5,83.4
20,25,00,14,25.5,83.2
20,26,00,21,25.6,82.8
20,27,00,17,25.6,82.4
20,29,00,11,25.7,81.3
20,30,00,24,25.7,81.2
20,31,00,17,25.7,81.1
20,32,00,20,25.6,81.2
20,33,00,15,25.6,81.2
20,34,00,17,25.6,81.8
20,35,00,17,25.6,81.8
20,36,00,20,25.5,82.1
20,37,00,12,25.5,81.8
20,38,00,21,25.5,82.2
20,39,00,17,25.6,81.6
20,40,00,19,25.5,81.7
20,41,00,19,25.6,81.6
20,42,00,21,25.4,82
20,43,00,23,25.5,81.4
20,44,00,16,25.5,80.9
20,45,00,16,25.5,80.9
20,46,00,11,25.4,81.2
20,47,00,20,25.5,81.3
20,48,00,11,25.4,81.5
20,49,00,16,25.4,81.7
20,50,00,12,25.4,82
20,51,00,22,25.2,82.3
20,53,00,25,25.4,82.5
20,54,00,20,25.5,82.2
20,55,00,18,25.5,82
20,56,00,22,25.6,81.8
20,57,00,17,25.7,81.4
20,58,00,19,25.8,81.2
20,59,00,23,25.8,81.1
21,00,00,17,25.8,80.8
21,01,00,17,25.9,80.7
21,02,00,14,25.9,80.5
21,03,00,18,26,80.4
21,04,00,23,26,79.9
21,05,00,12,26.1,80
21,06,00,13,25.9,80.4
21,07,00,25,25.9,80.9
21,08,00,17,25.9,80.7
21,09,00,15,25.9,80.7
21,10,00,23,25.9,81
21,11,00,15,25.8,81.1
21,12,00,14,25.8,81
21,13,00,23,25.9,81
21,14,00,22,26,80.6
21,15,00,7,26,80.6
21,16,00,10,26.1,80.4
21,17,00,19,26.1,80.4
21,18,00,24,26.1,80.4
21,19,00,17,26,80.6
21,20,00,25,26,80.6
21,21,00,22,26,80.7
21,22,00,13,25.9,80.6
21,23,00,8,25.7,81.1
21,24,00,21,25.6,81.4
21,25,00,23,25.6,81.5
21,26,00,15,25.6,81.2
21,27,00,23,25.6,81.2
21,28,00,17,25.6,81
21,29,00,17,25.6,81.1
21,30,00,13,25.6,81.1
21,31,00,22,25.5,81.3
21,32,00,9,25.6,81.2
21,33,00,21,25.6,81.2
21,34,00,17,25.5,81.6
21,35,00,10,25.5,81.7
21,36,00,18,25.6,81.3
21,37,00,25,25.7,80.9
21,38,00,20,25.7,80.8
21,39,00,16,25.7,80.9
21,40,00,15,25.7,80.8
21,41,00,15,25.8,80.7
21,42,00,18,25.8,80.7
21,43,00,18,25.8,80.7
21,44,00,22,25.8,80.6
21,45,00,13,25.8,80.6
21,46,00,12,25.7,80.9
21,47,00,24,25.7,81
21,48,00,21,25.6,81.1
21,49,00,11,25.6,81.3
21,50,00,18,25.7,81
21,51,00,15,25.8,80.7
21,52,00,25,25.8,80.3
21,53,00,21,25.8,80.2
21,54,00,12,25.7,80.5
21,55,00,12,25.8,80.4
21,56,00,30,25.8,80.3
21,57,00,24,25.7,80.7
21,58,00,27,25.6,81.3
21,59,00,22,25.5,81.5
22,00,00,24,25.5,81.5
22,01,00,15,25.6,80.9
22,02,00,15,25.7,80.7
22,03,00,12,25.7,80.4
22,04,00,10,25.8,80.3
22,05,00,18,25.7,80
22,06,00,11,25.8,79.9
22,07,00,23,25.8,79.8
22,08,00,11,25.8,80
22,09,00,29,25.7,80.4
22,10,00,20,25.8,80.3
22,11,00,24,25.8,79.9
22,12,00,13,25.8,80
22,13,00,19,25.8,80
22,14,00,21,25.9,79.9
22,15,00,26,25.9,79.9
22,16,00,28,25.8,80.1
22,17,00,23,25.8,80.3
22,18,00,14,25.7,80.6
22,19,00,17,25.7,80.6
22,20,00,22,25.7,80.8
22,21,00,21,25.8,80.8
22,22,00,25,25.8,80.8
22,23,00,19,25.8,81.2
22,24,00,28,25.8,81.1
22,25,00,13,25.7,81.1
22,26,00,13,25.7,81.2
22,27,00,16,25.7,80.9
22,28,00,22,25.6,81.4
22,29,00,20,25.6,81.4
22,30,00,18,25.5,81.7
22,31,00,21,25.6,81.4
22,32,00,24,25.5,81.6
22,33,00,17,25.5,81.8
22,34,00,17,25.5,81.9
22,35,00,32,25.5,81.9
22,36,00,16,25.6,81.7
22,37,00,26,25.6,81.9
22,38,00,24,25.5,82.2
22,39,00,15,25.4,82.6
22,40,00,15,25.3,82.9
22,41,00,11,25.4,82.7
22,42,00,17,25.5,82.6
22,43,00,16,25.6,82.2
22,44,00,32,25.7,81.9
22,45,00,15,25.7,81.8
22,46,00,16,25.6,82.1
22,47,00,9,25.6,82.3
22,48,00,14,25.7,82.1
22,49,00,10,25.7,81.9
22,50,00,19,25.8,81.5
22,51,00,17,25.9,81.1
22,52,00,13,25.9,81.2
22,53,00,26,25.9,81.2
22,54,00,17,25.9,81.5
22,55,00,23,25.8,81.6
22,56,00,22,25.8,81.7
22,57,00,27,25.8,81.7
22,58,00,20,26,81.7
22,59,00,13,26,81.3
23,00,00,15,26,81.2
23,01,00,15,26,81.3
23,02,00,14,26,81.4
23,03,00,12,26,81.6
23,04,00,21,25.9,81.7
23,05,00,17,26,81.5
23,06,00,22,25.9,81.5
23,07,00,14,25.9,81.5
23,08,00,26,25.9,81.7
23,09,00,11,25.9,81.8
23,10,00,15,25.9,81.7
23,11,00,23,25.9,81.7
23,12,00,23,25.9,81.8
23,13,00,23,25.9,81.9
23,14,00,18,25.9,81.9
23,15,00,14,25.9,82
23,16,00,19,25.8,82.1
23,17,00,22,25.8,82
23,18,00,12,25.8,82
23,19,00,13,25.8,82.1
23,20,00,14,25.8,82.1
23,21,00,21,25.8,82.1
23,22,00,15,25.9,82
23,23,00,16,25.9,82
23,24,00,24,25.9,81.9
23,25,00,22,25.9,81.8
23,26,00,13,25.9,81.9
23,27,00,20,26,81.9
23,28,00,15,26,81.6
23,29,00,12,26,81.5
23,30,00,13,26,81.4
23,31,00,21,26,81.5
23,32,00,21,25.9,81.6
23,33,00,14,25.9,81.4
23,34,00,20,25.9,81.4
23,35,00,11,25.9,81.7
23,36,00,18,25.9,81.6
23,37,00,20,25.9,81.3
23,38,00,18,25.9,81.4
23,39,00,23,25.9,81.3
23,40,00,14,26,81.1
23,41,00,22,26,81.1
23,42,00,20,26,80.8
23,43,00,15,26.1,80.8
23,44,00,7,26,80.8
23,45,00,26,26,80.9
23,46,00,30,26,81.2
23,47,00,33,25.9,81.2
23,48,00,20,25.9,81
23,49,00,14,26,81.2
23,50,00,21,25.9,81.2
23,51,00,12,25.9,81.3
23,52,00,16,25.9,81.4
23,53,00,16,25.9,81.2
23,54,00,16,25.9,81.3
23,55,00,26,25.9,81.4
23,56,00,13,25.9,81.5
23,57,00,23,25.9,81.2
23,58,00,10,25.9,81
23,59,00,16,25.9,81.2
