00,00,00,19,25.9,81
00,01,00,17,25.9,81.1
00,02,00,21,25.8,81
00,03,00,17,25.9,81.2
00,04,00,21,25.9,81.3
00,05,00,10,25.9,81
00,06,00,18,25.9,81.2
00,07,00,18,25.8,81.4
00,08,00,14,25.8,81.5
00,09,00,20,25.9,81.4
00,10,00,20,25.9,81.3
00,11,00,30,25.9,81.4
00,12,00,14,25.9,81.2
00,13,00,26,25.9,81.4
00,14,00,26,25.9,81.3
00,15,00,18,25.9,81.4
00,16,00,19,25.9,81.4
00,17,00,11,25.9,81.4
00,18,00,17,25.9,81.3
00,19,00,11,25.9,81.3
00,20,00,17,25.9,81.2
00,21,00,13,25.9,81.1
00,22,00,31,25.9,81.1
00,23,00,27,25.9,81.1
00,24,00,20,26,81
00,25,00,13,26,80.9
00,26,00,15,26,80.8
00,27,00,20,26,81
00,28,00,12,26,80.8
00,29,00,28,26,80.8
00,30,00,18,25.9,80.9
00,31,00,27,25.9,81.1
00,32,00,11,25.9,81.2
00,33,00,14,25.9,81.3
00,34,00,27,25.9,81.4
00,35,00,14,25.9,81.3
00,36,00,24,26,81.2
00,37,00,17,26,80.9
00,38,00,21,26,81
00,39,00,16,25.9,81.1
00,40,00,13,25.9,81.1
00,41,00,14,25.9,81.1
00,42,00,12,25.9,81.1
00,43,00,20,25.9,81.1
00,44,00,13,25.9,81.1
00,45,00,9,25.9,81.2
00,46,00,11,25.9,81.1
00,47,00,14,25.9,81
00,48,00,22,25.9,81
00,49,00,18,25.9,81
00,50,00,12,25.9,80.9
00,51,00,12,25.9,81
00,53,00,18,25.9,81.1
00,54,00,10,25.9,81.2
00,55,00,16,25.9,81.4
00,56,00,18,25.9,81.4
00,57,00,15,25.9,81.3
00,58,00,30,25.9,81.4
00,59,00,23,25.9,81.4
01,00,00,19,25.9,81.3
01,01,00,18,25.9,81.3
01,02,00,26,26,81.2
01,03,00,19,26,81.1
01,04,00,17,26,80.9
01,05,00,20,25.9,81.1
01,06,00,11,25.9,81.3
01,07,00,27,25.9,81.5
01,08,00,18,25.9,81.4
01,09,00,22,25.8,81.3
01,10,00,26,25.8,81.4
01,11,00,23,25.8,81.3
01,12,00,12,25.8,81.5
01,13,00,29,25.8,81.5
01,14,00,21,25.8,81.6
01,15,00,21,25.8,81.7
01,16,00,16,25.8,81.7
01,17,00,13,25.8,81.6
01,18,00,25,25.8,81.6
01,19,00,17,25.8,81.6
01,20,00,9,25.8,81.5
01,21,00,28,25.8,81.5
01,22,00,20,25.8,81.4
01,23,00,12,25.7,81.5
01,24,00,26,25.7,81.6
01,25,00,22,25.7,81.4
01,26,00,14,25.7,81.5
01,27,00,18,25.7,81.4
01,28,00,11,25.7,81.4
01,29,00,20,25.7,81.5
01,30,00,20,25.7,81.6
01,31,00,18,25.7,81.6
01,32,00,22,25.8,81.5
01,33,00,22,25.8,81.5
01,34,00,7,25.8,81.5
01,35,00,10,25.8,81.5
01,36,00,13,25.8,81.5
01,37,00,7,25.7,81.5
01,38,00,17,25.7,81.6
01,39,00,28,25.8,81.5
01,40,00,14,25.8,81.5
01,41,00,27,25.8,81.3
01,42,00,15,25.8,81.3
01,43,00,14,25.8,81.3
01,44,00,12,25.8,81.3
01,45,00,21,25.7,81.3
01,46,00,24,25.8,81.3
01,47,00,17,25.7,81.4
01,48,00,26,25.8,81.4
01,49,00,19,25.7,81.2
01,50,00,22,25.7,81.4
01,51,00,7,25.7,81.5
01,52,00,20,25.7,81.7
01,53,00,15,25.7,81.6
01,54,00,20,25.7,81.5
01,55,00,25,25.7,81.6
01,56,00,22,25.7,81.5
01,57,00,9,25.7,81.4
01,58,00,8,25.7,81.5
01,59,00,27,25.7,81.4
02,00,00,11,25.8,81.4
02,01,00,23,25.8,81.3
02,02,00,14,25.8,81.1
02,03,00,28,25.8,81.2
02,04,00,16,25.8,81.1
02,05,00,24,25.8,81.3
02,06,00,23,25.8,81.2
02,07,00,25,25.7,81.3
02,08,00,22,25.7,81.6
02,09,00,14,25.7,81.6
02,10,00,23,25.7,81.6
02,11,00,22,25.7,81.5
02,12,00,17,25.7,81.5
02,13,00,21,25.7,81.6
02,14,00,24,25.6,81.7
02,15,00,14,25.6,81.7
02,16,00,20,25.6,81.8
02,17,00,19,25.6,81.8
02,18,00,10,25.6,81.8
02,19,00,25,25.7,81.8
02,20,00,17,25.7,81.6
02,21,00,15,25.7,81.6
02,22,00,20,25.7,81.6
02,23,00,18,25.7,81.5
02,24,00,18,25.7,81.5
02,25,00,33,25.8,81.4
02,26,00,17,25.8,81.4
02,27,00,13,25.8,81.4
02,28,00,16,25.8,81.2
02,29,00,23,25.8,81.2
02,30,00,15,25.8,81.2
02,31,00,26,25.8,81
02,32,00,15,25.8,81.4
02,33,00,15,25.8,81.4
02,34,00,20,25.7,81.4
02,35,00,14,25.7,81.4
02,36,00,16,25.7,81.4
02,37,00,16,25.7,81.5
02,38,00,27,25.7,81.7
02,39,00,21,25.6,81.7
02,40,00,19,25.7,81.7
02,41,00,20,25.7,81.7
02,42,00,23,25.7,81.6
02,43,00,11,25.7,81.6
02,44,00,13,25.7,81.6
02,45,00,31,25.7,81.5
02,46,00,22,25.8,81.4
02,47,00,18,25.8,81.3
02,48,00,16,25.8,81.4
02,49,00,20,25.8,81.1
02,50,00,13,25.8,81.3
02,51,00,21,25.7,81.5
02,52,00,26,25.7,81.8
02,53,00,20,25.7,82
02,54,00,18,25.7,82.1
02,55,00,15,25.7,82
02,56,00,23,25.7,81.9
02,57,00,13,25.7,81.8
02,58,00,34,25.7,81.8
02,59,00,27,25.7,81.8
03,00,00,20,25.7,81.7
03,01,00,25,25.7,81.7
03,02,00,22,25.8,81.4
03,03,00,24,25.8,81.4
03,04,00,19,25.8,81.3
03,05,00,27,25.9,81.3
03,06,00,12,25.9,81.4
03,07,00,26,25.8,81.5
03,08,00,8,25.9,81.5
03,09,00,18,25.9,81.3
03,10,00,20,25.9,81.3
03,11,00,22,25.8,81.4
03,12,00,14,25.8,81.4
03,13,00,17,25.8,81.4
03,14,00,23,25.8,81.4
03,15,00,18,25.8,81.3
03,16,00,23,25.8,81.2
03,17,00,18,25.9,81.3
03,18,00,20,25.9,81.2
03,19,00,14,25.9,81.3
03,20,00,18,25.9,81.2
03,21,00,16,25.9,81.3
03,22,00,18,25.8,81.6
03,23,00,13,25.8,81.8
03,24,00,9,25.8,81.8
03,25,00,12,25.8,81.8
03,26,00,15,25.8,81.7
03,27,00,20,25.8,81.7
03,28,00,23,25.8,81.7
03,29,00,20,25.8,81.7
03,30,00,24,25.8,81.8
03,31,00,15,25.7,81.8
03,32,00,13,25.8,81.7
03,33,00,23,25.8,81.7
03,34,00,23,25.8,81.9
03,35,00,20,25.8,81.7
03,36,00,17,25.8,81.6
03,37,00,19,25.8,81.8
03,38,00,21,25.8,81.9
03,39,00,16,25.7,82
03,40,00,21,25.7,82
03,41,00,20,25.7,82
03,42,00,22,25.7,82
03,43,00,29,25.8,81.8
03,44,00,18,25.8,81.7
03,45,00,20,25.8,81.6
03,46,00,19,25.9,81.6
03,47,00,12,25.9,81.4
03,48,00,21,25.9,81.5
03,49,00,23,25.8,81.6
03,50,00,8,25.8,81.8
03,51,00,20,25.8,81.8
03,52,00,19,25.8,81.9
03,53,00,17,25.8,82
03,54,00,19,25.8,82
03,55,00,15,25.8,82
03,56,00,20,25.8,81.9
03,57,00,22,25.8,81.9
03,58,00,28,25.8,81.8
03,59,00,17,25.8,81.8
04,00,00,17,25.8,81.8
04,01,00,12,25.8,81.9
04,02,00,17,25.8,82
04,03,00,14,25.8,81.9
04,04,00,17,25.8,81.9
04,05,00,18,25.8,81.8
04,06,00,29,25.9,81.7
04,07,00,20,25.8,81.7
04,08,00,16,25.8,81.8
04,09,00,21,25.8,81.8
04,10,00,11,25.8,81.9
04,11,00,21,25.7,82
04,12,00,28,25.8,82
04,13,00,29,25.7,82
04,14,00,19,25.7,82.3
04,15,00,12,25.7,82.4
04,16,00,20,25.7,82.3
04,17,00,27,25.7,82.2
04,18,00,19,25.7,82.2
04,19,00,24,25.7,82.2
04,20,00,15,25.7,82.3
04,21,00,22,25.7,82.2
04,22,00,18,25.7,82.4
04,23,00,15,25.6,82.6
04,24,00,16,25.6,82.9
04,25,00,9,25.6,82.8
04,26,00,32,25.6,82.8
04,27,00,16,25.7,82.6
04,28,00,13,25.7,82.6
04,29,00,23,25.7,82.4
04,30,00,18,25.7,82.4
04,31,00,13,25.8,82.2
04,32,00,18,25.7,82.2
04,33,00,29,25.8,82.1
04,34,00,8,25.7,82.2
04,35,00,24,25.8,82
04,36,00,17,25.8,81.9
04,37,00,24,25.7,82.1
04,38,00,26,25.7,82.3
04,39,00,10,25.6,82.4
04,40,00,19,25.6,82.5
04,41,00,11,25.6,82.6
04,42,00,24,25.6,82.6
04,43,00,14,25.7,82.4
04,44,00,22,25.7,82.2
04,45,00,25,25.7,82.2
04,46,00,26,25.7,82.3
04,47,00,28,25.6,82.5
04,48,00,6,25.7,82.4
04,49,00,13,25.7,82.3
04,50,00,12,25.7,82.4
04,51,00,25,25.6,82.5
04,52,00,18,25.6,82.8
04,53,00,25,25.5,83.1
04,54,00,18,25.5,83.2
04,55,00,26,25.4,83.1
04,56,00,21,25.2,83.6
04,57,00,20,25.1,84.1
04,58,00,22,24.9,84.3
04,59,00,8,24.8,84.7
05,00,00,20,24.7,85.2
05,01,00,18,24.7,85.1
05,02,00,19,24.7,85.2
05,03,00,28,24.6,85.6
05,04,00,16,24.7,85.2
05,05,00,12,24.9,84.8
05,06,00,17,25,84.4
05,07,00,23,25,84.2
05,08,00,18,25.1,83.9
05,09,00,6,25,84.2
05,10,00,21,24.9,84.4
05,11,00,24,24.9,84.4
05,12,00,15,24.9,84.3
05,13,00,17,24.9,84.3
05,14,00,19,24.8,84.4
05,15,00,22,24.7,84.5
05,16,00,14,24.7,84.4
05,17,00,18,24.7,84.5
05,18,00,21,24.8,84.3
05,19,00,24,24.9,83.6
05,20,00,10,24.9,83.7
05,21,00,12,25,83.5
05,22,00,20,25.1,82.9
05,23,00,21,25.1,82.6
05,24,00,24,25.2,82.4
05,25,00,29,25.2,82.2
05,26,00,15,25.2,82.3
05,27,00,17,25.3,82.2
05,28,00,19,25.3,82.2
05,29,00,23,25.1,82.4
05,30,00,11,25.1,82.7
05,31,00,19,24.9,83
05,32,00,16,24.9,83.3
05,33,00,23,25,83.1
05,34,00,22,25,82.8
05,35,00,21,25,82.8
05,36,00,24,24.9,83.2
05,37,00,22,24.8,83.6
05,38,00,14,24.8,83.8
05,39,00,16,24.8,83.8
05,40,00,17,24.8,83.9
05,41,00,14,24.9,83.6
05,42,00,19,24.8,83.6
05,43,00,37,24.6,84.3
05,44,00,8,24.7,84.3
05,45,00,13,24.7,84.3
05,46,00,11,24.6,84.5
05,47,00,18,24.5,84.7
05,48,00,24,24.6,84.6
05,49,00,17,24.7,84
05,50,00,22,24.9,83.4
05,51,00,26,24.9,83.1
05,52,00,21,25,82.9
05,53,00,13,25,82.7
05,54,00,20,25,82.6
05,55,00,14,25,82.7
05,56,00,12,25.1,82.4
05,57,00,21,25,82.4
05,58,00,23,24.8,82.9
05,59,00,17,24.7,83.4
06,00,00,19,24.8,83.6
06,01,00,15,24.9,83.5
06,02,00,15,24.9,83.3
06,03,00,15,25,83.3
06,04,00,26,25,83.3
06,05,00,14,25.1,83.3
06,06,00,16,25.1,83
06,07,00,21,25.2,82.8
06,08,00,17,25.2,82.8
06,09,00,13,25.2,82.8
06,10,00,18,25.2,82.8
06,11,00,14,25.2,83
06,12,00,13,25.2,83.2
06,13,00,27,25.1,83.4
06,14,00,25,25.2,83.3
06,15,00,33,25.3,83.1
06,16,00,20,25.3,82.6
06,17,00,32,25.2,82.7
06,18,00,15,25.3,82.5
06,19,00,23,25.3,82.4
06,20,00,25,25.3,82.2
06,21,00,15,25.3,82.1
06,22,00,18,25.4,81.8
06,23,00,15,25.4,81.9
06,24,00,15,25.4,81.7
06,25,00,21,25.4,81.7
06,26,00,25,25.4,81.9
06,27,00,13,25.4,81.7
06,28,00,22,25.4,81.8
06,29,00,12,25.4,81.8
06,30,00,20,25.4,81.9
06,31,00,18,25.3,82.4
06,32,00,19,25.3,82.7
06,33,00,22,25.3,82.6
06,34,00,27,25.3,82.7
06,35,00,39,25.4,82.3
06,36,00,24,25.4,82.2
06,37,00,27,25.4,81.9
06,38,00,22,25.4,81.8
06,39,00,23,25.3,82.3
06,40,00,17,25.2,82.9
06,41,00,17,25.2,83.2
06,42,00,16,25.1,83.7
06,43,00,23,25.1,84
06,44,00,15,25.1,84.1
06,45,00,18,25.1,83.9
06,46,00,11,25.2,83.7
06,47,00,25,25.3,83.3
06,48,00,21,25.2,83.5
06,49,00,32,25.2,83.6
06,50,00,19,25.2,83.7
06,51,00,21,25.2,83.6
06,52,00,32,25.3,83.2
06,53,00,24,25.3,82.9
06,54,00,26,25.3,82.9
06,55,00,21,25.3,83
06,56,00,26,25.3,82.9
06,57,00,24,25.4,82.7
06,58,00,23,25.4,82.6
06,59,00,19,25.5,82.3
07,00,00,26,25.5,82.4
07,01,00,19,25.5,82.3
07,02,00,28,25.5,82.2
07,03,00,15,25.5,82.1
07,04,00,18,25.5,81.7
07,05,00,24,25.4,81.4
07,06,00,21,25.5,81.5
07,07,00,22,25.5,81.3
07,08,00,27,25.5,81
07,09,00,24,25.6,80.9
07,10,00,27,25.6,80.9
07,11,00,28,25.6,81
07,12,00,30,25.6,81.3
07,13,00,21,25.7,81.3
07,14,00,22,25.7,81.2
07,15,00,25,25.7,81
07,16,00,31,25.7,81.2
07,17,00,25,25.7,81.4
07,18,00,25,25.7,81.2
07,19,00,25,25.8,80.9
07,20,00,20,25.8,80.8
07,21,00,26,25.8,80.9
07,22,00,22,25.8,80.8
07,23,00,20,25.8,80.6
07,24,00,21,25.8,80.3
07,25,00,15,25.9,80.2
07,26,00,25,25.9,80
07,27,00,26,25.9,80.3
07,28,00,27,25.9,80.4
07,29,00,31,25.9,80.4
07,30,00,22,25.9,80.8
07,31,00,19,25.9,80.7
07,32,00,38,25.9,80.6
07,33,00,28,25.9,80.6
07,34,00,33,26,80.8
07,35,00,20,25.9,80.4
07,36,00,24,26,80.2
07,37,00,23,26,80.2
07,38,00,21,26,80.3
07,39,00,32,26,79.9
07,40,00,24,26,79.8
07,41,00,29,26,79.6
07,42,00,29,26,79.9
07,43,00,28,25.9,80
07,44,00,29,25.9,80.4
07,45,00,25,25.9,80.4
07,46,00,22,25.9,80.5
07,47,00,23,25.9,80.5
07,48,00,21,25.9,80.6
07,49,00,21,25.9,80.5
07,50,00,35,25.9,80.7
07,51,00,25,25.9,80.6
07,52,00,16,26,80.6
07,53,00,21,26,80.7
07,54,00,27,26,80.4
07,55,00,22,26,80.4
07,56,00,15,26,80.4
07,57,00,41,26,80.5
07,58,00,38,26,80.5
07,59,00,35,26,80.5
08,00,00,36,26,80.5
08,01,00,28,26,80.4
08,02,00,38,26,80.5
08,03,00,35,26.1,80.5
08,04,00,26,26.1,80.5
08,05,00,19,26.1,80.4
08,06,00,10,26.1,80.3
08,07,00,28,26.1,80.5
08,08,00,20,26.1,80.3
08,09,00,30,26.1,80.3
08,10,00,34,26.1,80.3
08,11,00,24,26.1,80.4
08,12,00,14,26,80.6
08,13,00,40,26,80.4
08,14,00,19,26.1,80.5
08,15,00,17,26.1,80.4
08,16,00,19,26.1,80.5
08,17,00,19,26,80.5
08,18,00,24,26.1,80.5
08,19,00,38,26.1,80.6
08,20,00,24,26.1,80.7
08,21,00,26,26.1,80.6
08,22,00,26,26.1,80.7
08,23,00,42,26.1,80.4
08,24,00,32,26.1,80.4
08,25,00,39,26.1,80.4
08,26,00,22,26.1,80.6
08,27,00,34,26.1,80.5
08,28,00,26,26.1,80.4
08,29,00,22,26.2,80.5
08,30,00,52,26.1,80.2
08,31,00,37,26.1,80.3
08,32,00,26,26.1,80.6
08,33,00,21,26.1,80.4
08,34,00,47,26.1,80.6
08,35,00,41,26.1,80.5
08,36,00,24,26.1,80.7
08,37,00,47,26.1,80.6
08,38,00,43,26.1,80.5
08,39,00,36,26.2,80.5
08,40,00,25,26.2,80.3
08,41,00,26,26.1,80.6
08,42,00,34,26.2,80.3
08,43,00,43,26.2,80.5
08,44,00,30,26.2,80.3
08,45,00,40,26.2,80.1
08,46,00,36,26.2,80.4
08,47,00,24,26.2,80.5
08,48,00,42,26.2,80.2
08,49,00,36,26.2,80.3
08,50,00,28,26.2,80.3
08,51,00,30,26.2,80.5
08,52,00,37,26.2,80.2
08,53,00,31,26.2,80.4
08,54,00,41,26.2,80.3
08,55,00,39,26.3,80.2
08,56,00,29,26.3,80.2
08,57,00,31,26.3,80.1
08,58,00,33,26.3,80.1
08,59,00,25,26.3,80.2
09,00,00,52,26.3,80.3
09,01,00,17,26.3,80.1
09,02,00,20,26.3,80.1
09,03,00,28,26.3,80
09,04,00,28,26.3,80
09,05,00,19,26.3,80
09,06,00,21,26.3,80.2
09,07,00,42,26.3,80.1
09,08,00,23,26.3,80.2
09,09,00,29,26.4,80.2
09,10,00,39,26.4,79.9
09,11,00,39,26.4,80
09,12,00,21,26.4,79.9
09,13,00,29,26.4,79.8
09,14,00,22,26.4,79.5
09,15,00,34,26.4,79.8
09,16,00,42,26.4,79.7
09,17,00,44,26.4,80
09,18,00,36,26.4,79.8
09,19,00,29,26.4,79.8
09,20,00,26,26.4,79.9
09,21,00,31,26.4,79.9
09,22,00,40,26.5,79.6
09,23,00,27,26.5,79.7
09,24,00,38,26.5,79.8
09,25,00,25,26.5,79.8
09,26,00,33,26.5,79.8
09,27,00,42,26.5,79.7
09,28,00,29,26.5,79.8
09,29,00,50,26.5,79.8
09,30,00,16,26.5,79.6
09,31,00,18,26.5,79.7
09,32,00,27,26.5,79.6
09,33,00,20,26.5,79.6
09,34,00,32,26.5,79.5
09,35,00,34,26.5,79.5
09,36,00,30,26.5,79.6
09,37,00,33,26.5,79.6
09,38,00,29,26.5,79.6
09,39,00,34,26.5,79.6
09,40,00,52,26.5,79.7
09,41,00,37,26.5,79.5
09,42,00,37,26.5,79.6
09,43,00,49,26.5,79.6
09,44,00,32,26.5,79.4
09,45,00,25,26.5,79.3
09,46,00,37,26.6,79.4
09,47,00,25,26.5,79.4
09,48,00,29,26.6,79.5
09,49,00,34,26.6,79.3
09,50,00,34,26.6,79.4
09,51,00,34,26.6,79.4
09,53,00,47,26.6,79.6
09,54,00,47,26.6,79.2
09,55,00,34,26.6,79.3
09,56,00,46,26.6,79.4
09,57,00,30,26.6,79.5
09,58,00,19,26.6,79.4
09,59,00,32,26.7,79.3
10,00,00,24,26.6,79.3
10,01,00,27,26.6,79.6
10,02,00,23,26.6,79.5
10,03,00,29,26.6,79.7
10,04,00,40,26.6,79.6
10,05,00,40,26.6,79.6
10,06,00,40,26.7,79.6
10,07,00,20,26.7,79.7
10,08,00,31,26.7,79.5
10,09,00,43,26.7,79.4
10,10,00,32,26.7,79.6
10,11,00,21,26.7,79.6
10,12,00,27,26.7,79.6
10,13,00,30,26.7,79.7
10,14,00,42,26.7,79.7
10,15,00,43,26.7,79.7
10,16,00,19,26.7,79.7
10,17,00,42,26.8,79.7
10,18,00,40,26.8,79.4
10,19,00,25,26.8,79.6
10,20,00,46,26.8,79.4
10,21,00,39,26.8,79.6
10,22,00,33,26.8,79.7
10,23,00,39,26.8,79.7
10,24,00,17,26.8,79.8
10,25,00,46,26.8,79.7
10,26,00,48,26.8,79.7
10,27,00,11,26.8,79.9
10,28,00,37,26.8,79.9
10,29,00,34,26.8,79.8
10,30,00,52,26.9,79.8
10,31,00,40,26.9,79.8
10,32,00,14,26.9,79.9
10,33,00,22,26.8,79.9
10,34,00,19,26.9,79.8
10,35,00,24,26.9,80
10,36,00,47,26.9,80
10,37,00,37,26.9,80
10,38,00,45,26.9,80
10,39,00,31,26.9,79.9
10,40,00,32,26.9,80
10,41,00,37,26.9,79.9
10,42,00,40,26.9,79.9
10,43,00,41,26.9,79.9
10,44,00,48,26.9,79.7
10,45,00,27,27,80
10,46,00,37,27,80
10,47,00,33,27,80
10,48,00,16,27,79.9
10,49,00,44,27,80
10,50,00,45,27,79.9
10,51,00,37,27,79.8
10,52,00,26,27,80
10,53,00,25,27,80
10,54,00,29,27,80
10,55,00,23,27,79.9
10,56,00,17,27,80
10,57,00,29,27,79.9
10,58,00,34,27,79.9
10,59,00,36,27,80
11,00,00,24,27,79.9
11,01,00,31,27,80
11,02,00,15,27,79.9
11,03,00,21,27,79.8
11,04,00,22,27,79.9
11,05,00,24,27.1,79.9
11,06,00,23,27.1,79.7
11,07,00,11,27.1,79.7
11,08,00,17,27.1,79.5
11,10,00,33,27,79.7
11,11,00,25,27,79.7
11,12,00,19,27,79.8
11,13,00,33,27,79.8
11,14,00,23,27.1,79.8
11,15,00,25,27.1,79.7
11,16,00,23,27.1,79.7
11,17,00,26,27.1,79.6
11,18,00,26,27.1,79.6
11,19,00,32,27.1,79.5
11,20,00,42,27.1,79.5
11,21,00,46,27.1,79.4
11,22,00,39,27.1,79.5
11,23,00,30,27.2,79.5
11,24,00,31,27.1,79.4
11,25,00,29,27.2,79.2
11,26,00,27,27.2,79.1
11,27,00,29,27.2,79.2
11,28,00,42,27.2,79.2
11,29,00,27,27.2,79.2
11,30,00,27,27.2,79.2
11,31,00,28,27.1,79.4
11,32,00,22,27.2,79.3
11,33,00,24,27.1,79.2
11,34,00,41,27.1,79.3
11,35,00,31,27.1,79.3
11,36,00,39,27.2,79.1
11,37,00,28,27.2,79.1
11,38,00,25,27.2,79
11,39,00,38,27.2,78.9
11,40,00,30,27.2,78.9
11,41,00,24,27.2,78.8
11,42,00,30,27.2,78.8
11,43,00,22,27.2,78.8
11,44,00,21,27.2,78.7
11,45,00,27,27.2,78.7
11,46,00,48,27.2,78.7
11,47,00,30,27.2,78.6
11,48,00,39,27.2,78.8
11,49,00,45,27.2,78.6
11,50,00,29,27.2,78.6
11,51,00,23,27.2,78.6
11,52,00,24,27.2,78.4
11,53,00,35,27.2,78.4
11,54,00,34,27.2,78.3
11,55,00,26,27.2,78.4
11,56,00,37,27.2,78.4
11,57,00,38,27.2,78.5
11,58,00,20,27.2,78.3
11,59,00,47,27.2,78.2
12,00,00,28,27.2,78.4
12,01,00,21,27.2,78.2
12,02,00,33,27.2,78.2
12,03,00,35,27.2,78.3
12,04,00,22,27.2,78.3
12,05,00,22,27.2,78.3
12,06,00,29,27.2,78.4
12,07,00,40,27.2,78.2
12,08,00,37,27.3,78.2
12,09,00,20,27.3,78.2
12,10,00,36,27.3,78.2
12,11,00,22,27.3,78.1
12,12,00,37,27.3,78.2
12,13,00,16,27.3,78.2
12,14,00,38,27.3,78.2
12,15,00,41,27.3,78.2
12,16,00,25,27.3,78.2
12,17,00,30,27.4,78.3
12,18,00,32,27.4,78.3
12,19,00,20,27.4,78.2
12,20,00,42,27.4,78.2
12,21,00,32,27.5,78.1
12,22,00,22,27.5,78.1
12,23,00,27,27.5,78.1
12,24,00,40,27.5,78.2
12,25,00,34,27.5,78.2
12,26,00,28,27.5,78.3
12,27,00,34,27.5,78.4
12,28,00,19,27.5,78.5
12,29,00,32,27.5,78.4
12,30,00,40,27.5,78.5
12,31,00,16,27.5,78.4
12,32,00,29,27.5,78.3
12,33,00,28,27.5,78.4
12,34,00,33,27.5,78.4
12,35,00,31,27.5,78.4
12,36,00,26,27.5,78.4
12,37,00,14,27.5,78.3
12,38,00,32,27.6,78.3
12,39,00,24,27.6,78.3
12,40,00,26,27.5,78.4
12,41,00,24,27.6,78.3
12,42,00,15,27.6,78.2
12,43,00,24,27.6,78.3
12,44,00,40,27.6,78.2
12,45,00,18,27.6,78
12,46,00,29,27.6,78.1
12,47,00,20,27.6,78.2
12,48,00,17,27.6,78
12,49,00,21,27.6,77.9
12,50,00,10,27.6,78.2
12,52,00,16,27.6,77.9
12,53,00,20,27.6,77.8
12,54,00,14,27.5,77.7
12,55,00,32,27.5,77.7
12,56,00,18,27.5,77.7
12,57,00,15,27.5,78
12,58,00,23,27.5,77.5
12,59,00,16,27.5,77.7
13,00,00,18,27.5,77.5
13,01,00,15,27.5,77.4
13,02,00,31,27.5,77.4
13,03,00,21,27.5,76.9
13,04,00,23,27.5,76.8
13,05,00,31,27.5,77.2
13,06,00,24,27.5,77.3
13,07,00,14,27.5,76.9
13,08,00,12,27.5,77.1
13,09,00,22,27.5,76.8
13,10,00,37,27.5,76.6
13,11,00,22,27.5,76.7
13,12,00,15,27.5,76.4
13,13,00,33,27.5,76.3
13,14,00,15,27.5,76.5
13,15,00,34,27.5,76.3
13,16,00,22,27.5,76.3
13,17,00,29,27.5,76.4
13,18,00,27,27.5,76.1
13,19,00,21,27.5,76.3
13,20,00,21,27.5,76.3
13,21,00,31,27.5,76.8
13,22,00,21,27.5,76.6
13,23,00,34,27.5,76
13,24,00,22,27.5,75.8
13,25,00,19,27.5,75.6
13,26,00,24,27.5,75.6
13,27,00,30,27.5,75.7
13,28,00,25,27.6,75.5
13,29,00,25,27.6,75.5
13,30,00,31,27.6,75.4
13,31,00,30,27.6,75.3
13,32,00,32,27.6,75.4
13,33,00,13,27.6,75.3
13,34,00,22,27.6,75.3
13,35,00,34,27.6,75.3
13,36,00,21,27.6,75.2
13,37,00,22,27.6,75.5
13,38,00,13,27.6,75.4
13,39,00,28,27.6,75.4
13,40,00,26,27.6,75.4
13,41,00,29,27.6,75.5
13,42,00,22,27.6,75.1
13,43,00,25,27.6,75.1
13,44,00,19,27.6,75.1
13,45,00,33,27.6,75
13,46,00,26,27.6,74.9
13,47,00,15,27.6,74.9
13,48,00,19,27.6,75
13,49,00,24,27.7,74.9
13,50,00,28,27.7,74.8
13,51,00,17,27.7,74.8
13,52,00,27,27.6,74.8
13,53,00,9,27.7,75
13,54,00,38,27.6,74.8
13,55,00,8,27.7,75
13,56,00,37,27.6,74.8
13,57,00,32,27.6,74.8
13,58,00,30,27.6,74.9
13,59,00,24,27.6,74.9
14,00,00,27,27.6,75
14,01,00,32,27.6,75
14,02,00,25,27.6,75
14,03,00,18,27.6,74.9
14,04,00,15,27.6,74.9
14,05,00,25,27.7,74.8
14,06,00,28,27.7,74.9
14,07,00,30,27.7,74.7
14,08,00,25,27.7,74.8
14,09,00,19,27.7,75
14,10,00,29,27.7,74.5
14,11,00,26,27.7,74.5
14,12,00,27,27.7,74.6
14,13,00,24,27.7,74.6
14,14,00,18,27.7,74.6
14,15,00,27,27.7,74.5
14,16,00,32,27.7,74.5
14,17,00,24,27.7,74.6
14,18,00,30,27.7,74.6
14,19,00,24,27.7,74.3
14,20,00,22,27.7,74.5
14,21,00,14,27.7,74.6
14,22,00,29,27.7,74.6
14,23,00,18,27.7,74.6
14,24,00,40,27.7,74.5
14,25,00,21,27.7,74.6
14,26,00,26,27.7,74.7
14,27,00,18,27.8,74.3
14,28,00,16,27.8,74.1
14,29,00,28,27.8,73.9
14,30,00,18,27.9,74.3
14,31,00,34,27.9,74.1
14,32,00,9,27.9,74.3
14,33,00,23,27.9,74
14,34,00,11,27.9,73.9
14,35,00,27,27.9,73.9
14,36,00,17,27.8,74.1
14,37,00,19,27.8,73.9
14,38,00,25,27.9,73.9
14,39,00,27,27.9,73.8
14,40,00,18,27.9,73.8
14,41,00,20,27.9,73.7
14,42,00,24,27.8,73.9
14,43,00,15,27.9,73.9
14,44,00,23,27.9,74
14,45,00,25,27.9,73.6
14,46,00,26,27.9,73.3
14,47,00,29,27.9,74
14,48,00,32,27.9,73.9
14,49,00,11,27.9,73.5
14,50,00,31,27.9,73.3
14,51,00,28,27.9,73.3
14,52,00,44,27.9,73.4
14,53,00,24,27.8,73.7
14,54,00,32,27.8,73.5
14,55,00,21,27.9,73.2
14,56,00,25,27.9,73
14,57,00,26,27.9,73
14,58,00,22,27.9,72.4
14,59,00,17,27.9,72.3
15,00,00,12,27.9,73.1
15,01,00,24,27.9,72.3
15,02,00,21,27.9,72.9
15,03,00,21,27.9,72.9
15,04,00,14,27.9,73
15,05,00,22,27.9,72
15,06,00,30,27.9,72.1
15,07,00,20,27.9,72.6
15,08,00,17,27.9,72.6
15,09,00,24,27.9,72.4
15,10,00,31,27.9,72.7
15,11,00,17,27.9,72.2
15,12,00,13,27.9,72.7
15,13,00,32,27.9,72.4
15,14,00,26,27.9,72.5
15,15,00,30,27.9,72.6
15,16,00,8,27.9,72.4
15,17,00,23,27.9,72.4
15,18,00,22,27.9,72.5
15,19,00,16,27.9,72.5
15,20,00,10,27.9,72.4
15,21,00,23,27.9,72.4
15,22,00,30,27.9,72.6
15,23,00,19,27.9,72.7
15,24,00,24,27.9,72.4
15,25,00,19,27.9,72.3
15,26,00,18,27.9,72.3
15,27,00,19,27.9,72.7
15,28,00,22,27.9,72.6
15,29,00,21,27.9,72.5
15,30,00,16,28,72.6
15,31,00,20,28,72.5
15,32,00,17,28,72.7
15,33,00,20,27.9,72.6
15,34,00,18,27.9,72.2
15,35,00,15,27.9,72.4
15,36,00,15,27.9,72.4
15,37,00,20,28,72.3
15,38,00,19,27.9,72.4
15,39,00,12,27.9,72.6
15,40,00,19,27.9,72.4
15,41,00,13,27.9,72.4
15,42,00,20,27.9,72.5
15,43,00,24,27.9,72.4
15,44,00,10,27.9,72.5
15,45,00,11,27.9,72.2
15,46,00,17,27.9,72
15,47,00,22,28,71.9
15,48,00,12,28,71.4
15,49,00,27,27.9,72
15,50,00,12,27.9,71.4
15,51,00,24,27.9,71.7
15,52,00,24,27.9,72.2
15,53,00,17,27.9,71.8
15,54,00,19,27.9,71.6
15,55,00,9,27.9,71.6
15,56,00,22,27.9,71.8
15,57,00,19,27.9,71.6
15,58,00,22,27.9,71.8
15,59,00,21,27.9,71.6
16,00,00,20,27.9,71.9
16,01,00,19,27.9,71.9
16,02,00,13,27.9,71.9
16,03,00,28,27.9,72.1
16,04,00,13,27.9,72.3
16,05,00,22,27.9,72.3
16,06,00,12,27.9,72.4
16,07,00,22,27.9,72.6
16,08,00,22,27.9,72.7
16,09,00,30,27.9,72.8
16,10,00,20,27.9,72.9
16,11,00,21,27.9,73
16,12,00,12,27.9,73.2
16,13,00,20,27.9,73.2
16,14,00,31,27.9,73.5
16,16,00,20,27.9,73.6
16,17,00,14,27.9,73.7
16,18,00,12,27.9,73.7
16,19,00,29,27.9,73.8
16,20,00,15,27.9,74.1
16,21,00,20,27.9,74.2
16,22,00,24,27.9,74.3
16,23,00,25,27.9,74.2
16,24,00,18,27.9,74.2
16,25,00,24,27.9,74.2
16,26,00,20,27.9,74.3
16,27,00,13,27.9,74.4
16,28,00,21,27.9,74.4
16,29,00,13,27.9,74.6
16,30,00,22,27.9,74.7
16,31,00,11,27.9,74.7
16,32,00,17,27.9,74.9
16,33,00,11,27.9,75
16,34,00,19,27.9,74.9
16,35,00,27,27.9,75
16,36,00,20,27.9,75.2
16,37,00,21,27.9,75.3
16,38,00,18,27.9,75.5
16,39,00,22,27.8,76.1
16,40,00,22,27.9,76.2
16,41,00,20,27.9,76.7
16,42,00,16,27.9,76.7
16,43,00,16,27.9,76.7
16,44,00,14,27.9,77.4
16,45,00,17,27.9,77.2
16,46,00,18,27.9,77.4
16,47,00,8,27.8,78.3
16,48,00,16,27.9,78.6
16,49,00,21,27.9,78.4
16,50,00,26,27.9,79.4
16,51,00,20,27.9,78.7
16,52,00,10,27.9,78.5
16,53,00,13,27.9,78.9
16,54,00,9,27.9,79.1
16,55,00,19,27.9,78.7
16,56,00,24,27.9,79
16,57,00,8,27.9,79.1
16,58,00,18,27.8,79.1
16,59,00,14,27.8,79.5
17,00,00,18,27.7,79.4
17,01,00,28,27.7,80.4
17,02,00,24,27.7,80.4
17,03,00,21,27.7,80.7
17,04,00,16,27.6,81
17,05,00,20,27.6,81.3
17,06,00,17,27.5,81.8
17,07,00,14,27.5,82.1
17,08,00,21,27.4,82.4
17,09,00,15,27.4,81.9
17,10,00,12,27.5,82
17,11,00,13,27.4,82.4
17,12,00,23,27.4,82.2
17,13,00,23,27.4,81.8
17,15,00,21,27.3,82.5
17,16,00,19,27.3,82.7
17,17,00,16,27.3,83.2
17,18,00,18,27.2,83.4
17,19,00,20,27.2,83
17,20,00,17,27.2,82.7
17,21,00,11,27.2,83
17,22,00,28,27.2,83
17,23,00,17,27.1,82.9
17,24,00,26,27.1,83
17,25,00,27,27.1,82.7
17,26,00,13,27.1,82.8
17,27,00,7,27.2,83.1
17,28,00,17,27.2,83
17,29,00,19,27.2,82.9
17,30,00,18,27.2,82.9
17,31,00,18,27.2,83.4
17,32,00,18,27.2,82.9
17,33,00,17,27.2,83
17,34,00,29,27.1,83.3
17,35,00,33,27.1,83.6
17,36,00,12,27.1,83.6
17,37,00,15,27.1,83.4
17,38,00,21,27.1,83.8
17,39,00,19,27.1,83.7
17,40,00,30,27.1,83.6
17,41,00,20,27.1,83.8
17,42,00,19,27.1,83.6
17,43,00,27,27.1,83.9
17,44,00,12,27.1,83.7
17,45,00,16,27,83.9
17,46,00,11,27,84.2
17,47,00,16,27,84.2
17,48,00,15,27,84
17,49,00,13,27,83.9
17,50,00,15,27,84
17,51,00,20,26.9,84
17,52,00,14,26.9,84.3
17,53,00,19,26.9,84.4
17,54,00,14,26.9,84.2
17,55,00,6,27,84.3
17,56,00,21,27,84.3
17,57,00,34,27,84.1
17,58,00,16,27,84
17,59,00,14,27,84
18,00,00,16,27,84.1
18,01,00,27,27,84.1
18,02,00,9,27,84.2
18,03,00,13,27,84.2
18,04,00,25,27,84.3
18,05,00,20,27,84.3
18,06,00,18,27,84.5
18,07,00,20,27,84.3
18,08,00,22,27,84.2
18,09,00,25,27.1,84.1
18,10,00,5,27.1,83.9
18,11,00,16,27.2,83.4
18,12,00,19,27.3,83.2
18,13,00,22,27.2,83.2
18,14,00,12,27.2,83.2
18,15,00,18,27.2,83.2
18,16,00,27,27.1,83.4
18,17,00,19,27.2,83.2
18,18,00,11,27.2,83.1
18,19,00,19,27.3,82.9
18,20,00,18,27.3,83
18,21,00,25,27.2,82.9
18,22,00,19,27.2,83
18,23,00,27,27.2,83.1
18,24,00,18,27.1,83.3
18,25,00,22,27.2,83
18,26,00,12,27.2,83
18,27,00,14,27.1,83.2
18,28,00,20,27.1,83.3
18,29,00,17,27,83.6
18,30,00,15,27,83.5
18,31,00,14,27,83.2
18,32,00,25,27,83.1
18,33,00,21,27.1,83.3
18,34,00,25,27,83.4
18,35,00,16,27,83.2
18,36,00,14,27,83.5
18,37,00,14,27.1,83.8
18,38,00,25,27.1,83.9
18,39,00,20,27.1,84
18,40,00,17,27.1,83.9
18,41,00,9,27.2,83.7
18,42,00,16,27.2,83.6
18,43,00,13,27.2,83.7
18,44,00,10,27.1,83.9
18,45,00,15,27.1,84
18,46,00,16,27.1,83.8
18,47,00,13,27.1,83.8
18,48,00,22,27.1,83.8
18,49,00,27,27.1,84
18,50,00,20,27,84.4
18,51,00,34,27,84.3
18,52,00,23,27.1,84
18,53,00,29,27.1,83.8
18,54,00,19,27,83.9
18,55,00,9,27.1,83.7
18,56,00,16,27.1,83.7
18,57,00,22,27.1,83.8
18,58,00,21,27.1,83.8
18,59,00,4,27.1,84.3
19,00,00,22,26.9,85
19,01,00,10,26.7,85.8
19,02,00,24,26.7,85.8
19,03,00,20,26.7,85.8
19,04,00,22,26.8,85.4
19,05,00,18,26.8,85.2
19,06,00,18,26.8,85.1
19,07,00,14,26.8,85.1
19,08,00,18,26.8,84.9
19,09,00,15,26.8,84.7
19,10,00,19,26.7,85
19,11,00,17,26.7,85.1
19,12,00,24,26.7,85.6
19,13,00,20,26.7,85.6
19,14,00,23,26.8,85.3
19,15,00,17,26.9,85
19,16,00,26,26.9,84.9
19,17,00,21,26.8,85
19,18,00,17,26.7,84.9
19,19,00,16,26.6,85.3
19,20,00,25,26.6,85
19,21,00,23,26.5,85.5
19,22,00,21,26.4,85.5
19,23,00,18,26.5,85.2
19,24,00,18,26.5,85.1
19,25,00,9,26.4,85.3
19,26,00,14,26.4,85.4
19,27,00,26,26.5,85
19,28,00,18,26.6,84.7
19,29,00,17,26.6,84.6
19,30,00,20,26.7,84.3
19,31,00,15,26.7,83.9
19,32,00,27,26.7,84
19,33,00,10,26.6,84
19,34,00,16,26.6,84.4
19,35,00,15,26.6,84.6
19,36,00,17,26.6,84.8
19,37,00,16,26.5,85.1
19,38,00,25,26.5,85.4
19,39,00,21,26.4,85.8
19,40,00,22,26.4,86.1
19,41,00,16,26.3,86.1
19,42,00,14,26.4,86
19,43,00,16,26.3,86
19,44,00,27,26.4,85.8
19,45,00,16,26.4,85.6
19,46,00,17,26.5,85.5
19,47,00,25,26.4,85.5
19,48,00,14,26.3,85.9
19,49,00,28,26.3,86
19,50,00,20,26.3,86.2
19,51,00,16,26.3,86.4
19,52,00,24,26.2,86.6
19,53,00,23,26.2,86.5
19,54,00,23,26.3,86.3
19,55,00,12,26.3,86.5
19,56,00,22,26.2,86.5
19,57,00,19,26.4,86.1
19,58,00,13,26.5,85.6
19,59,00,22,26.6,85.4
20,00,00,14,26.6,85.2
20,01,00,15,26.7,84.9
20,02,00,11,26.8,84.8
20,03,00,21,26.8,84.7
20,04,00,24,26.8,84.7
20,05,00,19,26.8,84.6
20,06,00,27,26.8,84.6
20,07,00,21,26.8,84.6
20,08,00,18,26.8,84.6
20,09,00,17,26.8,84.6
20,10,00,28,26.8,84.5
20,11,00,26,26.8,84.5
20,12,00,16,26.8,84.4
20,13,00,21,26.8,84.4
20,14,00,16,26.8,84.4
20,15,00,24,26.8,84.4
20,16,00,17,26.8,84.5
20,17,00,30,26.8,84.5
20,18,00,19,26.8,84.5
20,19,00,10,26.7,84.6
20,20,00,18,26.7,84.7
20,21,00,31,26.7,84.6
20,22,00,21,26.7,84.6
20,23,00,17,26.7,84.4
20,24,00,15,26.7,84.4
20,25,00,12,26.6,84.6
20,26,00,16,26.6,84.6
20,27,00,6,26.6,84.6
20,28,00,27,26.6,84.8
20,29,00,14,26.6,85.1
20,30,00,14,26.6,85.1
20,31,00,18,26.6,84.7
20,32,00,23,26.6,84.8
20,33,00,22,26.7,84.8
20,34,00,18,26.7,84.8
20,35,00,16,26.7,85
20,36,00,20,26.6,85.2
20,37,00,25,26.6,85.2
20,39,00,17,26.6,85.3
20,40,00,23,26.6,85.3
20,41,00,21,26.6,85.1
20,42,00,13,26.6,84.9
20,43,00,14,26.6,84.8
20,44,00,17,26.7,84.5
20,45,00,14,26.7,84.6
20,46,00,20,26.7,84.5
20,47,00,24,26.6,84.7
20,48,00,25,26.6,84.8
20,49,00,27,26.6,85.3
20,50,00,16,26.5,85.4
20,51,00,23,26.5,85.2
20,52,00,27,26.5,85.2
20,53,00,17,26.5,85
20,54,00,17,26.5,84.9
20,55,00,19,26.6,84.8
20,56,00,16,26.6,84.5
20,57,00,14,26.6,84.8
20,58,00,15,26.5,85.4
20,59,00,20,26.5,85.3
21,00,00,22,26.5,85.2
21,01,00,13,26.5,85.3
21,02,00,24,26.5,85.2
21,03,00,24,26.6,84.9
21,04,00,25,26.6,84.6
21,05,00,22,26.6,84.6
21,06,00,21,26.6,84.5
21,07,00,22,26.6,84.4
21,08,00,22,26.6,84.5
21,09,00,11,26.6,84.7
21,10,00,25,26.6,84.7
21,11,00,13,26.6,84.6
21,12,00,13,26.6,84.5
21,13,00,13,26.6,84.6
21,14,00,11,26.6,84.5
21,15,00,25,26.6,84.5
21,16,00,20,26.6,84.7
21,17,00,20,26.6,84.9
21,18,00,16,26.6,84.9
21,19,00,15,26.6,85
21,20,00,17,26.6,85
21,21,00,10,26.6,84.9
21,22,00,10,26.6,84.9
21,23,00,8,26.6,84.7
21,24,00,19,26.6,84.5
21,25,00,9,26.5,84.8
21,26,00,18,26.5,84.9
21,27,00,19,26.5,84.8
21,28,00,20,26.5,84.8
21,29,00,20,26.5,84.7
21,30,00,20,26.5,85
21,31,00,13,26.5,84.8
21,32,00,18,26.5,84.7
21,33,00,20,26.6,84.6
21,34,00,20,26.6,84.6
21,35,00,11,26.6,84.6
21,36,00,10,26.6,84.7
21,37,00,21,26.5,84.9
21,38,00,18,26.5,85
21,39,00,19,26.5,85
21,40,00,27,26.5,84.9
21,41,00,29,26.5,84.8
21,42,00,16,26.6,84.8
21,43,00,15,26.6,84.8
21,44,00,9,26.6,84.8
21,45,00,18,26.6,84.9
21,46,00,20,26.6,85
21,47,00,21,26.5,85
21,48,00,22,26.5,85.2
21,49,00,25,26.5,85.2
21,50,00,26,26.5,85.1
21,51,00,12,26.5,85.3
21,52,00,19,26.5,85.2
21,53,00,10,26.4,85.4
21,54,00,20,26.4,85.6
21,55,00,28,26.4,85.3
21,56,00,22,26.5,85.2
21,57,00,21,26.5,85.1
21,58,00,20,26.5,84.9
21,59,00,9,26.5,85.2
22,00,00,13,26.5,85.3
22,01,00,15,26.5,85.2
22,02,00,19,26.4,85.6
22,03,00,23,26.4,85.7
22,04,00,15,26.4,85.8
22,05,00,14,26.3,86
22,06,00,13,26.3,86
22,07,00,12,26.4,86.1
22,08,00,20,26.3,86.1
22,09,00,21,26.3,86.1
22,10,00,21,26.3,86.1
22,11,00,14,26.4,85.8
22,12,00,15,26.4,85.6
22,13,00,6,26.5,85.5
22,14,00,19,26.5,85.4
22,15,00,14,26.5,85.4
22,16,00,28,26.5,85.4
22,17,00,14,26.5,85.5
22,18,00,13,26.5,85.6
22,19,00,26,26.5,85.4
22,20,00,17,26.6,85.3
22,21,00,18,26.6,85.2
22,22,00,28,26.6,85.3
22,23,00,24,26.5,85.4
22,24,00,14,26.5,85.4
22,25,00,13,26.4,85.5
22,26,00,15,26.4,85.6
22,27,00,21,26.4,85.6
22,28,00,23,26.5,85.5
22,29,00,24,26.4,85.5
22,30,00,16,26.4,85.6
22,31,00,16,26.4,85.6
22,32,00,12,26.4,85.6
22,33,00,17,26.4,85.7
22,34,00,27,26.4,85.7
22,35,00,16,26.4,85.7
22,36,00,25,26.4,85.8
22,37,00,11,26.4,85.7
22,38,00,18,26.5,85.4
22,39,00,14,26.5,85.4
22,40,00,19,26.5,85.3
22,41,00,23,26.5,85.3
22,42,00,25,26.5,85.3
22,43,00,28,26.5,85.2
22,44,00,19,26.5,85.2
22,45,00,22,26.5,85.2
22,46,00,25,26.5,85.2
22,47,00,17,26.5,85.1
22,48,00,20,26.4,85.2
22,49,00,18,26.4,85.3
22,50,00,23,26.4,85.3
22,51,00,25,26.4,85.3
22,52,00,22,26.4,85.3
22,53,00,20,26.4,85.5
22,54,00,9,26.4,85.5
22,55,00,28,26.4,85.5
22,56,00,16,26.4,85.6
22,57,00,20,26.3,85.6
22,58,00,10,26.4,85.5
22,59,00,22,26.4,85.5
23,00,00,21,26.4,85.6
23,01,00,18,26.4,85.6
23,03,00,22,26.3,85.7
23,04,00,21,26.3,85.8
23,05,00,16,26.4,85.7
23,06,00,29,26.4,85.5
23,07,00,12,26.5,85.4
23,08,00,21,26.5,85.2
23,09,00,19,26.5,85.3
23,10,00,19,26.5,85.3
23,12,00,21,26.4,85.7
23,13,00,20,26.4,85.5
23,14,00,11,26.4,85.2
23,15,00,16,26.4,85.3
23,16,00,19,26.4,85.3
23,17,00,20,26.4,85.3
23,18,00,22,26.4,85.2
23,19,00,12,26.4,85.2
23,20,00,26,26.4,85.3
23,21,00,38,26.4,85.2
23,22,00,15,26.4,85.3
23,23,00,22,26.5,84.7
23,24,00,25,26.6,84.5
23,25,00,14,26.6,84.2
23,27,00,24,26.5,84.4
23,28,00,21,26.5,84.6
23,29,00,21,26.5,84.7
23,30,00,19,26.5,84.8
23,31,00,12,26.5,84.9
23,32,00,17,26.5,84.9
23,33,00,24,26.4,85.1
23,34,00,13,26.4,85.2
23,35,00,13,26.4,85.1
23,36,00,23,26.4,85.2
23,37,00,21,26.4,85.1
23,38,00,23,26.4,85.1
23,39,00,21,26.4,85.3
23,40,00,16,26.3,85.4
23,41,00,22,26.3,85.3
23,42,00,20,26.3,85.4
23,43,00,18,26.3,85.3
23,44,00,12,26.4,85.2
23,45,00,21,26.4,84.9
23,46,00,18,26.4,84.9
23,47,00,20,26.4,84.9
23,48,00,27,26.4,84.8
23,49,00,23,26.4,84.8
23,50,00,23,26.4,84.7
23,51,00,20,26.4,84.7
23,52,00,23,26.4,84.7
23,53,00,15,26.4,85
23,54,00,23,26.4,85
23,55,00,20,26.4,85.1
23,56,00,19,26.4,85.1
23,57,00,19,26.4,84.9
23,58,00,16,26.4,84.9
23,59,00,19,26.4,84.9
