00,00,00,16,26,83.5
00,01,00,20,26,83.6
00,02,00,12,26,83.7
00,03,00,13,26,83.5
00,04,00,13,25.8,84.1
00,05,00,21,25.6,84.5
00,06,00,16,25.4,85.1
00,07,00,22,25.2,85.8
00,08,00,11,25.4,85.5
00,09,00,14,25.3,85.5
00,10,00,11,25.4,85.3
00,11,00,14,25.6,84.9
00,12,00,19,25.6,84.8
00,13,00,20,25.7,84.7
00,14,00,17,25.7,84.4
00,15,00,23,25.8,84.1
00,16,00,21,25.8,84.1
00,17,00,13,25.8,84
00,18,00,21,25.8,84.1
00,19,00,26,25.9,84
00,20,00,18,25.8,84.1
00,21,00,14,25.8,84.1
00,22,00,16,25.8,84.3
00,23,00,26,25.8,84.3
00,24,00,13,25.8,84.3
00,25,00,19,25.8,84.2
00,26,00,11,25.9,83.9
00,27,00,16,25.8,84.1
00,28,00,17,25.5,85.1
00,29,00,18,25.4,85.4
00,30,00,14,25.5,85.2
00,31,00,17,25.5,85.1
00,32,00,18,25.7,84.7
00,33,00,15,25.8,84.4
00,34,00,20,25.8,84
00,35,00,18,25.8,84.2
00,36,00,22,25.8,84.2
00,37,00,17,25.7,84.5
00,38,00,13,25.8,84.4
00,39,00,23,25.8,84.2
00,40,00,22,25.9,84
00,41,00,21,25.9,83.9
00,42,00,21,25.9,83.9
00,43,00,17,25.8,83.8
00,44,00,22,25.7,84.5
00,45,00,17,25.7,84.3
00,46,00,19,25.7,84.3
00,47,00,12,25.8,84.2
00,48,00,27,25.8,84.2
00,49,00,7,25.8,84.2
00,50,00,20,25.9,83.9
00,51,00,14,25.8,83.8
00,52,00,22,25.9,83.9
00,53,00,21,25.9,83.9
00,54,00,14,25.9,83.5
00,55,00,24,25.9,83.4
00,56,00,20,25.7,84.1
00,57,00,21,25.5,84.6
00,58,00,24,25.5,84.7
00,59,00,17,25.6,84.6
01,01,00,21,25.5,84.5
01,02,00,20,25.5,84.9
01,03,00,12,25.6,84.7
01,04,00,9,25.7,84.6
01,05,00,24,25.7,84.2
01,06,00,15,25.8,84.1
01,07,00,10,25.7,84.3
01,08,00,15,25.8,84.2
01,09,00,14,25.8,84.1
01,10,00,19,25.8,83.9
01,11,00,21,25.8,83.9
01,13,00,26,25.8,84
01,14,00,15,25.9,83.7
01,15,00,27,25.9,83.8
01,16,00,9,25.8,83.9
01,17,00,21,25.8,83.9
01,18,00,11,25.9,83.7
01,19,00,19,25.9,83.6
01,20,00,17,25.9,83.6
01,21,00,14,25.8,83.7
01,22,00,15,25.8,83.8
01,23,00,11,25.8,83.7
01,24,00,28,25.8,83.9
01,25,00,21,25.8,83.9
01,26,00,24,25.8,83.9
01,27,00,18,25.9,83.8
01,28,00,23,25.9,83.6
01,29,00,20,25.9,83.4
01,30,00,15,25.9,83.6
01,31,00,23,25.9,83.9
01,32,00,20,25.9,83.8
01,33,00,15,26,83.4
01,34,00,15,26,83.2
01,35,00,22,26.1,83
01,36,00,13,26,83.2
01,37,00,17,26,83.2
01,38,00,11,26,83.1
01,39,00,23,26,83.3
01,40,00,22,26,83.3
01,41,00,11,25.9,83.4
01,42,00,26,26,83.3
01,43,00,22,26,83.1
01,44,00,25,25.9,83.4
01,45,00,8,25.8,83.6
01,46,00,15,25.8,83.9
01,47,00,25,25.8,83.9
01,48,00,22,25.9,83.7
01,49,00,26,25.8,83.7
01,50,00,17,25.9,83.6
01,51,00,18,25.8,83.7
01,52,00,23,25.9,83.5
01,53,00,23,25.9,83.5
01,54,00,12,25.7,84
01,55,00,33,25.5,84.7
01,56,00,17,25.5,84.8
01,57,00,15,25.5,84.6
01,58,00,16,25.5,84.8
01,59,00,15,25.6,84.4
02,00,00,16,25.8,84.1
02,01,00,21,25.7,84.1
02,02,00,33,25.6,84.1
02,03,00,15,25.5,84.6
02,04,00,17,25.4,85.1
02,05,00,15,25.4,84.9
02,06,00,15,25.3,85.5
02,07,00,11,25.4,85.1
02,08,00,26,25.6,84.7
02,09,00,23,25.6,84.5
02,10,00,14,25.6,84.5
02,11,00,18,25.6,84.5
02,12,00,13,25.7,84.4
02,13,00,24,25.7,84.4
02,14,00,10,25.7,84.2
02,15,00,27,25.7,83.9
02,16,00,19,25.5,84.5
02,17,00,18,25.5,84.8
02,18,00,20,25.6,84.5
02,19,00,25,25.6,84.3
02,20,00,15,25.7,84.1
02,21,00,14,25.7,84
02,22,00,23,25.8,83.9
02,23,00,9,25.8,83.8
02,24,00,19,25.8,83.9
02,25,00,7,25.7,84
02,26,00,16,25.7,84.2
02,27,00,11,25.7,84.3
02,28,00,13,25.7,84.2
02,29,00,19,25.8,84
02,30,00,19,25.8,83.8
02,31,00,17,25.8,83.7
02,32,00,26,25.8,83.7
02,33,00,18,25.8,83.9
02,34,00,22,25.8,83.8
02,35,00,14,25.7,84
02,36,00,21,25.7,84
02,37,00,12,25.7,84
02,38,00,16,25.8,83.8
02,39,00,19,25.8,83.8
02,40,00,15,25.6,84.2
02,41,00,13,25.5,84.7
02,42,00,20,25.5,84.4
02,43,00,17,25.7,84.2
02,44,00,9,25.6,84.3
02,45,00,15,25.7,84.2
02,46,00,12,25.7,84.1
02,47,00,12,25.7,84.2
02,48,00,27,25.7,84.4
02,49,00,17,25.6,84.5
02,50,00,11,25.6,84.5
02,51,00,10,25.6,84.5
02,52,00,17,25.6,84.3
02,53,00,13,25.7,84.3
02,54,00,17,25.7,84.3
02,55,00,19,25.7,84.2
02,56,00,16,25.7,84.2
02,57,00,24,25.7,84.2
02,58,00,12,25.7,84.4
02,59,00,7,25.7,84.5
03,00,00,22,25.7,84.6
03,01,00,15,25.7,84.5
03,02,00,21,25.7,84.5
03,03,00,12,25.7,84.5
03,04,00,20,25.7,84.5
03,05,00,31,25.8,84.2
03,06,00,19,25.8,84.1
03,07,00,23,25.8,83.9
03,08,00,21,25.9,83.7
03,09,00,23,25.9,83.6
03,10,00,28,25.8,83.7
03,11,00,16,25.8,83.9
03,12,00,12,25.8,83.9
03,13,00,15,25.8,84
03,14,00,20,25.8,84
03,15,00,24,25.8,84.1
03,16,00,20,25.7,84.2
03,17,00,27,25.7,84.3
03,18,00,16,25.7,84.4
03,19,00,12,25.7,84.5
03,20,00,8,25.7,84.3
03,21,00,18,25.8,84.2
03,22,00,13,25.8,84.1
03,23,00,23,25.8,84
03,24,00,23,25.8,83.9
03,25,00,19,25.8,83.8
03,26,00,17,25.8,83.8
03,27,00,15,25.7,83.8
03,28,00,18,25.5,84.1
03,29,00,14,25.3,84.7
03,30,00,19,25.1,85.6
03,31,00,14,25,86.2
03,32,00,15,25,86
03,33,00,24,25,86.2
03,34,00,18,25,86.1
03,35,00,24,24.9,86.4
03,36,00,22,24.9,86.5
03,37,00,15,24.9,86.5
03,38,00,14,24.9,86.6
03,39,00,17,24.8,86.7
03,40,00,13,24.8,86.6
03,41,00,29,25,86
03,43,00,20,25.1,85.7
03,44,00,11,25.2,85.5
03,45,00,20,25.3,85.2
03,46,00,21,25.4,84.9
03,47,00,13,25.5,84.6
03,48,00,9,25.4,84.8
03,49,00,26,25.5,84.7
03,50,00,19,25.5,84.5
03,51,00,22,25.6,84.3
03,52,00,11,25.6,84.2
03,53,00,23,25.6,84
03,54,00,19,25.6,84
03,55,00,16,25.6,84
03,56,00,19,25.6,83.9
03,57,00,15,25.6,84.1
03,58,00,22,25.5,84.1
03,59,00,16,25.6,84
04,00,00,10,25.4,84.3
04,01,00,19,25.2,85.1
04,02,00,23,25.1,85.4
04,03,00,18,25,85.7
04,04,00,14,25.1,85.7
04,06,00,14,25.3,85.2
04,07,00,17,25.5,84.8
04,08,00,17,25.5,84.6
04,09,00,15,25.5,84.4
04,10,00,21,25.6,84.2
04,11,00,6,25.6,84.2
04,12,00,13,25.6,84.1
04,13,00,12,25.6,84.1
04,14,00,18,25.6,84.1
04,15,00,17,25.7,84
04,16,00,19,25.7,83.9
04,17,00,15,25.7,83.8
04,18,00,24,25.7,83.5
04,19,00,9,25.7,83.6
04,20,00,20,25.6,83.5
04,21,00,19,25.4,84.4
04,22,00,29,25.4,84.5
04,24,00,12,25.5,84
04,25,00,22,25.6,84
04,26,00,21,25.7,83.8
04,27,00,23,25.7,83.7
04,28,00,10,25.7,83.8
04,29,00,23,25.7,83.6
04,30,00,20,25.7,83.5
04,31,00,14,25.6,83.7
04,32,00,21,25.3,84.7
04,33,00,15,25.3,85.1
04,34,00,23,25.4,85
04,35,00,24,25.4,84.7
04,36,00,26,25.5,84.6
04,37,00,15,25.5,84.5
04,38,00,19,25.2,85
04,39,00,18,25.2,85.2
04,40,00,14,25.1,85.8
04,41,00,21,25.2,85.5
04,42,00,17,25.2,85.4
04,43,00,18,25.3,85.1
04,44,00,17,25.4,84.9
04,45,00,19,25.4,84.5
04,46,00,20,25.2,85.1
04,47,00,22,25.2,85.1
04,48,00,21,25,86
04,49,00,20,25,86
04,50,00,19,25.2,85.5
04,51,00,13,25.3,85.3
04,52,00,20,25.3,85
04,53,00,8,25.4,84.9
04,54,00,19,25.4,84.7
04,55,00,16,25.4,84.2
04,56,00,17,25.4,84.1
04,57,00,16,25.5,84.2
04,58,00,31,25.5,84.3
04,59,00,11,25.5,84.5
05,00,00,21,25.5,84.2
05,01,00,19,25.5,84.1
05,02,00,12,25.4,84.5
05,03,00,14,25.3,84.5
05,04,00,22,25,85.7
05,05,00,16,25,85.6
05,06,00,13,25,85.9
05,07,00,15,25.1,85.6
05,08,00,7,25.2,85.1
05,09,00,15,25.3,84.8
05,10,00,15,25.3,84.7
05,11,00,21,25.4,84.6
05,12,00,14,25.4,84.6
05,13,00,10,25.4,84.5
05,14,00,16,25.4,84.4
05,15,00,26,25.5,84.4
05,16,00,23,25.5,84
05,17,00,17,25.5,84.1
05,18,00,22,25.5,84.2
05,19,00,19,25.4,84.4
05,20,00,20,25.4,84.5
05,21,00,24,25.3,84.2
05,22,00,20,25.3,84.2
05,23,00,8,25.4,84
05,24,00,22,25.4,83.9
05,25,00,10,25.4,84
05,26,00,16,25.4,84
05,27,00,30,25.4,84.3
05,28,00,19,25.4,84.3
05,29,00,18,25.3,84.2
05,30,00,24,25.4,84
05,31,00,17,25.4,84
05,32,00,14,25.4,84.1
05,33,00,18,25.3,84.2
05,34,00,15,25.4,83.9
05,35,00,16,25.4,84.2
05,36,00,13,25.4,84
05,37,00,25,25.5,83.8
05,38,00,20,25.5,83.7
05,39,00,16,25.4,83.8
05,40,00,28,25.4,83.9
05,41,00,23,25.2,84.6
05,42,00,30,25,85
05,43,00,8,24.9,85.7
05,44,00,26,25,85.2
05,45,00,10,25.1,85.1
05,46,00,27,25.2,84.6
05,47,00,13,25.3,84.3
05,48,00,13,25.3,84.3
05,49,00,14,25.3,84.4
05,50,00,23,25.2,84.4
05,51,00,7,25,85.1
05,52,00,14,25,85.3
05,53,00,16,25.1,85
05,54,00,21,25.2,85
05,55,00,18,25.2,84.8
05,56,00,27,25.3,84.5
05,57,00,7,25.4,84.3
05,58,00,19,25.4,84
05,59,00,20,25.4,83.9
06,00,00,20,25.4,84.1
06,01,00,17,25.3,84.2
06,02,00,34,25.3,84.3
06,03,00,16,25.2,84.5
06,04,00,22,25.2,84.5
06,05,00,21,25.2,84.4
06,06,00,21,25.3,84.1
06,07,00,19,25.3,83.9
06,08,00,30,25.3,84.2
06,09,00,32,25.3,84.3
06,10,00,11,25.3,84.4
06,11,00,26,25.2,84.6
06,12,00,13,25.2,84.9
06,13,00,11,25.3,84.7
06,14,00,20,25.2,85
06,15,00,22,25.3,85
06,16,00,17,25.3,84.9
06,17,00,30,25.3,85
06,18,00,30,25.3,85
06,19,00,25,25.2,85.2
06,20,00,21,25.3,85.1
06,21,00,14,25.3,85.1
06,22,00,24,25.2,85.4
06,24,00,13,25.3,85.2
06,25,00,19,25.3,84.9
06,26,00,15,25.3,85.1
06,27,00,27,25.3,85.3
06,28,00,22,25.2,85.5
06,29,00,22,25.3,85.4
06,30,00,21,25.3,85.6
06,31,00,19,25.3,85.4
06,32,00,26,25.3,85.4
06,33,00,15,25.3,85.3
06,34,00,18,25.4,85.3
06,35,00,25,25.5,84.9
06,36,00,27,25.5,84.8
06,37,00,15,25.6,84.5
06,38,00,24,25.6,84.4
06,39,00,13,25.5,84.2
06,40,00,18,25.5,84.3
06,41,00,17,25.5,84.5
06,42,00,21,25.5,84.5
06,43,00,24,25.5,84.4
06,44,00,21,25.5,84.4
06,45,00,13,25.5,84.7
06,46,00,6,25.5,84.8
06,47,00,29,25.5,84.5
06,48,00,12,25.4,84.9
06,49,00,17,25.5,84.9
06,50,00,28,25.4,84.7
06,51,00,23,25.5,84.4
06,52,00,15,25.5,83.9
06,53,00,28,25.5,83.5
06,54,00,19,25.5,83.5
06,55,00,17,25.6,83.7
06,56,00,33,25.6,83.5
06,57,00,31,25.6,83.5
06,58,00,29,25.6,83.6
06,59,00,25,25.6,83.5
07,00,00,20,25.7,83.2
07,01,00,15,25.6,83.4
07,02,00,15,25.6,83.4
07,03,00,35,25.6,83.6
07,04,00,13,25.6,83.5
07,05,00,16,25.6,83.5
07,07,00,21,25.5,84
07,08,00,19,25.6,84
07,09,00,20,25.6,83.5
07,10,00,24,25.5,83.5
07,11,00,19,25.6,83.7
07,12,00,35,25.6,83.7
07,13,00,33,25.5,83.8
07,14,00,14,25.5,83.9
07,15,00,20,25.6,83.7
07,16,00,36,25.6,83.6
07,17,00,20,25.7,83.5
07,18,00,32,25.7,83.3
07,19,00,16,25.7,83.3
07,20,00,26,25.8,83.2
07,21,00,34,25.8,83.1
07,22,00,31,25.8,83.1
07,23,00,18,25.8,83.2
07,24,00,26,25.7,83.2
07,25,00,32,25.8,83
07,26,00,20,25.9,83
07,27,00,30,25.8,83.2
07,28,00,23,25.8,83.2
07,29,00,17,25.8,83.1
07,30,00,13,25.8,83.2
07,31,00,30,25.7,83.2
07,32,00,28,25.7,83.3
07,33,00,15,25.8,83
07,34,00,24,25.7,83.3
07,35,00,18,25.8,83.1
07,36,00,19,25.8,83
07,37,00,17,25.8,83.1
07,38,00,30,25.8,83.1
07,39,00,20,25.8,82.9
07,40,00,35,25.9,82.9
07,41,00,24,26,82.5
07,42,00,18,26,82
07,43,00,15,26,82.2
07,44,00,26,26,82.1
07,45,00,24,25.9,82.6
07,46,00,18,26,82.3
07,47,00,20,26,82.2
07,48,00,16,25.9,82.3
07,49,00,22,25.9,82.4
07,50,00,24,25.9,82.4
07,51,00,22,25.9,82.2
07,52,00,19,25.8,82.7
07,53,00,16,25.9,82.6
07,54,00,16,25.9,82.8
07,55,00,18,25.9,82.8
07,56,00,25,25.9,82.7
07,57,00,27,25.9,82.7
07,58,00,19,25.9,82.6
07,59,00,24,25.9,82.7
08,00,00,24,25.9,82.7
08,01,00,36,25.9,82.6
08,02,00,31,25.9,82.7
08,03,00,18,25.9,82.9
08,04,00,14,25.9,82.4
08,05,00,27,25.9,82.6
08,06,00,17,26,82.4
08,07,00,31,26,82.8
08,08,00,32,26,82.2
08,09,00,15,26,82.3
08,10,00,21,26,82.5
08,11,00,32,26,82.9
08,12,00,32,26,82.7
08,13,00,25,25.9,82.6
08,14,00,18,26,82.6
08,15,00,13,26,82.7
08,16,00,22,26,82.5
08,17,00,24,26,82.7
08,18,00,16,26,82.7
08,19,00,21,26,82.8
08,20,00,28,26,82.8
08,21,00,22,26,82.7
08,22,00,22,26,82.9
08,23,00,29,26,82.8
08,24,00,26,26,82.9
08,25,00,28,26.1,82.5
08,26,00,23,26.1,82.5
08,27,00,36,26,82.6
08,28,00,21,26,82.7
08,29,00,30,26.1,82.7
08,30,00,29,26.1,82.3
08,31,00,20,26.1,82.1
08,32,00,25,26.1,82.4
08,33,00,34,26.1,82.7
08,34,00,28,26,82.7
08,35,00,32,26.1,82.6
08,36,00,39,26.1,82.2
08,37,00,12,26.1,82.1
08,38,00,29,26.1,82.2
08,39,00,27,26.1,82.4
08,40,00,34,26.1,82.6
08,41,00,32,26.1,82.1
08,42,00,40,26.2,82.2
08,43,00,20,26.2,82
08,44,00,31,26.2,82.2
08,45,00,27,26.2,82
08,46,00,19,26.2,82.1
08,47,00,31,26.2,82.2
08,48,00,25,26.2,82.2
08,49,00,31,26.2,82.6
08,50,00,28,26.2,81.8
08,51,00,23,26.3,81.8
08,52,00,15,26.3,81.8
08,53,00,23,26.3,81.6
08,54,00,25,26.3,82
08,55,00,26,26.3,82
08,56,00,16,26.3,81.9
08,57,00,22,26.3,82.1
08,58,00,25,26.3,82
08,59,00,33,26.2,82.3
09,00,00,28,26.3,82.1
09,01,00,19,26.3,82.2
09,02,00,23,26.2,82.3
09,03,00,14,26.3,82.3
09,04,00,22,26.3,82.2
09,05,00,24,26.3,82.2
09,06,00,26,26.3,82.3
09,07,00,16,26.3,82.7
09,08,00,26,26.3,82.4
09,09,00,16,26.3,82.4
09,10,00,24,26.3,82.4
09,11,00,14,26.3,82.3
09,12,00,25,26.3,82.5
09,13,00,25,26.3,82.5
09,14,00,30,26.3,82.6
09,15,00,17,26.4,82.6
09,16,00,16,26.4,82.6
09,17,00,30,26.4,82.6
09,18,00,21,26.4,82.6
09,20,00,19,26.4,82.6
09,21,00,16,26.4,82.6
09,22,00,14,26.3,82.7
09,23,00,17,26.3,82.7
09,24,00,12,26.3,82.8
09,25,00,20,26.3,82.6
09,26,00,21,26.3,82.8
09,27,00,24,26.4,82.7
09,28,00,33,26.4,82.6
09,29,00,14,26.4,82.5
09,30,00,27,26.4,82.3
09,31,00,23,26.4,82.2
09,32,00,33,26.4,82.4
09,33,00,23,26.4,82.4
09,34,00,29,26.4,82.4
09,35,00,30,26.4,82.3
09,36,00,10,26.5,82.2
09,37,00,25,26.4,82.4
09,38,00,23,26.5,82.4
09,39,00,21,26.5,82.5
09,40,00,27,26.5,82.3
09,41,00,34,26.5,82.2
09,42,00,24,26.5,82.3
09,43,00,12,26.5,82.2
09,44,00,28,26.5,82.2
09,45,00,19,26.5,82.1
09,46,00,29,26.5,82.3
09,47,00,28,26.5,82.3
09,48,00,26,26.5,82
09,49,00,36,26.5,82.1
09,50,00,27,26.5,82
09,51,00,22,26.5,82.2
09,52,00,35,26.5,82.2
09,53,00,29,26.5,82.3
09,54,00,16,26.5,82.4
09,55,00,28,26.5,82.5
09,56,00,20,26.5,82.5
09,57,00,21,26.5,82.6
09,58,00,22,26.5,82.4
09,59,00,25,26.5,82.5
10,00,00,20,26.5,82.5
10,01,00,25,26.6,82.6
10,02,00,10,26.6,82.4
10,03,00,31,26.6,82.5
10,04,00,21,26.6,82.5
10,05,00,10,26.6,82.5
10,06,00,23,26.6,82.5
10,07,00,21,26.6,82.5
10,08,00,22,26.6,82.5
10,09,00,27,26.6,82.5
10,10,00,22,26.6,82.4
10,11,00,28,26.6,82.5
10,12,00,34,26.6,82.4
10,13,00,11,26.6,82.4
10,14,00,12,26.6,82.5
10,15,00,28,26.6,82.8
10,16,00,28,26.7,82.6
10,17,00,25,26.7,82.6
10,18,00,25,26.7,82.6
10,19,00,20,26.7,82.8
10,20,00,28,26.7,82.8
10,21,00,42,26.7,82.8
10,22,00,42,26.7,82.9
10,23,00,23,26.7,82.7
10,24,00,30,26.7,82.8
10,25,00,23,26.7,82.9
10,26,00,19,26.7,82.8
10,27,00,30,26.8,82.8
10,28,00,35,26.8,82.8
10,29,00,26,26.8,82.9
10,30,00,29,26.7,83
10,31,00,17,26.7,83
10,32,00,21,26.8,82.7
10,33,00,20,26.8,82.6
10,34,00,25,26.8,82.7
10,35,00,20,26.8,82.8
10,36,00,28,26.8,82.5
10,37,00,20,26.8,82.7
10,38,00,26,26.8,82.9
10,39,00,19,26.8,82.8
10,40,00,18,26.8,82.6
10,41,00,17,26.8,82.8
10,42,00,15,26.8,82.8
10,43,00,28,26.8,82.8
10,44,00,17,26.8,82.8
10,45,00,26,26.8,82.8
10,46,00,18,26.8,82.7
10,47,00,22,26.8,81.7
10,48,00,10,26.9,81.9
10,49,00,12,26.9,82.3
10,50,00,12,26.9,81.8
10,51,00,14,26.8,82
10,52,00,10,26.8,82.3
10,53,00,28,26.8,82.4
10,54,00,13,26.8,82.4
10,55,00,17,26.9,81.7
10,56,00,17,26.9,81.3
10,57,00,18,26.9,81.6
10,58,00,12,26.9,82.3
10,59,00,20,26.8,82.3
11,00,00,16,26.8,82.4
11,01,00,12,26.8,83.1
11,02,00,24,26.7,83.1
11,03,00,21,26.8,83.2
11,04,00,14,26.7,83.3
11,05,00,25,26.6,84
11,06,00,22,26.6,84.1
11,07,00,15,26.6,84
11,08,00,24,26.5,84.1
11,09,00,17,26.5,84.4
11,10,00,21,26.5,84.3
11,11,00,23,26.5,84.2
11,12,00,15,26.5,84.2
11,13,00,18,26.6,84.2
11,14,00,20,26.6,84.2
11,15,00,25,26.7,83.8
11,16,00,16,26.6,83.8
11,17,00,22,26.5,84.2
11,18,00,29,26.5,84.3
11,19,00,22,26.5,84.3
11,20,00,19,26.6,84.2
11,21,00,13,26.6,84.2
11,22,00,13,26.5,84.3
11,23,00,32,26.4,84.4
11,24,00,22,26.4,84.6
11,25,00,23,26.2,85.4
11,26,00,32,26.1,85.6
11,27,00,25,26.2,85.5
11,28,00,20,26.3,85
11,29,00,28,26.3,84.6
11,30,00,26,26.4,84.6
11,31,00,21,26.4,84.4
11,32,00,22,26.4,84.6
11,33,00,29,26.3,84.8
11,34,00,25,26.4,84.6
11,35,00,17,26.4,84.5
11,36,00,30,26.5,84.5
11,37,00,21,26.5,84.3
11,38,00,17,26.5,84.3
11,39,00,26,26.5,84.5
11,40,00,18,26.5,84.8
11,41,00,21,26.5,84.7
11,42,00,24,26.5,84.6
11,43,00,23,26.5,84.6
11,44,00,15,26.5,84.6
11,45,00,23,26.6,84.3
11,46,00,22,26.5,84.6
11,47,00,17,26.5,84.5
11,48,00,17,26.5,84.6
11,49,00,21,26.5,84.4
11,50,00,21,26.5,84.3
11,51,00,22,26.4,83.8
11,52,00,20,26.3,84.9
11,53,00,25,26.3,84.9
11,54,00,21,26.3,84.6
11,55,00,17,26.3,84.8
11,56,00,21,26.3,84.1
11,57,00,22,26.4,83.9
11,58,00,28,26.4,83.6
11,59,00,12,26.3,83.9
12,00,00,11,26.4,84.1
12,01,00,32,26.4,84
12,02,00,17,26.4,84.4
12,03,00,16,26.4,84.2
12,04,00,31,26.4,84.4
12,05,00,16,26.4,84.4
12,06,00,20,26.4,84.5
12,07,00,23,26.4,84.2
12,08,00,28,26.4,84.3
12,09,00,16,26.4,84.3
12,10,00,26,26.5,84
12,11,00,26,26.5,84.2
12,12,00,17,26.5,84
12,13,00,25,26.6,83.8
12,14,00,33,26.6,83.7
12,15,00,16,26.5,84
12,16,00,17,26.6,84
12,17,00,28,26.4,84.1
12,18,00,17,26.3,84.7
12,19,00,29,26.3,84.6
12,20,00,22,26.3,84.9
12,21,00,13,26.3,84.6
12,22,00,17,26.3,84.6
12,23,00,26,26.3,84.7
12,24,00,14,26.3,84.7
12,25,00,20,26.3,84.6
12,26,00,31,26.4,84.4
12,27,00,21,26.4,84.1
12,28,00,24,26.4,84.1
12,29,00,17,26.5,83.9
12,30,00,9,26.4,83.8
12,31,00,23,26.4,83.6
12,32,00,20,26.4,83.9
12,33,00,23,26.4,83.9
12,34,00,31,26.4,84
12,35,00,25,26.3,84
12,36,00,17,26.4,84.1
12,37,00,26,26.4,83.9
12,38,00,29,26.4,83.9
12,39,00,24,26.4,84
12,40,00,24,26.4,84
12,41,00,16,26.4,83.9
12,42,00,27,26.4,84
12,43,00,26,26.4,83.8
12,44,00,23,26.4,83.9
12,45,00,24,26.5,83.8
12,46,00,17,26.5,83.5
12,47,00,23,26.4,84
12,48,00,21,26.4,83.8
12,49,00,16,26.4,83.8
12,50,00,18,26.4,83.4
12,51,00,26,26.4,83.4
12,52,00,21,26.4,83.6
12,53,00,23,26.4,83.7
12,54,00,19,26.4,83.5
12,55,00,21,26.4,83.6
12,56,00,23,26.4,83.7
12,57,00,21,26.4,83.7
12,58,00,23,26.5,83.1
12,59,00,17,26.4,83.6
13,00,00,20,26.3,83.9
13,01,00,16,26.4,83.7
13,02,00,15,26.4,83.7
13,03,00,15,26.4,83.8
13,04,00,25,26.4,84
13,05,00,29,26.4,83.7
13,06,00,18,26.4,83.7
13,07,00,18,26.4,83.7
13,08,00,46,26.4,83.6
13,09,00,23,26.4,83.7
13,10,00,24,26.4,83.8
13,11,00,32,26.5,83.7
13,12,00,18,26.4,84
13,13,00,15,26.4,84
13,14,00,21,26.4,84.2
13,15,00,23,26.4,84.1
13,16,00,20,26.4,84.1
13,17,00,27,26.4,84.1
13,18,00,21,26.4,84.1
13,19,00,19,26.4,83.8
13,20,00,13,26.4,83.5
13,21,00,14,26.4,83.3
13,22,00,25,26.4,83.4
13,23,00,13,26.4,83.4
13,24,00,24,26.4,83.2
13,25,00,25,26.4,83.2
13,26,00,23,26.3,82.9
13,27,00,18,26.3,83
13,28,00,10,26.4,83.2
13,29,00,30,26.4,83.3
13,30,00,29,26.3,83.2
13,31,00,19,26.3,83.5
13,32,00,21,26.3,83.4
13,33,00,21,26.4,83.2
13,34,00,25,26.4,83.3
13,35,00,18,26.4,83.2
13,36,00,28,26.5,83.1
13,37,00,17,26.5,83.2
13,38,00,23,26.4,83.3
13,39,00,15,26.4,83.5
13,40,00,25,26.4,83.6
13,41,00,26,26.4,83.6
13,42,00,15,26.4,83.9
13,43,00,33,26.4,83.8
13,44,00,19,26.4,83.6
13,45,00,14,26.4,83.8
13,46,00,15,26.4,83.7
13,47,00,27,26.4,83.6
13,48,00,30,26.4,83.5
13,49,00,20,26.5,83.4
13,50,00,22,26.6,83.2
13,51,00,16,26.6,83.2
13,52,00,28,26.5,83.3
13,53,00,19,26.5,83.8
13,54,00,22,26.5,83.5
13,55,00,19,26.5,84
13,56,00,25,26.4,84
13,57,00,21,26.4,84.3
13,58,00,14,26.4,84.2
13,59,00,17,26.4,84
14,00,00,23,26.4,84
14,01,00,23,26.4,84
14,02,00,13,26.4,83.7
14,03,00,18,26.5,83.5
14,04,00,35,26.4,83.7
14,05,00,20,26.4,83.9
14,06,00,15,26.4,83.9
14,07,00,28,26.4,83.8
14,08,00,20,26.4,84.1
14,09,00,18,26.4,84
14,10,00,25,26.4,84
14,11,00,15,26.3,84.9
14,12,00,23,26.2,84.9
14,13,00,23,26.3,85
14,14,00,28,26.3,84.8
14,15,00,20,26.3,84.8
14,16,00,27,26.3,84.9
14,17,00,28,26.3,85
14,18,00,20,26.3,84.9
14,19,00,26,26.3,84.9
14,20,00,30,26.4,84.6
14,21,00,21,26.4,84.3
14,22,00,18,26.4,84.3
14,23,00,33,26.3,84.1
14,24,00,10,26.3,84.1
14,25,00,12,26.2,84.5
14,26,00,18,26.3,84.4
14,27,00,24,26.3,84.6
14,28,00,20,26.4,84.4
14,29,00,22,26.4,84.1
14,30,00,15,26.4,84.3
14,31,00,22,26.4,84.3
14,32,00,20,26.3,84.4
14,33,00,37,26.4,84.1
14,34,00,23,26.4,83.9
14,35,00,18,26.4,83.9
14,36,00,15,26.3,84.1
14,37,00,17,26.4,84
14,38,00,17,26.3,84
14,39,00,26,26.3,84.2
14,40,00,16,26.4,83.8
14,41,00,16,26.4,83.8
14,42,00,14,26.4,83.9
14,43,00,19,26.4,83.6
14,44,00,8,26.5,83.6
14,45,00,20,26.5,83.5
14,46,00,23,26.4,83.7
14,47,00,14,26.4,83.6
14,48,00,22,26.3,83.8
14,49,00,12,26.3,83.7
14,50,00,22,26.3,84.1
14,51,00,20,26.3,84
14,52,00,13,26.3,83.9
14,53,00,24,26.2,83.3
14,54,00,25,26.2,83.8
14,55,00,27,26.2,83.8
14,56,00,18,26.3,83.8
14,57,00,17,26.3,83.6
14,58,00,30,26.4,83.4
14,59,00,18,26.4,82.5
15,00,00,9,26.3,82.4
15,01,00,24,26.1,83.3
15,02,00,24,26.2,83.4
15,03,00,18,26.2,83.1
15,04,00,16,26.2,83.2
15,05,00,21,26.2,83.3
15,06,00,16,26.2,83.3
15,07,00,26,26.2,83.4
15,08,00,9,26.3,83.4
15,09,00,16,26.3,83.4
15,10,00,31,26.3,83.6
15,11,00,15,26.4,83.4
15,12,00,23,26.3,83.7
15,13,00,24,26.3,83.8
15,14,00,19,26.3,84
15,15,00,18,26.3,83.9
15,16,00,11,26.3,83.8
15,17,00,14,26.3,83.9
15,18,00,13,26.4,84
15,19,00,15,26.4,83.9
15,20,00,21,26.4,84
15,21,00,21,26.4,83.8
15,22,00,10,26.4,83.8
15,23,00,22,26.4,83.9
15,24,00,15,26.4,83.9
15,25,00,9,26.5,83.7
15,26,00,18,26.4,83.8
15,27,00,6,26.4,84
15,28,00,22,26.2,84.3
15,29,00,9,26.3,84.5
15,30,00,16,26.3,84.4
15,31,00,15,26.3,84.5
15,32,00,20,26.3,84.4
15,33,00,12,26.1,84.8
15,34,00,16,25.9,84.9
15,35,00,24,25.8,85.8
15,36,00,14,26,85.4
15,37,00,20,26.1,85.3
15,38,00,16,26.2,85
15,39,00,15,26.2,84.9
15,40,00,19,26.1,85
15,41,00,13,26.2,85
15,42,00,29,26.2,84.7
15,43,00,24,26.3,84.7
15,44,00,21,26.3,84.6
15,45,00,20,26.3,84.6
15,46,00,24,26.2,84.9
15,47,00,17,26.2,84.9
15,48,00,16,26.2,85.1
15,49,00,19,26.2,84.8
15,50,00,18,26.3,84
15,51,00,25,26.3,84.6
15,52,00,17,26.3,84.4
15,53,00,25,26.2,84.6
15,54,00,15,26.1,84.9
15,55,00,15,26.1,85.1
15,56,00,19,26.1,85.2
15,57,00,21,26.3,84.8
15,58,00,19,26.2,84.8
15,59,00,17,26.3,84.7
16,00,00,18,26.2,84.7
16,01,00,29,26.2,84.9
16,02,00,14,26.2,84.9
16,03,00,20,26.2,84.9
16,04,00,18,26.3,84.6
16,05,00,22,26.3,84.5
16,06,00,22,26.3,84.5
16,07,00,19,26.2,84.8
16,08,00,17,26.3,84.7
16,09,00,18,26.3,84.6
16,10,00,21,26.3,84.3
16,11,00,18,26.4,84
16,12,00,25,26.4,83.5
16,13,00,22,26.5,83
16,14,00,19,26.3,83.6
16,15,00,24,26.3,83.9
16,16,00,24,26.3,84
16,17,00,22,26.3,84
16,18,00,15,26.3,83.9
16,19,00,16,26.3,84.1
16,20,00,23,26.2,84.3
16,21,00,27,26.3,84.3
16,22,00,19,26.3,84.1
16,23,00,15,26.3,84
16,24,00,23,26.3,84.1
16,25,00,16,26.2,84.2
16,26,00,14,26.2,84.1
16,27,00,23,26.3,84
16,28,00,21,26.3,84
16,29,00,23,26.3,83.9
16,30,00,25,26.3,83.8
16,31,00,16,26.4,83.5
16,32,00,19,26.4,83.5
16,33,00,26,26.4,83.5
16,34,00,14,26.3,83.7
16,35,00,20,26.2,83.9
16,36,00,26,26.3,83.9
16,37,00,16,26.2,83.9
16,38,00,16,26.3,84
16,39,00,31,26.3,84
16,40,00,9,26.3,83.9
16,41,00,21,26.2,84.2
16,42,00,28,26.2,84.1
16,43,00,16,26.2,84.2
16,44,00,11,26.2,84.3
16,45,00,24,26.2,84.1
16,46,00,15,26.3,83.7
16,47,00,17,26.3,83.7
16,48,00,20,26.3,83.9
16,49,00,11,26.2,84.1
16,50,00,20,26.2,84
16,51,00,24,26.2,84.1
16,52,00,16,26.2,84.2
16,53,00,21,26.2,84.2
16,54,00,10,26.2,84.1
16,55,00,24,26.2,84.1
16,56,00,22,26.2,84.2
16,57,00,25,26.2,84
16,58,00,29,26.2,84
16,59,00,16,26.2,84.1
17,00,00,12,26.2,84
17,01,00,17,26.2,84.1
17,02,00,29,26.3,84
17,03,00,17,26.3,83.9
17,04,00,26,26.3,83.9
17,05,00,16,26.3,83.8
17,06,00,18,26.2,84
17,07,00,17,26.2,84.1
17,08,00,14,26.2,84
17,09,00,20,26.3,83.8
17,10,00,20,26.3,83.7
17,11,00,23,26.3,83.6
17,12,00,19,26.3,83.7
17,13,00,16,26.2,83.8
17,14,00,23,26.2,83.8
17,15,00,21,26.2,83.9
17,16,00,9,26.2,84
17,17,00,11,26.2,84.2
17,18,00,26,26.2,83.7
17,19,00,13,26.3,83.3
17,20,00,10,26.4,83.1
17,21,00,20,26.2,83.7
17,22,00,33,26.2,83.6
17,23,00,22,26.2,83.7
17,24,00,10,26.3,83.5
17,25,00,23,26.3,83.5
17,26,00,11,26.2,83.7
17,27,00,20,26.2,83.9
17,28,00,18,26.2,84.1
17,29,00,27,26.2,84.2
17,30,00,11,26.2,84.2
17,31,00,17,26.2,84.3
17,32,00,17,26.2,84.1
17,33,00,18,26.2,84.2
17,34,00,19,26.2,84.3
17,35,00,21,26.2,84.4
17,36,00,29,26.3,84
17,37,00,13,26.3,83.8
17,38,00,25,26.4,83.7
17,39,00,18,26.4,83.5
17,40,00,19,26.4,83.3
17,41,00,20,26.5,83.5
17,42,00,17,26.5,83.5
17,43,00,13,26.4,83.6
17,44,00,19,26.3,83.7
17,45,00,13,26.3,84.1
17,46,00,19,26.3,84.1
17,47,00,18,26.2,84.1
17,48,00,26,26.2,84.3
17,49,00,34,26.2,84.3
17,50,00,15,26.3,84.1
17,52,00,25,26.3,83.9
17,53,00,14,26.3,84
17,54,00,15,26.3,83.9
17,55,00,20,26.3,83.9
17,56,00,13,26.3,83.5
17,57,00,18,26.3,83.4
17,58,00,26,26.3,83.2
17,59,00,17,26.2,83.7
18,00,00,16,26.2,83.9
18,01,00,35,26.2,83.7
18,02,00,10,26.3,83.6
18,03,00,25,26.3,83.5
18,04,00,12,26.3,83.5
18,05,00,22,26.3,83.4
18,06,00,13,26.3,83.4
18,07,00,24,26.3,83.6
18,08,00,16,26.3,83.2
18,09,00,19,26.3,83.2
18,10,00,11,26.3,83.3
18,11,00,19,26.3,83
18,12,00,16,26.3,83
18,13,00,20,26.2,83.2
18,14,00,30,26.2,83.3
18,15,00,13,26.3,83.2
18,16,00,30,26.2,83.3
18,17,00,20,26.3,83.2
18,18,00,18,26.2,83.4
18,19,00,15,26.2,83.5
18,20,00,21,26.2,83.4
18,21,00,21,26.2,83.5
18,22,00,21,26.2,83.2
18,23,00,12,26.2,83.3
18,24,00,12,26.1,83.3
18,25,00,29,26.1,83.5
18,26,00,12,26.2,83.5
18,27,00,16,26.1,83.6
18,28,00,21,26.1,83.4
18,29,00,18,26.1,83.5
18,30,00,15,26.1,83.5
18,31,00,14,26,83.7
18,32,00,20,25.9,84.1
18,33,00,13,26,84
18,34,00,18,26.1,83.8
18,35,00,10,26.1,83.7
18,36,00,23,26.1,83.6
18,37,00,20,26.1,83.5
18,38,00,18,26.1,82.9
18,39,00,16,26.2,82.7
18,40,00,19,26.2,82.7
18,41,00,22,26.2,82.7
18,42,00,14,26.2,82.5
18,43,00,17,26.2,82.1
18,44,00,29,26.2,81.7
18,45,00,16,26.2,81.9
18,46,00,11,26.2,81.8
18,47,00,21,26.1,82.1
18,48,00,20,26.1,82.6
18,49,00,19,26.1,82.8
18,50,00,22,26.1,82.8
18,51,00,12,26.1,82.9
18,52,00,20,26.1,82.9
18,53,00,14,26.1,82.7
18,54,00,9,26.1,82.8
18,55,00,12,26.2,82.6
18,56,00,26,26.2,82.5
18,57,00,22,26.3,82.4
18,58,00,11,26.2,82.4
18,59,00,16,26.2,82.4
19,00,00,15,26.2,82.4
19,01,00,16,26.2,82.3
19,02,00,19,26.2,82.3
19,03,00,16,26.1,82.8
19,04,00,27,26,83.2
19,05,00,23,26,83.1
19,06,00,16,26.1,83.2
19,07,00,14,26.1,83
19,08,00,13,26.2,82.8
19,09,00,23,26.2,82.7
19,10,00,25,26.1,83
19,11,00,22,26.1,83
19,12,00,23,26.1,83.1
19,13,00,14,26,83.3
19,14,00,15,26.1,83.3
19,15,00,25,26.1,83.1
19,16,00,23,26.1,83.1
19,17,00,23,26.1,83
19,18,00,28,26.1,82.9
19,19,00,10,26.1,83
19,20,00,18,26.1,82.8
19,21,00,28,26.1,82.7
19,22,00,16,26.1,82.6
19,23,00,15,26.1,82.5
19,24,00,23,26.1,82.6
19,25,00,16,26.1,82.4
19,26,00,18,26.1,82.5
19,27,00,15,26,82.7
19,28,00,16,26,82.9
19,29,00,11,26,82.5
19,30,00,15,25.8,82.6
19,31,00,22,25.8,83
19,32,00,29,25.9,82.8
19,33,00,21,25.9,82.4
19,34,00,29,25.7,82.8
19,35,00,22,25.7,83
19,36,00,13,25.7,82.7
19,37,00,23,25.7,82.9
19,38,00,12,25.7,82.7
19,39,00,9,25.8,82.5
19,40,00,24,25.8,82.5
19,41,00,21,25.8,82.5
19,42,00,20,25.8,82.4
19,43,00,18,25.9,82.5
19,44,00,22,25.9,82.2
19,45,00,13,26,82
19,46,00,21,25.9,82.1
19,47,00,18,26,82.1
19,48,00,17,26,82.1
19,49,00,13,26,82.2
19,50,00,29,26,82
19,51,00,12,26,81.8
19,52,00,11,26,81.9
19,53,00,11,26,81.8
19,54,00,8,26,82
19,55,00,16,26,81.9
19,56,00,26,25.9,82
19,57,00,24,25.9,81.8
19,58,00,20,26,81.6
19,59,00,15,25.9,81.6
20,00,00,21,25.9,81.9
20,01,00,25,26,81.6
20,02,00,25,25.8,81.8
20,03,00,15,25.6,82.5
20,04,00,14,25.7,82.5
20,05,00,23,25.7,82.4
20,06,00,26,25.7,82.1
20,07,00,22,25.6,82
20,08,00,14,25.5,82.7
20,09,00,19,25.6,82.7
20,10,00,18,25.6,82.7
20,11,00,17,25.7,82.4
20,12,00,23,25.8,82.1
20,13,00,25,25.8,82.1
20,14,00,31,25.6,82.7
20,15,00,19,25.6,83.1
20,16,00,31,25.6,83
20,17,00,24,25.6,83
20,18,00,14,25.7,82.7
20,19,00,16,25.8,82.3
20,20,00,11,25.8,82.1
20,21,00,21,25.7,82.5
20,22,00,11,25.7,82.7
20,23,00,22,25.7,82.7
20,24,00,18,25.7,82.5
20,25,00,7,25.7,82.5
20,26,00,19,25.8,82.2
20,27,00,23,25.8,82
20,28,00,25,25.8,81.9
20,29,00,18,25.8,81.9
20,30,00,15,25.8,81.9
20,31,00,22,25.8,82
20,32,00,11,25.8,82.2
20,33,00,23,25.8,82.2
20,34,00,13,25.8,82.4
20,35,00,21,25.8,82.4
20,36,00,22,25.8,82.2
20,37,00,11,25.9,82.1
20,38,00,22,25.9,82.2
20,39,00,20,25.9,82.1
20,40,00,17,25.9,82
20,41,00,15,25.9,81.9
20,42,00,26,26,81.7
20,43,00,11,26,81.6
20,44,00,24,26,81.6
20,45,00,22,26,81.6
20,46,00,19,26,81.7
20,47,00,11,26,81.8
20,48,00,17,26,81.8
20,49,00,12,26,81.7
20,50,00,9,26,81.7
20,51,00,13,26,81.6
20,52,00,27,26,81.7
20,53,00,19,26,81.6
20,54,00,10,26,81.4
20,55,00,16,26,81.5
20,56,00,21,26,81.6
20,57,00,20,26,81.6
20,58,00,18,26,81.6
20,59,00,20,26,81.5
21,00,00,21,26,81.7
21,01,00,17,26,81.8
21,02,00,13,25.9,81.9
21,03,00,18,25.9,82.1
21,04,00,15,25.9,82.2
21,05,00,15,25.9,82.3
21,06,00,16,25.8,82.4
21,07,00,13,25.8,82.5
21,08,00,20,25.9,82.3
21,09,00,13,25.9,82.2
21,10,00,17,25.9,82
21,11,00,18,25.8,82.3
21,12,00,13,25.8,82.4
21,13,00,23,25.8,82.5
21,14,00,16,25.8,82.4
21,15,00,19,25.8,82.3
21,16,00,5,25.8,82.3
21,17,00,20,25.8,82.2
21,18,00,12,25.8,82.2
21,19,00,16,25.8,82.2
21,20,00,18,25.8,82.1
21,21,00,20,25.8,82.2
21,22,00,21,25.8,82.2
21,23,00,16,25.8,82.2
21,24,00,16,25.8,82.2
21,25,00,17,25.8,82.4
21,26,00,17,25.8,82.3
21,27,00,33,25.8,82.3
21,28,00,18,25.8,82.1
21,29,00,12,25.8,82
21,30,00,25,25.8,81.9
21,31,00,17,25.8,82.1
21,32,00,10,25.8,82.1
21,33,00,13,25.8,82.2
21,34,00,23,25.7,82.3
21,35,00,18,25.7,82.3
21,36,00,23,25.8,82.2
21,37,00,18,25.7,82.2
21,38,00,19,25.7,82.4
21,39,00,23,25.7,82.3
21,40,00,9,25.7,82.4
21,41,00,12,25.7,82.5
21,42,00,26,25.6,82.5
21,43,00,10,25.4,83.2
21,44,00,14,25.1,84.2
21,45,00,13,25,84.6
21,46,00,24,25.1,84.6
21,47,00,16,25.2,84.3
21,48,00,18,25.3,83.9
21,49,00,14,25.4,83.6
21,50,00,20,25.5,83.3
21,51,00,26,25.5,83
21,52,00,16,25.6,82.7
21,53,00,20,25.6,82.5
21,54,00,15,25.6,82.6
21,55,00,24,25.6,82.5
21,56,00,15,25.6,82.3
21,57,00,17,25.6,82.2
21,58,00,28,25.6,82.3
21,59,00,18,25.6,82.4
22,00,00,15,25.5,82.5
22,01,00,15,25.5,82.6
22,02,00,13,25.4,82.9
22,03,00,15,25.5,82.9
22,04,00,21,25.5,82.8
22,05,00,10,25.4,82.8
22,06,00,24,25.5,82.7
22,07,00,15,25.5,82.6
22,08,00,16,25.5,82.4
22,09,00,9,25.5,82.1
22,10,00,10,25.5,82
22,11,00,22,25.2,82.8
22,12,00,20,25.1,83.7
22,13,00,24,25.1,83.6
22,14,00,8,25.3,83.4
22,15,00,12,25.3,83.1
22,16,00,14,25.4,83
22,17,00,25,25.4,82.8
22,18,00,22,25.5,82.4
22,19,00,14,25.5,82.3
22,20,00,12,25.5,82.4
22,21,00,15,25.6,82.2
22,22,00,17,25.6,81.9
22,23,00,17,25.6,81.9
22,24,00,26,25.6,81.8
22,25,00,16,25.5,82
22,26,00,15,25.4,82.3
22,27,00,16,25.3,82.6
22,28,00,15,25.3,82.8
22,29,00,19,25.4,82.5
22,30,00,17,25.4,82.5
22,31,00,16,25.4,82.4
22,32,00,10,25.4,82.4
22,33,00,14,25.4,82.3
22,34,00,12,25.5,82.3
22,35,00,16,25.5,82.3
22,36,00,16,25.5,82.2
22,37,00,26,25.5,82.2
22,38,00,28,25.5,82.2
22,39,00,14,25.4,82.4
22,40,00,19,25.4,82.4
22,41,00,21,25.3,82.2
22,42,00,22,25,83.2
22,43,00,25,25,83.7
22,44,00,18,25,83.4
22,45,00,25,25,83.7
22,46,00,18,24.8,83.7
22,47,00,18,24.7,84
22,48,00,22,24.7,84.5
22,49,00,19,24.8,84.2
22,50,00,16,24.9,84
22,51,00,30,25.1,83.6
22,52,00,10,25.2,83.4
22,53,00,10,25.2,83.1
22,54,00,14,25.3,83
22,55,00,16,25.3,82.8
22,56,00,23,25.4,82.6
22,57,00,25,25.4,82.4
22,58,00,19,25.4,82.5
22,59,00,30,25.5,82.4
23,00,00,15,25.5,82.3
23,01,00,14,25.5,82.3
23,02,00,17,25.5,82.2
23,03,00,12,25.3,82.6
23,04,00,25,25,83.6
23,05,00,25,24.9,84.1
23,06,00,10,24.9,84
23,07,00,13,24.9,84.2
23,08,00,12,25,84
23,09,00,18,25.1,83.7
23,10,00,13,25.2,83.3
23,11,00,22,25.3,83
23,12,00,10,25.3,82.7
23,13,00,8,25.4,82.3
23,14,00,14,25.5,82.2
23,15,00,16,25.5,81.9
23,16,00,15,25.5,82
23,17,00,20,25.4,82.1
23,18,00,17,25.4,82.1
23,19,00,16,25.5,81.8
23,20,00,17,25.4,82
23,21,00,18,25,83
23,22,00,21,24.9,83.6
23,23,00,19,24.9,83.7
23,24,00,20,24.9,83.5
23,25,00,17,24.9,83.6
23,26,00,11,25,83.1
23,27,00,13,25.1,82.8
23,28,00,20,25.2,82.7
23,29,00,16,25.1,82.9
23,30,00,11,24.8,83.6
23,31,00,25,24.6,84.3
23,32,00,13,24.4,84.7
23,33,00,13,24.4,85.2
23,34,00,19,24.6,84.7
23,35,00,16,24.7,84.3
23,36,00,23,24.9,83.7
23,37,00,10,25,83.2
23,38,00,15,25.1,82.9
23,39,00,20,25.2,82.5
23,40,00,16,25.3,82.1
23,41,00,24,25.2,82.3
23,42,00,19,25.2,82.3
23,43,00,19,25.2,82
23,44,00,17,25.2,82.1
23,45,00,11,25.2,82.2
23,46,00,24,25.2,82.1
23,47,00,18,25.1,82.4
23,48,00,21,25.1,82.5
23,49,00,18,25.1,82.6
23,50,00,12,25.2,82.1
23,51,00,14,25.2,81.9
23,52,00,18,25.1,82.3
23,53,00,23,24.9,82.9
23,54,00,16,25.1,82.7
23,55,00,23,25.1,82.5
23,56,00,13,25.1,82.3
23,57,00,15,25.2,82.1
23,58,00,14,25.2,82
23,59,00,14,25.3,81.8
