00,00,00,23,26.0,85.4
00,01,00,18,25.9,85.3
00,02,00,24,25.9,85.6
00,03,00,28,25.9,85.5
00,04,00,12,25.9,85.6
00,05,00,12,26.0,85.3
00,06,00,18,26.0,85.4
00,07,00,25,26.0,85.4
00,08,00,29,25.9,85.5
00,09,00,22,25.9,85.8
00,10,00,23,25.9,85.7
00,11,00,16,25.9,85.5
00,12,00,19,25.9,85.7
00,13,00,22,25.8,85.9
00,14,00,13,25.8,86.0
00,15,00,18,25.8,85.8
00,16,00,19,25.9,85.1
00,17,00,27,26.0,84.6
00,18,00,23,26.0,84.3
00,19,00,20,26.0,84.2
00,20,00,25,25.9,84.4
00,21,00,9,25.8,84.7
00,22,00,18,25.8,84.8
00,23,00,19,25.7,85.1
00,24,00,20,25.7,85.2
00,25,00,9,25.7,85.2
00,26,00,25,25.7,85.3
00,27,00,24,25.7,85.1
00,28,00,20,25.7,85.1
00,29,00,22,25.7,85.1
00,30,00,18,25.5,85.8
00,31,00,13,25.5,86.1
00,32,00,14,25.4,85.9
00,33,00,16,25.3,86.5
00,35,00,20,25.1,87.3
00,36,00,18,25.1,87.7
00,37,00,21,25.2,87.2
00,38,00,31,25.3,86.6
00,39,00,8,25.4,86.1
00,40,00,31,25.5,85.8
00,41,00,25,25.5,85.8
00,42,00,15,25.6,85.6
00,43,00,29,25.6,85.5
00,44,00,21,25.6,85.5
00,45,00,14,25.6,85.5
00,46,00,15,25.6,85.7
00,47,00,20,25.6,85.6
00,48,00,21,25.7,85.5
00,49,00,27,25.7,85.4
00,50,00,14,25.7,85.3
00,51,00,22,25.7,85.3
00,52,00,16,25.7,85.2
00,54,00,6,25.6,85.6
00,55,00,22,25.6,85.6
00,56,00,16,25.5,85.9
00,57,00,26,25.5,86.1
00,58,00,14,25.6,86.0
00,59,00,18,25.6,85.6
01,00,00,21,25.5,85.6
01,01,00,22,25.4,85.9
01,02,00,20,25.3,86.3
01,03,00,13,25.2,86.8
01,04,00,18,25.2,86.8
01,05,00,14,25.3,86.8
01,06,00,20,25.3,86.7
01,07,00,13,25.3,86.5
01,09,00,14,25.3,86.2
01,10,00,23,25.4,86.1
01,11,00,20,25.4,85.9
01,12,00,20,25.3,86.3
01,13,00,18,25.1,86.8
01,14,00,18,25.2,86.8
01,15,00,18,25.2,86.9
01,16,00,13,25.2,87.1
01,17,00,21,25.2,86.9
01,18,00,21,25.3,86.6
01,19,00,12,25.4,86.3
01,20,00,16,25.4,85.9
01,21,00,23,25.4,85.9
01,22,00,9,25.4,85.7
01,23,00,15,25.4,85.5
01,24,00,16,25.4,85.6
01,25,00,35,25.4,85.6
01,26,00,16,25.4,85.6
01,27,00,28,25.5,85.6
01,28,00,14,25.5,85.1
01,29,00,16,25.4,85.4
01,30,00,22,25.4,85.6
01,31,00,16,25.4,85.6
01,32,00,11,25.4,85.7
01,33,00,24,25.4,85.7
01,34,00,22,25.3,86.0
01,35,00,16,25.3,86.5
01,36,00,27,25.2,86.5
01,37,00,29,25.3,86.2
01,38,00,11,25.4,85.8
01,39,00,17,25.5,85.4
01,40,00,25,25.6,85.1
01,41,00,14,25.5,85.3
01,42,00,7,25.4,85.5
01,43,00,20,25.4,85.4
01,44,00,11,25.5,85.3
01,45,00,21,25.4,85.2
01,46,00,20,25.4,85.3
01,47,00,12,25.5,85.1
01,48,00,16,25.4,85.3
01,49,00,19,25.3,85.8
01,50,00,16,25.2,86.2
01,51,00,21,25.2,86.4
01,52,00,18,25.3,86.0
01,53,00,18,25.4,85.5
01,54,00,17,25.4,85.3
01,55,00,20,25.4,85.2
01,56,00,19,25.3,85.4
01,57,00,15,25.1,86.1
01,58,00,16,25.1,86.2
01,59,00,27,25.1,86.2
02,00,00,19,25.1,86.4
02,01,00,17,25.2,86.3
02,02,00,32,25.2,86.2
02,03,00,20,25.3,85.8
02,04,00,17,25.4,85.5
02,05,00,20,25.5,85.4
02,06,00,20,25.4,85.6
02,07,00,17,25.4,85.4
02,08,00,20,25.5,85.3
02,09,00,25,25.4,85.3
02,10,00,16,25.4,85.5
02,11,00,16,25.4,85.6
02,12,00,23,25.4,85.6
02,13,00,17,25.4,85.8
02,14,00,16,25.4,85.5
02,15,00,24,25.4,85.8
02,16,00,19,25.4,85.7
02,17,00,20,25.4,85.4
02,18,00,9,25.4,85.5
02,19,00,21,25.4,85.3
02,20,00,14,25.4,85.1
02,21,00,19,25.4,84.9
02,22,00,16,25.4,85.1
02,23,00,16,25.3,85.5
02,24,00,15,25.2,86.1
02,25,00,13,25.2,85.9
02,26,00,15,25.2,86.0
02,27,00,14,25.2,86.3
02,28,00,17,25.3,86.0
02,29,00,24,25.3,86.0
02,30,00,15,25.3,85.9
02,31,00,18,25.3,85.8
02,32,00,16,25.3,86.0
02,33,00,17,25.1,86.6
02,34,00,18,25.0,86.8
02,35,00,24,24.9,87.4
02,36,00,18,25.0,86.9
02,37,00,14,25.1,86.6
02,38,00,18,25.3,86.4
02,39,00,18,25.3,86.2
02,40,00,29,25.3,86.2
02,41,00,17,25.4,86.0
02,42,00,20,25.5,85.7
02,43,00,22,25.5,85.6
02,44,00,16,25.5,85.5
02,45,00,19,25.4,85.6
02,46,00,29,25.4,86.0
02,47,00,19,25.4,85.7
02,48,00,20,25.5,85.5
02,49,00,23,25.5,85.4
02,50,00,14,25.5,85.5
02,51,00,16,25.4,85.6
02,52,00,13,25.4,85.7
02,53,00,16,25.4,85.8
02,54,00,23,25.5,85.5
02,55,00,24,25.5,85.2
02,56,00,25,25.6,85.0
02,57,00,32,25.6,84.8
02,58,00,23,25.5,84.9
02,59,00,8,25.4,85.6
03,00,00,11,25.3,86.0
03,01,00,23,25.1,86.6
03,02,00,20,25.1,86.6
03,03,00,16,25.2,86.6
03,04,00,11,25.1,86.7
03,05,00,22,25.1,86.7
03,06,00,24,25.1,86.7
03,07,00,19,25.2,86.4
03,08,00,9,25.3,86.0
03,09,00,19,25.3,85.6
03,10,00,20,25.4,85.4
03,11,00,19,25.3,85.7
03,12,00,23,25.2,86.2
03,13,00,21,25.1,86.7
03,14,00,22,25.1,87.0
03,15,00,30,25.0,87.2
03,16,00,11,25.0,87.3
03,17,00,14,24.9,87.7
03,18,00,12,24.9,87.7
03,19,00,27,25.0,87.8
03,20,00,24,25.1,87.5
03,21,00,14,25.1,87.2
03,22,00,16,25.3,86.7
03,23,00,13,25.3,86.6
03,24,00,13,25.3,86.5
03,25,00,18,25.4,86.4
03,26,00,17,25.4,86.4
03,27,00,25,25.4,86.3
05,46,00,14,25.2,88.0
05,47,00,20,25.2,87.9
05,48,00,23,25.2,87.8
05,49,00,13,25.2,88.1
05,50,00,17,25.1,88.4
05,51,00,20,25.0,88.9
05,52,00,13,24.9,89.2
05,53,00,14,24.8,89.6
05,54,00,22,24.8,89.8
05,55,00,21,24.8,90.0
05,56,00,20,24.8,90.1
05,57,00,8,24.7,90.0
05,58,00,20,24.7,90.2
05,59,00,20,24.7,90.1
06,00,00,23,24.9,89.7
06,01,00,15,24.9,89.7
06,02,00,25,24.9,89.7
06,03,00,29,25.0,89.6
06,04,00,17,25.1,89.2
06,05,00,16,25.2,88.7
06,06,00,29,25.2,88.5
06,07,00,31,25.2,88.5
06,08,00,21,25.2,88.6
06,09,00,18,25.1,88.8
06,10,00,24,25.1,88.9
06,11,00,26,25.1,89.0
06,12,00,10,25.0,89.4
06,13,00,22,25.0,89.3
06,14,00,23,25.2,88.8
06,15,00,25,25.2,88.6
06,16,00,21,25.3,88.3
06,17,00,16,25.4,88.4
06,18,00,22,25.2,88.9
06,19,00,27,25.1,89.4
06,20,00,27,25.0,89.7
06,21,00,15,25.0,89.9
06,22,00,26,25.1,89.5
06,23,00,22,25.1,89.4
06,24,00,17,25.2,89.3
06,25,00,19,25.2,89.0
06,26,00,12,25.3,88.6
06,27,00,19,25.3,87.9
06,28,00,24,25.2,88.3
06,29,00,9,25.1,88.9
06,30,00,26,25.0,89.1
06,31,00,24,25.0,89.1
06,32,00,21,25.0,89.3
06,33,00,25,25.1,89.1
06,34,00,27,25.1,89.0
06,35,00,24,25.2,88.7
06,36,00,18,25.3,88.5
06,37,00,19,25.3,88.7
06,38,00,19,25.3,88.5
06,39,00,13,25.2,88.9
06,40,00,17,25.2,89.0
06,41,00,19,25.2,88.7
06,42,00,22,25.3,88.5
06,43,00,25,25.4,88.1
06,44,00,12,25.2,88.5
06,45,00,29,25.2,88.8
06,46,00,21,25.3,88.5
06,47,00,21,25.3,88.6
06,48,00,16,25.4,88.4
06,49,00,11,25.3,88.7
06,50,00,28,25.3,89.0
06,51,00,19,25.3,89.1
06,52,00,22,25.3,88.9
06,53,00,11,25.4,88.3
06,54,00,27,25.5,88.0
06,55,00,19,25.5,88.0
06,56,00,11,25.5,88.3
06,57,00,6,25.4,88.4
06,58,00,18,25.5,88.3
06,59,00,23,25.5,88.0
07,00,00,17,25.5,87.8
07,01,00,22,25.5,87.7
07,02,00,36,25.5,87.7
07,03,00,23,25.5,87.8
07,04,00,19,25.5,87.7
07,05,00,13,25.6,87.6
07,06,00,15,25.6,87.7
07,07,00,17,25.6,87.8
07,08,00,16,25.5,88.0
07,09,00,23,25.5,88.0
07,10,00,22,25.4,88.2
07,11,00,21,25.4,88.1
07,12,00,28,25.4,88.4
07,13,00,23,25.4,88.4
07,14,00,21,25.4,87.9
07,15,00,9,25.4,88.3
07,16,00,20,25.4,88.4
07,17,00,23,25.5,88.2
07,18,00,13,25.5,88.2
07,19,00,26,25.6,87.9
07,20,00,21,25.6,87.9
07,21,00,29,25.6,87.8
07,22,00,31,25.6,88.1
07,23,00,28,25.6,88.1
07,24,00,31,25.6,88.0
07,25,00,16,25.6,87.9
07,26,00,26,25.7,87.7
07,27,00,14,25.7,87.5
07,28,00,33,25.7,87.6
07,29,00,14,25.7,87.6
07,30,00,18,25.8,87.5
07,31,00,9,25.8,87.3
07,32,00,25,25.8,87.3
07,33,00,18,25.8,87.2
07,34,00,23,25.7,87.3
07,35,00,26,25.7,87.4
07,36,00,27,25.7,87.4
07,37,00,26,25.8,86.7
07,38,00,17,25.8,86.7
07,39,00,26,25.8,86.8
07,40,00,14,25.8,86.7
07,41,00,35,25.8,86.8
07,42,00,17,25.8,86.8
07,43,00,29,25.8,86.4
07,44,00,30,25.8,86.2
07,45,00,40,25.9,86.0
07,46,00,33,25.8,86.1
07,47,00,24,25.8,86.0
07,48,00,25,25.8,85.4
07,49,00,33,25.9,85.0
07,50,00,22,25.8,84.9
07,51,00,31,25.8,85.3
07,52,00,33,25.7,85.5
07,53,00,20,25.8,85.5
07,54,00,25,25.8,85.3
07,55,00,36,25.8,85.2
07,56,00,31,25.8,85.3
07,57,00,26,25.8,85.5
07,58,00,17,25.8,85.9
07,59,00,23,25.9,85.8
08,00,00,27,26.0,85.7
08,01,00,42,26.0,85.5
08,02,00,37,26.0,84.9
08,03,00,43,26.0,85.0
08,04,00,22,26.0,85.2
08,05,00,19,26.0,84.8
08,06,00,22,26.0,85.2
08,07,00,10,26.0,85.6
08,08,00,28,25.9,85.4
08,09,00,35,26.0,85.5
08,10,00,32,26.0,85.5
08,11,00,29,25.9,85.1
08,12,00,19,25.9,85.2
08,13,00,17,25.9,85.0
08,14,00,37,25.9,85.0
08,15,00,29,25.9,83.9
08,16,00,25,26.0,82.9
08,17,00,27,26.1,83.0
08,18,00,38,26.0,83.2
08,19,00,49,26.1,83.7
08,20,00,32,26.1,83.7
08,21,00,32,26.1,84.1
08,22,00,29,26.1,84.3
08,23,00,30,26.2,83.7
08,24,00,25,26.2,84.0
08,25,00,23,26.1,84.0
08,26,00,17,26.1,84.3
08,27,00,25,26.1,84.5
08,28,00,18,26.1,84.4
08,29,00,24,26.2,84.4
08,30,00,28,26.2,84.7
08,31,00,23,26.2,84.4
08,32,00,26,26.2,84.7
08,33,00,39,26.2,84.8
08,34,00,39,26.2,84.7
08,35,00,30,26.2,85.0
08,36,00,37,26.2,85.0
08,37,00,29,26.2,84.9
08,38,00,23,26.2,85.0
08,39,00,30,26.2,85.4
08,40,00,19,26.3,85.0
08,41,00,20,26.3,85.0
08,42,00,32,26.3,85.3
08,43,00,33,26.3,85.3
08,44,00,34,26.3,85.5
08,45,00,28,26.3,85.3
08,46,00,27,26.4,85.1
08,47,00,32,26.4,85.2
08,48,00,34,26.4,85.2
08,49,00,13,26.4,85.4
08,50,00,20,26.4,85.4
08,51,00,9,26.4,85.5
08,52,00,18,26.4,85.4
08,53,00,16,26.4,85.6
08,54,00,28,26.4,85.2
08,55,00,25,26.4,85.1
08,56,00,20,26.4,85.3
08,57,00,22,26.4,85.3
08,58,00,23,26.4,85.2
08,59,00,30,26.4,85.5
09,00,00,34,26.4,85.4
09,01,00,30,26.4,85.5
09,02,00,25,26.4,85.5
09,03,00,18,26.4,85.8
09,04,00,20,26.4,85.7
09,05,00,21,26.4,85.7
09,06,00,21,26.4,85.3
09,07,00,17,26.3,84.9
09,08,00,23,26.3,85.0
09,09,00,21,26.4,85.0
09,10,00,26,26.4,84.9
09,11,00,34,26.5,84.8
09,12,00,26,26.5,84.8
09,13,00,37,26.5,84.6
09,14,00,27,26.5,84.8
09,15,00,35,26.5,84.9
09,16,00,42,26.5,84.9
09,17,00,32,26.5,85.0
09,18,00,40,26.5,84.9
09,19,00,20,26.5,84.6
09,20,00,33,26.6,84.7
09,21,00,23,26.6,84.6
09,22,00,35,26.6,84.8
09,23,00,17,26.6,84.6
09,24,00,28,26.6,84.5
09,25,00,32,26.6,84.3
09,26,00,34,26.6,84.0
09,27,00,46,26.6,84.0
09,28,00,26,26.6,83.9
09,29,00,25,26.6,83.1
09,30,00,36,26.6,83.2
09,31,00,31,26.6,83.4
09,32,00,40,26.6,82.7
09,33,00,17,26.5,82.9
09,34,00,25,26.6,83.2
09,35,00,34,26.6,83.2
09,36,00,39,26.6,82.9
09,37,00,34,26.6,82.6
09,38,00,39,26.6,82.6
09,39,00,31,26.6,83.0
09,40,00,39,26.6,82.8
09,41,00,31,26.7,82.7
09,42,00,50,26.7,82.6
09,43,00,43,26.7,82.4
09,44,00,47,26.7,83.0
09,45,00,50,26.8,82.7
09,46,00,56,26.8,83.1
09,47,00,43,26.7,83.2
09,48,00,38,26.8,83.0
09,49,00,31,26.8,82.7
09,50,00,51,26.8,82.6
09,51,00,79,26.8,82.4
09,52,00,64,26.8,82.0
09,53,00,55,26.9,81.5
09,54,00,80,26.9,81.7
09,55,00,50,26.9,81.8
09,56,00,58,26.9,81.6
09,57,00,52,26.9,81.5
09,58,00,60,27.0,82.0
09,59,00,47,27.0,82.0
10,00,00,49,26.9,81.4
10,01,00,37,27.0,81.4
10,02,00,37,27.0,80.8
10,03,00,43,27.1,81.1
10,04,00,58,27.1,80.6
10,05,00,69,27.1,81.1
10,06,00,63,27.1,81.4
10,07,00,63,27.1,81.4
10,08,00,45,27.1,81.6
10,09,00,45,27.1,81.2
10,10,00,43,27.1,80.1
10,11,00,51,27.1,79.8
10,12,00,47,27.0,79.3
10,13,00,53,27.1,80.1
10,14,00,59,27.1,80.3
10,15,00,61,27.1,80.7
10,16,00,57,27.2,80.6
10,17,00,30,27.2,80.8
10,18,00,36,27.2,80.5
10,19,00,29,27.2,80.5
10,20,00,61,27.2,81.0
10,21,00,40,27.2,81.0
10,22,00,49,27.3,81.8
10,23,00,74,27.4,80.6
10,24,00,78,27.4,79.9
10,25,00,59,27.4,80.2
10,26,00,75,27.4,79.5
10,27,00,49,27.4,79.2
10,28,00,61,27.4,79.6
10,29,00,57,27.4,79.9
10,30,00,53,27.4,80.4
10,31,00,29,27.4,79.9
10,32,00,57,27.4,80.2
10,33,00,75,27.5,79.8
10,34,00,53,27.5,79.5
10,35,00,66,27.5,78.5
10,36,00,57,27.5,78.9
10,37,00,88,27.5,78.6
10,38,00,52,27.6,78.8
10,39,00,29,27.6,78.6
10,40,00,72,27.6,78.6
10,41,00,53,27.6,78.4
10,42,00,66,27.6,78.5
10,43,00,69,27.7,77.3
10,44,00,51,27.7,78.7
10,45,00,66,27.6,79.1
10,46,00,70,27.6,79.5
10,47,00,67,27.5,79.8
10,48,00,85,27.4,80.2
10,49,00,45,27.3,80.4
10,50,00,88,27.3,80.6
10,51,00,43,27.3,80.6
10,52,00,62,27.3,80.4
10,53,00,52,27.3,80.6
10,54,00,25,27.2,80.9
10,55,00,33,27.2,81.0
10,56,00,51,27.2,80.8
10,57,00,48,27.2,81.0
10,58,00,32,27.2,80.9
10,59,00,29,27.2,81.0
11,00,00,22,27.2,80.9
11,01,00,27,27.2,81.0
11,02,00,23,27.2,81.2
11,03,00,29,27.1,81.2
11,04,00,27,27.1,81.2
11,05,00,32,27.1,81.3
11,06,00,50,27.1,81.3
11,07,00,46,27.1,81.3
11,08,00,46,27.1,81.4
11,09,00,26,27.1,81.2
11,10,00,33,27.1,81.4
11,11,00,37,27.1,81.4
11,12,00,31,27.1,81.3
11,13,00,24,27.2,81.3
11,14,00,46,27.1,81.3
11,15,00,26,27.2,81.4
11,16,00,34,27.1,81.4
11,17,00,34,27.1,81.4
11,18,00,33,27.1,81.4
11,19,00,35,27.1,81.5
11,20,00,26,27.2,81.4
11,21,00,31,27.1,81.5
11,22,00,27,27.1,81.4
11,23,00,27,27.2,81.4
11,24,00,33,27.2,81.4
11,25,00,27,27.2,81.4
11,26,00,29,27.2,81.4
11,27,00,47,27.2,81.5
11,28,00,27,27.2,81.4
11,29,00,20,27.2,81.4
11,30,00,24,27.2,81.5
11,31,00,24,27.2,81.5
11,32,00,23,27.2,81.4
11,33,00,28,27.2,81.4
11,34,00,23,27.2,81.2
11,35,00,26,27.2,81.4
11,36,00,32,27.2,81.6
11,37,00,22,27.1,81.5
11,38,00,39,27.2,81.6
11,39,00,35,27.2,81.6
11,40,00,29,27.2,81.4
11,41,00,39,27.2,81.5
11,42,00,40,27.2,81.3
11,43,00,26,27.2,81.5
11,44,00,42,27.2,81.6
11,45,00,30,27.2,81.6
11,46,00,28,27.2,81.6
11,47,00,27,27.2,81.5
11,48,00,32,27.2,81.6
11,49,00,35,27.2,81.7
11,50,00,48,27.2,81.7
11,51,00,42,27.2,81.8
11,52,00,20,27.2,81.9
11,53,00,55,27.2,81.9
11,54,00,51,27.2,81.9
11,55,00,44,27.2,81.8
11,56,00,63,27.2,81.9
11,57,00,23,27.2,82.0
11,58,00,46,27.2,82.1
11,59,00,40,27.2,82.0
12,00,00,23,27.3,81.9
12,01,00,28,27.3,81.9
12,02,00,36,27.3,82.0
12,03,00,21,27.3,82.0
12,04,00,37,27.3,82.0
12,05,00,31,27.3,81.9
12,06,00,26,27.3,81.9
12,07,00,33,27.3,81.8
12,08,00,28,27.3,81.9
12,09,00,35,27.3,82.0
12,10,00,22,27.3,82.1
12,11,00,19,27.3,82.1
12,12,00,35,27.3,82.2
12,13,00,18,27.3,82.1
12,14,00,20,27.3,82.1
12,15,00,20,27.3,82.1
12,16,00,18,27.3,82.1
12,17,00,28,27.3,82.2
12,18,00,28,27.3,82.1
12,19,00,41,27.3,82.2
12,20,00,10,27.3,82.2
12,21,00,44,27.3,82.2
12,22,00,47,27.3,82.1
12,23,00,33,27.3,82.3
12,24,00,36,27.3,82.3
12,25,00,36,27.3,82.3
12,26,00,34,27.3,82.3
12,27,00,26,27.4,82.2
12,28,00,24,27.4,82.2
12,29,00,20,27.4,82.4
12,30,00,30,27.3,82.5
12,31,00,25,27.4,82.5
12,32,00,19,27.4,82.5
12,33,00,25,27.4,82.5
12,34,00,21,27.4,82.5
12,35,00,17,27.4,82.4
12,36,00,21,27.4,82.3
12,37,00,26,27.4,82.4
12,38,00,28,27.4,82.5
12,39,00,26,27.4,82.4
12,40,00,23,27.4,82.5
12,41,00,33,27.4,82.5
12,42,00,28,27.4,82.6
12,43,00,23,27.4,82.5
12,44,00,26,27.4,82.6
12,45,00,20,27.4,82.4
12,46,00,24,27.4,82.4
12,47,00,14,27.4,82.0
12,48,00,25,27.4,82.1
12,49,00,15,27.4,82.4
12,50,00,21,27.4,82.2
12,51,00,14,27.4,82.3
12,52,00,12,27.4,82.2
12,53,00,17,27.4,82.5
12,54,00,11,27.4,82.4
12,55,00,16,27.4,82.5
12,56,00,27,27.4,82.4
12,57,00,17,27.4,82.4
12,58,00,15,27.4,82.5
12,59,00,22,27.3,82.7
13,00,00,28,27.3,82.7
13,01,00,29,27.4,82.6
13,02,00,22,27.4,82.7
13,03,00,44,27.4,82.8
13,04,00,30,27.4,82.7
13,05,00,32,27.4,82.7
13,06,00,36,27.4,82.9
13,08,00,61,27.3,82.9
13,09,00,25,27.3,83.0
13,10,00,32,27.4,83.0
13,11,00,28,27.4,82.8
13,12,00,40,27.4,82.9
13,13,00,48,27.4,82.9
13,14,00,36,27.4,82.9
13,15,00,20,27.5,82.9
13,16,00,26,27.4,83.0
13,17,00,39,27.5,83.0
13,18,00,22,27.5,82.9
13,19,00,31,27.5,82.9
13,20,00,35,27.5,82.9
13,21,00,17,27.5,82.9
13,22,00,39,27.5,82.8
13,23,00,28,27.5,82.9
13,24,00,16,27.5,82.9
13,25,00,38,27.5,82.8
13,26,00,30,27.5,82.8
13,27,00,32,27.5,82.8
13,28,00,20,27.5,82.7
13,29,00,27,27.5,82.7
13,30,00,25,27.5,82.7
13,31,00,30,27.5,82.9
13,32,00,43,27.5,82.8
13,33,00,29,27.5,82.8
13,34,00,19,27.5,82.7
13,35,00,34,27.5,82.7
13,36,00,18,27.5,82.7
13,37,00,23,27.5,82.7
13,38,00,15,27.6,82.6
13,39,00,56,27.5,82.5
13,40,00,37,27.6,82.5
13,41,00,18,27.6,82.4
13,42,00,34,27.6,82.1
13,43,00,40,27.6,82.3
13,44,00,26,27.6,82.5
13,45,00,41,27.6,82.3
13,46,00,30,27.6,82.1
13,47,00,34,27.6,81.8
13,48,00,31,27.6,82.1
13,49,00,25,27.7,81.8
13,50,00,32,27.6,81.6
13,51,00,30,27.6,81.7
13,52,00,33,27.7,81.5
13,53,00,32,27.6,81.6
13,54,00,20,27.6,81.5
13,55,00,26,27.6,81.7
13,56,00,36,27.6,81.4
13,57,00,26,27.6,81.4
13,58,00,33,27.6,81.6
13,59,00,18,27.6,81.5
14,00,00,43,27.6,81.2
14,01,00,27,27.6,81.3
14,02,00,25,27.6,81.6
14,03,00,26,27.6,81.2
14,04,00,20,27.6,81.4
14,05,00,26,27.6,81.2
14,06,00,30,27.6,81.2
14,07,00,29,27.6,81.2
14,08,00,29,27.6,81.2
14,09,00,29,27.6,81.3
14,10,00,23,27.6,81.2
14,11,00,31,27.6,80.9
14,12,00,32,27.7,80.7
14,13,00,28,27.7,80.9
14,14,00,37,27.7,80.7
14,15,00,32,27.7,81.0
14,16,00,13,27.7,80.9
14,17,00,18,27.7,80.7
14,18,00,23,27.7,80.8
14,19,00,37,27.7,81.0
14,20,00,22,27.7,80.8
14,21,00,28,27.7,80.9
14,22,00,38,27.7,81.0
14,23,00,25,27.7,81.0
14,24,00,40,27.7,81.1
14,25,00,25,27.7,80.9
14,26,00,20,27.7,81.1
14,27,00,22,27.7,81.0
14,28,00,14,27.7,80.9
14,29,00,28,27.7,81.0
14,30,00,18,27.7,81.1
14,31,00,25,27.7,80.5
14,32,00,32,27.7,80.6
14,33,00,25,27.7,80.7
14,34,00,26,27.7,80.3
14,35,00,21,27.7,80.4
14,36,00,21,27.7,80.4
14,37,00,21,27.7,80.3
14,38,00,15,27.7,80.4
14,39,00,20,27.7,80.4
14,40,00,28,27.7,80.4
14,41,00,17,27.8,80.6
14,42,00,32,27.7,80.6
14,43,00,24,27.7,80.6
14,44,00,32,27.7,80.8
14,45,00,33,27.7,81.0
14,46,00,29,27.7,81.1
14,47,00,25,27.7,81.2
14,48,00,10,27.7,80.9
14,49,00,21,27.7,80.9
14,50,00,19,27.7,80.7
14,51,00,23,27.8,80.6
14,52,00,20,27.8,80.2
14,53,00,15,27.8,80.3
14,54,00,20,27.8,80.5
14,55,00,16,27.7,80.8
14,56,00,27,27.7,80.8
14,57,00,24,27.7,80.8
14,58,00,20,27.7,80.8
14,59,00,12,27.7,80.9
15,00,00,22,27.7,81.0
15,01,00,20,27.6,80.8
15,02,00,15,27.6,81.0
15,03,00,19,27.6,81.0
15,04,00,16,27.6,81.0
15,05,00,21,27.6,80.9
15,06,00,24,27.7,80.9
15,07,00,14,27.7,80.9
15,08,00,21,27.7,81.1
15,09,00,15,27.6,81.1
15,10,00,16,27.7,81.2
15,11,00,23,27.6,81.1
15,12,00,22,27.6,81.0
15,13,00,20,27.6,81.1
15,14,00,19,27.6,81.1
15,15,00,21,27.6,81.0
15,16,00,23,27.6,80.9
15,17,00,23,27.6,81.0
15,18,00,20,27.6,80.9
15,19,00,27,27.6,81.0
15,20,00,15,27.6,80.9
15,21,00,17,27.6,80.9
15,22,00,18,27.6,80.9
15,23,00,29,27.6,81.0
15,24,00,16,27.6,81.0
15,25,00,17,27.6,81.1
15,26,00,13,27.6,81.3
15,27,00,13,27.5,81.4
15,28,00,23,27.5,81.4
15,29,00,28,27.5,81.5
15,30,00,24,27.5,81.5
15,31,00,27,27.5,82.0
15,32,00,15,27.5,82.3
15,33,00,33,27.5,82.7
15,34,00,25,27.4,82.3
15,35,00,23,27.5,82.9
15,36,00,23,27.5,82.5
15,37,00,21,27.5,82.5
15,38,00,28,27.5,82.6
15,39,00,22,27.5,82.8
15,40,00,18,27.5,82.6
15,41,00,20,27.5,82.4
15,42,00,33,27.5,82.4
15,43,00,23,27.5,82.3
15,44,00,29,27.5,82.6
15,46,00,22,27.5,82.6
15,47,00,25,27.5,82.6
15,48,00,26,27.5,82.6
15,49,00,22,27.5,82.7
15,50,00,16,27.5,82.7
15,51,00,17,27.5,82.9
15,52,00,24,27.5,82.9
15,53,00,37,27.6,83.0
15,54,00,17,27.5,83.1
15,55,00,24,27.5,83.3
15,56,00,23,27.5,83.2
15,57,00,15,27.5,83.2
15,58,00,22,27.5,83.4
15,59,00,23,27.5,83.4
16,00,00,9,27.5,83.5
16,01,00,15,27.5,83.9
16,02,00,14,27.5,83.9
16,03,00,16,27.5,84.2
16,04,00,15,27.5,84.0
16,05,00,10,27.5,84.2
16,06,00,28,27.5,84.4
16,07,00,43,27.5,84.2
16,08,00,20,27.5,84.3
16,09,00,12,27.5,84.7
16,10,00,20,27.5,84.5
16,11,00,18,27.5,84.8
16,12,00,19,27.4,84.7
16,13,00,19,27.5,85.0
16,14,00,22,27.6,85.1
16,15,00,14,27.5,85.1
16,16,00,29,27.5,85.0
16,17,00,26,27.5,84.8
16,18,00,19,27.4,85.5
16,19,00,12,27.4,85.2
16,20,00,18,27.4,85.6
16,21,00,14,27.4,85.6
16,22,00,23,27.4,85.8
16,23,00,27,27.4,86.2
16,24,00,21,27.4,85.8
16,25,00,27,27.3,86.2
16,26,00,20,27.3,86.1
16,27,00,13,27.3,86.3
16,28,00,22,27.3,86.1
16,29,00,29,27.4,86.0
16,30,00,16,27.4,85.8
16,31,00,17,27.3,86.1
16,32,00,26,27.4,86.3
16,33,00,22,27.3,86.2
16,34,00,12,27.3,86.3
16,35,00,29,27.3,86.3
16,36,00,29,27.3,86.5
16,37,00,18,27.3,86.5
16,38,00,19,27.3,86.6
16,39,00,19,27.3,86.5
16,40,00,22,27.3,86.7
16,41,00,23,27.3,86.7
16,42,00,22,27.3,86.6
16,43,00,23,27.3,86.7
16,44,00,36,27.2,86.7
16,45,00,19,27.2,86.5
16,46,00,28,27.3,86.6
16,47,00,27,27.3,86.3
16,48,00,21,27.2,86.2
16,49,00,20,27.2,86.5
16,50,00,6,27.2,86.4
16,51,00,18,27.2,86.4
16,52,00,28,27.3,86.0
16,53,00,31,27.3,86.2
16,54,00,13,27.3,86.0
16,55,00,17,27.2,86.0
16,56,00,21,27.3,85.9
16,57,00,26,27.2,85.8
16,58,00,14,27.3,85.8
16,59,00,24,27.3,85.6
17,00,00,14,27.3,85.6
17,01,00,10,27.3,85.7
17,02,00,19,27.3,85.8
17,03,00,13,27.3,85.9
17,04,00,18,27.3,85.7
17,05,00,14,27.3,85.7
17,06,00,6,27.2,85.8
17,07,00,16,27.2,86.0
17,08,00,12,27.2,85.9
17,09,00,15,27.3,85.8
17,10,00,21,27.3,85.6
17,11,00,19,27.3,85.7
17,12,00,17,27.3,85.6
17,13,00,12,27.3,85.5
17,14,00,21,27.3,85.6
17,15,00,23,27.2,85.8
17,16,00,12,27.2,85.7
17,17,00,23,27.2,85.8
17,18,00,16,27.2,85.6
17,19,00,11,27.2,85.6
17,20,00,12,27.2,85.5
17,21,00,12,27.2,85.5
17,22,00,16,27.2,85.7
17,23,00,14,27.1,85.6
17,24,00,11,27.1,85.5
17,25,00,31,27.1,85.5
17,26,00,13,27.1,85.3
17,27,00,13,27.1,84.9
17,28,00,24,27.1,85.0
17,29,00,26,27.0,85.3
17,30,00,24,27.0,85.4
17,31,00,24,27.1,85.1
17,32,00,18,27.1,85.0
17,33,00,11,27.1,85.0
17,34,00,19,27.1,84.8
17,35,00,16,27.2,84.8
17,36,00,14,27.1,84.8
17,37,00,24,27.1,84.8
17,38,00,11,27.1,84.8
17,39,00,14,27.1,84.8
17,40,00,16,27.1,84.5
17,41,00,16,27.1,84.2
17,42,00,18,27.1,83.9
17,43,00,26,27.1,83.9
17,44,00,17,27.1,84.0
17,45,00,23,27.0,84.3
17,46,00,25,27.0,84.3
17,47,00,22,27.0,84.5
17,48,00,16,26.9,84.4
17,49,00,16,26.9,84.3
17,50,00,25,26.9,83.6
17,51,00,17,26.8,83.3
17,52,00,18,26.8,82.6
17,53,00,19,26.8,82.4
17,54,00,20,26.7,82.4
17,55,00,12,26.8,82.3
17,56,00,13,26.8,82.0
17,57,00,22,26.8,82.2
17,58,00,23,26.7,82.2
17,59,00,13,26.7,82.0
18,01,00,27,26.6,82.3
18,02,00,26,26.6,82.3
18,03,00,19,26.7,82.3
18,04,00,8,26.7,82.0
18,05,00,18,26.7,82.0
18,06,00,21,26.7,81.6
18,07,00,20,26.7,81.6
18,08,00,15,26.7,81.5
18,09,00,11,26.7,81.6
18,10,00,16,26.7,81.5
18,11,00,9,26.6,81.6
18,12,00,13,26.6,81.6
18,13,00,24,26.5,81.4
18,14,00,17,26.4,81.1
18,15,00,12,26.3,82.1
18,16,00,24,26.2,82.4
18,17,00,12,26.3,82.3
18,18,00,17,26.3,82.4
18,19,00,19,26.3,82.2
18,20,00,17,26.3,82.3
18,21,00,21,26.1,82.4
18,22,00,14,26.0,83.1
18,23,00,16,26.2,82.9
18,25,00,11,26.3,82.7
18,26,00,20,26.4,82.5
18,27,00,27,26.4,82.4
18,28,00,11,26.5,82.2
18,29,00,20,26.4,82.1
18,30,00,7,26.5,81.9
18,31,00,22,26.4,82.0
18,32,00,17,26.5,81.9
18,33,00,20,26.5,81.5
18,34,00,24,26.4,81.7
18,35,00,16,26.2,82.4
18,36,00,15,26.3,82.6
18,37,00,20,26.2,82.3
18,38,00,20,26.0,83.2
18,39,00,22,26.0,83.7
18,40,00,10,26.1,83.8
18,41,00,15,26.1,83.7
18,42,00,22,26.2,83.5
18,43,00,22,26.2,83.6
18,44,00,18,26.2,83.5
18,45,00,23,26.2,83.0
18,46,00,26,26.2,82.6
18,47,00,13,26.2,82.8
18,48,00,19,26.2,82.7
18,49,00,19,26.3,82.5
18,50,00,18,26.3,82.0
18,51,00,21,26.3,81.9
18,52,00,12,26.3,81.8
18,53,00,22,26.3,81.5
18,54,00,18,26.3,81.5
18,55,00,21,26.3,81.4
18,56,00,16,26.3,81.0
18,57,00,16,26.3,81.1
18,58,00,15,26.2,81.0
18,59,00,28,26.2,80.9
19,00,00,22,26.2,81.1
19,01,00,22,26.2,81.2
19,02,00,9,26.2,81.6
19,03,00,9,26.2,81.5
19,04,00,18,26.2,81.6
19,05,00,32,26.2,81.5
19,06,00,21,26.2,81.5
19,07,00,10,26.2,81.4
19,08,00,14,26.2,81.6
19,09,00,21,26.2,81.8
19,10,00,22,26.2,81.8
19,11,00,15,26.2,81.7
19,12,00,24,26.2,81.9
19,13,00,22,26.1,82.0
19,14,00,10,26.1,82.0
19,15,00,24,26.1,82.1
19,16,00,11,26.2,82.0
19,17,00,12,26.1,82.1
19,18,00,13,26.1,82.2
19,19,00,13,26.1,82.2
19,20,00,12,26.1,82.1
19,21,00,14,26.1,82.4
19,22,00,16,26.0,82.7
19,23,00,25,26.0,82.4
19,24,00,30,26.1,82.3
19,25,00,14,26.1,82.1
19,26,00,16,26.1,82.1
19,27,00,23,26.1,82.3
19,28,00,23,26.1,82.3
19,29,00,19,26.1,82.5
19,30,00,14,26.0,82.6
19,31,00,10,26.0,82.7
19,32,00,16,26.1,82.6
19,33,00,29,26.1,82.5
19,34,00,25,26.1,82.5
19,35,00,10,26.1,82.3
19,36,00,18,26.1,82.3
19,37,00,13,26.1,82.3
19,38,00,12,26.2,82.1
19,39,00,13,26.2,82.0
19,40,00,11,26.1,82.2
19,41,00,18,26.1,82.1
19,42,00,15,26.1,82.2
19,43,00,35,26.1,82.1
19,44,00,20,26.1,82.2
19,45,00,23,26.1,82.3
19,46,00,9,26.1,82.2
19,47,00,20,26.1,82.3
19,48,00,14,26.1,82.1
19,49,00,22,26.1,82.1
19,50,00,17,26.1,82.2
19,51,00,18,26.1,82.2
19,52,00,14,26.1,82.3
19,53,00,22,26.0,82.0
19,54,00,26,26.0,82.1
19,55,00,26,26.0,82.2
19,56,00,20,26.0,82.2
19,57,00,14,26.0,82.0
19,58,00,16,26.0,82.1
19,59,00,24,26.0,82.2
20,00,00,13,26.0,82.4
20,01,00,8,26.0,82.4
20,02,00,19,26.0,82.2
20,03,00,18,25.9,82.2
20,04,00,21,26.0,82.2
20,05,00,15,26.0,81.7
20,06,00,6,26.0,81.4
20,07,00,17,25.9,81.9
20,08,00,19,25.8,82.2
20,09,00,21,25.8,82.4
20,10,00,12,25.9,82.5
20,11,00,13,25.9,82.4
20,12,00,11,25.9,82.3
20,13,00,14,25.9,82.2
20,14,00,27,25.9,82.1
20,15,00,18,26.0,82.0
20,16,00,16,26.0,82.0
20,17,00,20,25.7,82.4
20,18,00,16,25.6,83.1
20,19,00,20,25.7,83.0
20,20,00,17,25.8,82.8
20,21,00,15,25.8,82.7
20,22,00,20,25.8,82.7
20,23,00,14,25.8,82.6
20,24,00,14,25.9,82.5
20,25,00,9,25.7,82.6
20,26,00,16,25.7,83.1
20,27,00,15,25.6,83.0
20,28,00,16,25.6,83.6
20,29,00,13,25.4,83.9
20,30,00,18,25.3,84.6
20,31,00,13,25.3,84.8
20,32,00,14,25.4,84.5
20,33,00,12,25.4,84.5
20,34,00,27,25.3,84.8
20,35,00,12,25.3,84.8
20,36,00,15,25.3,84.6
20,37,00,12,25.2,85.0
20,38,00,11,25.2,85.0
20,39,00,14,25.2,85.1
20,40,00,14,25.2,85.1
20,41,00,23,25.3,84.9
20,42,00,18,25.4,84.7
20,43,00,26,25.3,85.1
20,44,00,16,25.0,85.6
20,45,00,30,24.9,86.4
20,46,00,23,24.8,86.9
20,47,00,23,24.8,86.7
20,48,00,12,25.0,86.2
20,49,00,10,25.1,85.4
20,50,00,13,25.0,85.4
20,51,00,17,25.0,85.6
20,52,00,21,25.0,85.6
20,53,00,28,24.9,85.8
20,54,00,21,25.0,85.7
20,55,00,16,25.1,85.6
20,56,00,19,25.2,85.4
20,57,00,28,25.3,85.0
20,58,00,13,25.4,84.8
20,59,00,26,25.5,84.5
21,00,00,20,25.5,84.4
21,01,00,14,25.6,84.2
21,02,00,19,25.6,84.1
21,03,00,17,25.5,84.1
21,04,00,14,25.5,84.3
21,05,00,30,25.5,84.2
21,06,00,22,25.4,84.7
21,07,00,14,25.1,85.5
21,08,00,12,25.2,85.7
21,09,00,22,25.3,85.4
21,10,00,23,25.3,85.3
21,11,00,25,25.4,85.1
21,12,00,18,25.4,84.8
21,13,00,25,25.4,85.2
21,14,00,17,25.3,85.2
21,15,00,19,25.3,85.6
21,16,00,17,25.1,85.9
21,17,00,19,25.2,86.0
21,18,00,9,25.1,86.0
21,19,00,18,25.0,86.4
21,20,00,20,24.9,86.8
21,21,00,13,24.8,87.2
21,22,00,7,24.9,86.8
21,23,00,15,24.9,86.9
21,24,00,10,24.9,87.2
21,25,00,11,25.0,86.8
21,26,00,18,25.1,86.4
21,27,00,16,25.1,86.4
21,28,00,10,25.0,86.5
21,29,00,19,25.0,86.6
21,30,00,8,25.1,86.2
21,31,00,18,25.1,86.4
21,32,00,15,25.0,86.5
21,33,00,13,24.9,87.0
21,34,00,9,24.8,87.5
21,35,00,24,24.8,87.5
21,36,00,17,24.7,87.9
21,37,00,21,24.7,87.8
21,38,00,18,24.8,87.6
21,39,00,13,24.8,87.7
21,40,00,21,24.8,87.4
21,41,00,26,25.0,86.8
21,42,00,14,25.0,86.7
21,43,00,10,25.2,86.5
21,44,00,11,25.3,86.3
21,45,00,15,25.4,85.9
21,46,00,18,25.4,85.7
21,47,00,27,25.4,85.5
21,48,00,31,25.5,85.4
21,49,00,21,25.6,85.2
21,50,00,25,25.5,85.0
21,51,00,15,25.4,85.2
21,52,00,20,25.3,85.4
21,53,00,20,25.3,85.6
21,54,00,22,25.0,86.4
21,55,00,18,25.0,87.0
21,56,00,18,25.0,86.5
21,57,00,9,25.0,86.8
21,58,00,19,24.8,87.2
21,59,00,28,24.8,87.6
22,00,00,25,24.7,88.0
22,01,00,15,24.6,88.2
22,02,00,12,24.7,88.2
22,03,00,17,24.8,87.8
22,04,00,16,25.0,87.3
22,05,00,21,25.1,86.8
22,06,00,23,25.1,86.6
22,07,00,28,25.1,86.6
22,08,00,27,25.2,86.4
22,09,00,24,25.2,86.1
22,10,00,12,25.1,86.4
22,11,00,14,24.9,87.0
22,12,00,17,25.0,87.1
22,13,00,27,24.9,87.4
22,14,00,27,25.0,87.3
22,15,00,13,25.0,87.1
22,16,00,26,25.0,87.2
22,17,00,37,25.0,87.0
22,18,00,28,25.1,86.8
22,19,00,25,25.2,86.7
22,20,00,12,25.2,86.6
22,21,00,16,25.3,86.1
22,22,00,18,25.3,86.0
22,23,00,21,25.4,85.6
22,24,00,30,25.4,85.4
22,25,00,22,25.5,85.4
22,26,00,16,25.3,86.0
22,27,00,19,25.2,86.3
22,28,00,16,25.2,86.4
22,29,00,21,25.0,86.9
22,30,00,17,25.0,86.9
22,31,00,12,25.1,86.8
22,32,00,16,25.1,86.6
22,33,00,14,25.1,86.6
22,34,00,13,25.2,86.3
22,35,00,10,25.1,86.7
22,36,00,10,25.0,87.1
22,37,00,16,25.2,86.7
22,38,00,13,25.3,86.2
22,39,00,9,25.2,86.5
22,40,00,19,25.3,86.3
22,41,00,17,25.2,86.5
22,42,00,19,25.3,86.2
22,43,00,27,25.4,85.7
22,44,00,18,25.4,85.7
22,45,00,14,25.3,86.1
22,46,00,22,25.2,86.3
22,47,00,16,25.2,86.5
22,48,00,26,25.2,86.4
22,49,00,17,25.2,86.5
22,50,00,21,25.2,86.6
22,51,00,19,25.3,86.4
22,52,00,20,25.4,86.2
22,53,00,16,25.4,86.3
22,54,00,23,25.3,86.0
22,55,00,19,25.2,86.5
22,56,00,16,25.1,86.7
22,57,00,10,25.1,87.1
22,58,00,19,25.1,87.1
22,59,00,22,25.3,86.7
23,00,00,18,25.2,86.5
23,01,00,24,25.2,86.9
23,02,00,19,25.1,86.9
23,03,00,24,25.1,87.0
23,04,00,19,25.1,86.9
23,05,00,14,25.2,86.9
23,06,00,15,25.3,86.5
23,07,00,16,25.4,86.0
23,08,00,15,25.3,86.1
23,09,00,19,25.2,86.8
23,10,00,16,25.1,86.9
23,11,00,21,25.2,86.8
23,12,00,9,25.3,86.5
23,13,00,21,25.3,86.6
23,14,00,15,25.4,86.3
23,15,00,19,25.4,86.3
23,16,00,19,25.5,86.2
23,17,00,16,25.5,85.9
23,18,00,30,25.6,85.7
23,19,00,15,25.6,85.6
23,20,00,11,25.6,85.6
23,21,00,25,25.6,85.7
23,22,00,20,25.6,85.9
23,23,00,21,25.6,85.9
23,24,00,21,25.6,85.8
23,25,00,26,25.6,85.9
23,26,00,18,25.6,85.9
23,27,00,16,25.6,86.0
23,28,00,25,25.6,86.1
23,29,00,15,25.5,86.2
23,30,00,19,25.6,85.9
23,31,00,15,25.6,86.1
23,32,00,7,25.6,86.1
23,33,00,10,25.6,86.0
23,34,00,21,25.6,85.9
23,35,00,17,25.7,85.8
23,36,00,20,25.7,85.8
23,37,00,21,25.7,85.8
23,38,00,14,25.7,85.8
23,39,00,21,25.7,85.7
23,40,00,16,25.7,85.7
23,41,00,14,25.7,85.7
23,42,00,17,25.7,85.7
23,43,00,24,25.6,85.9
23,44,00,19,25.7,85.8
23,45,00,20,25.7,85.9
23,46,00,27,25.5,85.9
23,47,00,18,25.3,86.8
23,48,00,25,25.3,87.0
23,49,00,23,25.4,86.5
23,50,00,18,25.4,86.4
23,51,00,21,25.4,86.6
23,52,00,20,25.3,87.1
23,53,00,18,25.3,87.2
23,54,00,21,25.4,87.0
23,55,00,14,25.5,86.6
23,56,00,16,25.5,86.4
23,57,00,18,25.5,86.6
23,58,00,12,25.4,86.6
23,59,00,13,25.3,87.1
