00,00,00,12,25.4,85.1
00,02,00,13,25.4,85.1
00,03,00,19,25.4,85
00,04,00,17,25.5,84.9
00,05,00,13,25.5,84.7
00,06,00,16,25.5,84.7
00,08,00,13,25.4,84.8
00,09,00,28,25.4,84.8
00,10,00,21,25.4,84.8
00,11,00,9,25.5,84.7
00,12,00,11,25.4,84.7
00,13,00,13,25.4,84.8
00,14,00,11,25.4,84.8
00,15,00,12,25.4,84.8
00,16,00,27,25.5,84.7
00,17,00,19,25.4,84.8
00,18,00,19,25.4,84.9
00,19,00,24,25.4,84.9
00,20,00,15,25.4,84.9
00,21,00,28,25.5,84.7
00,22,00,26,25.5,84.5
00,23,00,19,25.5,84.5
00,24,00,16,25.4,84.5
00,25,00,20,25.4,84.7
00,26,00,13,25.4,85
00,27,00,11,25.4,85
00,28,00,16,25.4,85
00,29,00,21,25.5,84.8
00,30,00,13,25.5,84.8
00,31,00,15,25.4,84.8
00,32,00,19,25.4,84.9
00,33,00,24,25.3,85.1
00,34,00,10,25.3,85.2
00,35,00,16,25.3,85.1
00,36,00,17,25.3,84.8
00,37,00,23,25.3,85
00,38,00,12,25.3,85.2
00,39,00,16,25.3,85.2
00,40,00,17,25.3,85.2
00,41,00,20,25.3,85.2
00,42,00,15,25.3,85.2
00,43,00,17,25.4,85.1
00,44,00,16,25.3,85
00,45,00,24,25.4,84.9
00,46,00,17,25.3,84.9
00,47,00,14,25.3,85
00,48,00,17,25.4,84.9
00,49,00,22,25.3,84.9
00,50,00,15,25.3,85
00,51,00,20,25.3,85
00,52,00,19,25.3,84.9
00,53,00,24,25.3,85
00,54,00,24,25.4,85
00,55,00,11,25.4,85
00,56,00,21,25.4,84.9
00,57,00,22,25.4,84.8
00,58,00,18,25.4,84.8
00,59,00,21,25.4,84.6
01,00,00,21,25.4,84.8
01,01,00,31,25.4,84.9
01,02,00,11,25.4,84.8
01,03,00,21,25.4,84.7
01,04,00,18,25.4,84.9
01,05,00,23,25.3,85
01,06,00,24,25.3,85
01,07,00,34,25.3,85
01,08,00,14,25.3,84.9
01,09,00,17,25.3,84.9
01,10,00,24,25.3,84.9
01,11,00,21,25.3,84.9
01,12,00,21,25.3,84.8
01,13,00,27,25.3,84.9
01,14,00,32,25.4,84.8
01,15,00,12,25.4,84.7
01,16,00,19,25.4,84.7
01,17,00,12,25.3,84.7
01,18,00,10,25.3,84.8
01,19,00,17,25.3,84.9
01,20,00,10,25.3,84.9
01,21,00,27,25.4,84.7
01,22,00,24,25.3,84.6
01,23,00,17,25.3,84.7
01,24,00,16,25.3,84.7
01,25,00,25,25.3,84.8
01,26,00,19,25.3,84.7
01,27,00,26,25.3,84.7
01,28,00,23,25.3,84.8
01,29,00,13,25.3,84.9
01,30,00,15,25.3,84.8
01,31,00,6,25.3,84.7
01,32,00,19,25.4,84.7
01,33,00,15,25.4,84.6
01,34,00,25,25.4,84.5
01,35,00,13,25.3,84.4
01,36,00,15,25.3,84.6
01,37,00,22,25.3,84.7
01,38,00,10,25.3,84.9
01,39,00,21,25.3,84.8
01,40,00,26,25.3,84.8
01,41,00,28,25.3,84.9
01,42,00,11,25.3,84.9
01,43,00,26,25.2,84.9
01,44,00,20,25.2,84.9
01,45,00,19,25.2,84.8
01,46,00,17,25.2,84.9
01,47,00,13,25.2,85.2
01,48,00,15,25.2,85.2
01,49,00,26,25.2,85.1
01,50,00,26,25.2,85
01,51,00,34,25.2,85
01,52,00,17,25.3,84.9
01,53,00,23,25.3,84.7
01,54,00,19,25.2,84.8
01,55,00,17,25.2,84.9
01,56,00,9,25.1,85.1
01,57,00,14,25.1,85.1
01,58,00,16,25.1,85.3
01,59,00,9,25.1,84.9
02,00,00,31,25.1,85
02,01,00,22,25.1,85.1
02,02,00,18,25.1,85.2
02,03,00,14,25.1,85.2
02,04,00,16,25.1,85.3
02,05,00,14,25.1,85.1
02,06,00,23,25.2,85
02,07,00,23,25.2,84.9
02,08,00,16,25.2,84.9
02,09,00,23,25.2,84.8
02,10,00,12,25.2,84.8
02,11,00,14,25.2,84.7
02,12,00,25,25.3,84.6
02,13,00,13,25.2,84.6
02,14,00,26,25.2,84.6
02,15,00,15,25.2,84.7
02,16,00,28,25.1,84.9
02,17,00,16,25.1,85.1
02,18,00,13,25.1,85.1
02,19,00,12,25.2,84.8
02,20,00,21,25.2,84.7
02,21,00,20,25.2,84.6
02,22,00,20,25.2,84.6
02,23,00,21,25.2,84.6
02,24,00,11,25.2,84.6
02,25,00,26,25.2,84.7
02,26,00,18,25.2,84.7
02,27,00,13,25.2,84.6
02,28,00,16,25.2,84.6
02,29,00,18,25.2,84.5
02,30,00,24,25.2,84.5
02,31,00,34,25.2,84.4
02,32,00,9,25.2,84.5
02,33,00,20,25.2,84.4
02,34,00,10,25.2,84.4
02,35,00,16,25.2,84.4
02,36,00,30,25.2,84.5
02,37,00,12,25.2,84.4
02,38,00,11,25.2,84.4
02,39,00,20,25.2,84.5
02,40,00,10,25.2,84.4
02,41,00,16,25.2,84.5
02,42,00,8,25.2,84.5
02,43,00,12,25.2,84.4
02,44,00,14,25.2,84.4
02,45,00,22,25.2,84.4
02,46,00,12,25.2,84.4
02,47,00,24,25.2,84.4
02,48,00,12,25.2,84.4
02,49,00,21,25.3,84.3
02,50,00,23,25.2,84.4
02,51,00,19,25.1,84.5
02,52,00,15,25.1,84.7
02,53,00,21,25.1,84.8
02,54,00,25,25.1,84.9
02,55,00,20,25.1,84.9
02,56,00,18,25.2,84.8
02,57,00,17,25.2,84.6
02,58,00,16,25.2,84.6
02,59,00,22,25.2,84.4
03,00,00,6,25.2,84.5
03,01,00,18,25.2,84.5
03,02,00,17,25.2,84.4
03,03,00,28,25.2,84.4
03,04,00,15,25.1,84.6
03,05,00,23,25.1,84.5
03,06,00,7,25.1,84.5
03,07,00,18,25.1,84.6
03,08,00,20,25.1,84.6
03,09,00,22,25.1,84.6
03,10,00,22,25.1,84.6
03,11,00,15,25.1,84.6
03,12,00,20,25.1,84.5
03,13,00,20,25.1,84.3
03,14,00,23,25.1,84.2
03,15,00,20,25.1,84.2
03,16,00,22,25.1,84.5
03,17,00,19,25.2,84.4
03,18,00,14,25.2,84.3
03,19,00,14,25.1,84.3
03,20,00,23,25.1,84.2
03,21,00,25,25.2,84.2
03,22,00,14,25.2,84.3
03,23,00,15,25.2,84.2
03,24,00,21,25.2,84.1
03,25,00,19,25.2,84.1
03,26,00,19,25.2,84
03,27,00,18,25.2,83.8
03,28,00,11,25.2,83.8
03,29,00,10,25.2,83.8
03,30,00,21,25.2,84
03,31,00,12,25.2,84
03,32,00,17,25.2,83.9
03,33,00,11,25.2,84.1
03,34,00,16,25.2,84
03,35,00,26,25.2,84
03,36,00,17,25.2,84.1
03,37,00,15,25.1,84
03,38,00,19,25.1,84.1
03,39,00,12,25.1,84
03,40,00,13,25.1,84
03,41,00,19,25.2,84
03,42,00,17,25.1,84.1
03,43,00,17,25.1,84.2
03,44,00,14,25.2,84.1
03,45,00,15,25.1,84.2
03,46,00,22,25.1,84.3
03,47,00,24,25.1,84.2
03,48,00,14,25.1,84.2
03,49,00,19,25.2,83.9
03,50,00,19,25.2,84
03,51,00,17,25.2,84
03,52,00,17,25.1,84
03,53,00,19,25.1,83.9
03,54,00,19,25.1,84.1
03,55,00,18,25.1,84.2
03,56,00,29,25.1,84.2
03,57,00,18,25.1,84.1
03,58,00,31,25.1,84
03,59,00,16,25,84.3
04,00,00,22,25,84.4
04,01,00,17,25,84.1
04,02,00,17,25,84.3
04,03,00,16,25,84.3
04,04,00,21,25,84.3
04,05,00,19,25,84
04,06,00,7,25,84.3
04,07,00,24,25.1,84.4
04,08,00,12,25,84.3
04,09,00,14,25,84.2
04,10,00,18,25,84.4
04,11,00,21,25.1,84.2
04,12,00,9,25.1,84
04,13,00,17,25.1,84.1
04,14,00,20,25.1,84.2
04,15,00,22,25,84.3
04,16,00,18,25.1,84.3
04,17,00,13,25.1,84.2
04,18,00,13,25.1,84.3
04,19,00,14,25.1,84.1
04,20,00,18,25.1,83.7
04,21,00,22,25.1,83.6
04,22,00,20,25,83.8
04,23,00,18,25,84.2
04,24,00,31,25,84.4
04,25,00,27,25,84.4
04,26,00,20,24.9,84.5
04,27,00,17,24.9,84.5
04,28,00,9,24.9,84.5
04,29,00,19,25,84.3
04,30,00,10,25,84.3
04,31,00,25,25,84.3
04,32,00,27,25,84.3
04,33,00,13,25,84.3
04,34,00,16,25,84.2
04,35,00,13,25,84.1
04,36,00,19,25,84
04,37,00,15,25,83.8
04,38,00,16,25,83.9
04,39,00,16,25,83.8
04,40,00,20,25,84
04,41,00,20,25,84.2
04,42,00,23,24.9,84.4
04,43,00,19,25,84.3
04,44,00,19,25,84
04,45,00,19,25,83.9
04,46,00,22,25,84.2
04,47,00,13,25,84
04,48,00,35,25,84.2
04,49,00,8,25,84.4
04,50,00,23,25,84.4
04,51,00,15,25,84.5
04,52,00,13,25,84.3
04,53,00,30,25,84.2
04,54,00,20,25,84.3
04,55,00,23,25,84.2
04,56,00,21,25,84.5
04,57,00,18,24.9,84.8
04,58,00,22,24.9,84.8
04,59,00,18,24.9,84.6
05,00,00,19,24.9,84.8
05,01,00,18,25,84.6
05,02,00,17,25,84.4
05,03,00,14,25,84.2
05,04,00,19,25,84.1
05,05,00,16,25,84.1
05,06,00,23,24.9,84.5
05,07,00,25,24.9,84.6
05,08,00,21,24.9,84.7
05,09,00,18,24.9,84.6
05,10,00,26,25,84.5
05,11,00,22,24.9,84.4
05,12,00,15,25,84.3
05,13,00,16,24.9,84.3
05,14,00,14,24.9,84.4
05,15,00,34,24.9,84.5
05,16,00,13,24.9,84.4
05,17,00,11,24.9,84.3
05,18,00,17,24.9,84.5
05,19,00,15,25,84.4
05,20,00,30,24.9,84.2
05,21,00,13,25,84.2
05,22,00,12,25,84
05,23,00,7,25.1,83.6
05,24,00,12,25.1,83.6
05,25,00,24,25,83.7
05,26,00,23,25,83.7
05,27,00,24,25,84
05,28,00,19,24.9,83.9
05,29,00,29,25,83.9
05,30,00,20,24.9,84.1
05,31,00,14,24.9,84.2
05,32,00,10,24.9,84.2
05,33,00,15,24.9,84.5
05,34,00,15,25,84.2
05,35,00,16,24.9,84.1
05,36,00,14,24.9,84.3
05,37,00,20,24.9,84.5
05,38,00,20,24.9,84.6
05,39,00,16,24.9,84.4
05,40,00,13,24.9,84.3
05,41,00,15,25,84.2
05,42,00,22,25,84.1
05,43,00,19,25,84.2
05,44,00,23,25,84.1
05,45,00,12,24.9,84.4
05,46,00,17,24.9,84.5
05,47,00,24,24.8,84.8
05,48,00,18,24.9,84.5
05,49,00,14,24.9,84.3
05,50,00,33,25,84.2
05,51,00,14,25,84.2
05,52,00,27,25,84.2
05,53,00,15,25,84.3
05,54,00,10,25,84.2
05,55,00,27,25,84.2
05,56,00,19,25,84.3
05,57,00,17,24.9,84.3
05,58,00,11,24.9,84.5
05,59,00,19,24.9,84.5
06,00,00,13,24.8,84.5
06,01,00,12,24.8,84.7
06,02,00,16,24.8,84.6
06,03,00,21,24.8,84.7
06,04,00,18,24.8,84.7
06,05,00,29,24.9,84.6
06,06,00,16,24.9,84.5
06,07,00,25,24.9,84.7
06,08,00,18,24.9,84.6
06,09,00,11,24.9,84.2
06,10,00,25,24.9,84.4
06,11,00,19,25,84.5
06,12,00,17,24.9,84.4
06,13,00,30,24.9,84.4
06,14,00,24,25,84.5
06,15,00,22,25,84.5
06,16,00,24,25,84.6
06,17,00,20,25,84.5
06,18,00,27,25,84.4
06,19,00,24,25.1,84.3
06,20,00,14,25.1,84.4
06,21,00,16,25.1,84.4
06,22,00,15,25.1,84.3
06,23,00,24,25,84.3
06,24,00,21,25.1,84.4
06,25,00,25,25.1,84.3
06,26,00,19,25,84.4
06,27,00,22,25,84.4
06,28,00,29,25.1,84.5
06,29,00,15,25.1,84.6
06,30,00,26,25.1,84.5
06,31,00,17,25.1,84.4
06,32,00,22,25.1,84.1
06,33,00,35,25.1,84.4
06,34,00,23,25.1,84.6
06,35,00,30,25.1,84.4
06,36,00,24,25.1,84.5
06,37,00,23,25.1,84.3
06,38,00,20,25.2,84.4
06,39,00,35,25.2,84.1
06,40,00,28,25.2,84.3
06,41,00,20,25.2,84.3
06,42,00,25,25.2,84.6
06,43,00,17,25.2,84.3
06,44,00,14,25.2,84.3
06,45,00,15,25.3,84.1
06,46,00,21,25.2,84.2
06,47,00,22,25.2,84.2
06,48,00,15,25.2,84.3
06,49,00,11,25.2,84.5
06,50,00,17,25.3,84.4
06,51,00,27,25.2,84.3
06,52,00,26,25.3,84.4
06,53,00,25,25.3,84.3
06,54,00,26,25.3,84.3
06,55,00,19,25.3,84.4
06,56,00,23,25.3,84.4
06,57,00,19,25.3,84.5
06,58,00,32,25.3,84.9
06,59,00,14,25.2,84.9
07,00,00,29,25.2,85
07,01,00,18,25.3,85.2
07,02,00,14,25.3,85.4
07,03,00,29,25.3,85.1
07,04,00,21,25.3,84.8
07,05,00,19,25.4,84.9
07,06,00,15,25.4,84.8
07,07,00,25,25.4,84.7
07,08,00,12,25.4,84.4
07,09,00,25,25.4,83.4
07,10,00,14,25.3,83.3
07,11,00,27,25.3,83.5
07,12,00,21,25.3,83.8
07,13,00,26,25.2,84
07,14,00,27,25.3,83.8
07,15,00,17,25.3,83.8
07,16,00,23,25.3,84.1
07,17,00,19,25.3,84.1
07,18,00,10,25.3,84.1
07,19,00,21,25.3,84.2
07,20,00,36,25.3,84.2
07,21,00,23,25.3,84.2
07,22,00,25,25.3,84.2
07,23,00,18,25.3,84.2
07,24,00,12,25.3,84.1
07,25,00,20,25.3,84.2
07,26,00,28,25.3,84.1
07,27,00,43,25.3,84
07,28,00,22,25.3,84.2
07,29,00,35,25.3,84.4
07,30,00,10,25.3,84
07,31,00,17,25.4,83.9
07,32,00,33,25.3,83.7
07,33,00,13,25.3,83.9
07,34,00,19,25.3,84
07,35,00,18,25.4,83.8
07,36,00,30,25.4,83.9
07,37,00,26,25.4,83.8
07,38,00,21,25.4,83.7
07,39,00,34,25.4,83.9
07,40,00,24,25.4,83.9
07,41,00,22,25.4,83.7
07,42,00,39,25.4,83.2
07,43,00,36,25.4,82.8
07,44,00,31,25.3,83.1
07,45,00,34,25.3,83.4
07,46,00,39,25.3,83.3
07,47,00,26,25.4,83.4
07,48,00,41,25.4,83.2
07,49,00,34,25.4,83.3
07,50,00,20,25.4,83
07,51,00,11,25.4,82.7
07,52,00,30,25.4,82.5
07,53,00,13,25.4,82.5
07,54,00,26,25.4,82.8
07,55,00,16,25.5,82.8
07,56,00,33,25.5,82.8
07,57,00,15,25.5,82.8
07,58,00,27,25.5,82.8
07,59,00,12,25.5,82.7
08,00,00,13,25.4,82.9
08,01,00,28,25.5,82.9
08,02,00,33,25.5,82.9
08,03,00,29,25.5,82.7
08,04,00,24,25.5,82.9
08,05,00,28,25.5,82.8
08,06,00,31,25.5,83
08,07,00,33,25.5,82.9
08,08,00,30,25.5,82.9
08,09,00,27,25.5,82.9
08,10,00,32,25.5,82.9
08,11,00,29,25.5,82.8
08,12,00,43,25.5,82.9
08,13,00,34,25.5,83
08,14,00,40,25.5,82.7
08,15,00,38,25.5,82.8
08,16,00,40,25.5,82.9
08,17,00,28,25.5,83
08,18,00,35,25.5,82.8
08,19,00,21,25.5,82.9
08,20,00,34,25.5,82.9
08,21,00,19,25.5,83.1
08,22,00,33,25.5,83.1
08,23,00,33,25.5,83.2
08,24,00,22,25.5,83.3
08,25,00,35,25.5,83.3
08,26,00,38,25.5,83.1
08,27,00,34,25.5,83.2
08,28,00,33,25.5,83.3
08,29,00,19,25.5,83.3
08,30,00,35,25.5,83.4
08,31,00,39,25.4,83.5
08,32,00,26,25.5,83.5
08,33,00,22,25.4,83.7
08,34,00,34,25.4,83.8
08,35,00,30,25.4,83.8
08,36,00,47,25.4,83.8
08,37,00,47,25.4,83.7
08,38,00,39,25.4,83.7
08,39,00,13,25.5,83.8
08,40,00,18,25.4,83.8
08,41,00,19,25.5,83.8
08,42,00,21,25.5,83.8
08,43,00,30,25.5,83.8
08,44,00,35,25.5,83.9
08,45,00,35,25.5,83.8
08,46,00,29,25.5,83.7
08,47,00,24,25.5,83.7
08,48,00,33,25.5,83.7
08,49,00,35,25.5,83.7
08,50,00,40,25.5,83.6
08,51,00,27,25.5,83.7
08,52,00,23,25.5,83.6
08,53,00,18,25.5,83.7
08,54,00,25,25.5,83.6
08,55,00,55,25.5,83.6
08,56,00,36,25.5,83.7
08,57,00,26,25.5,83.7
08,58,00,30,25.5,83.8
08,59,00,33,25.5,83.8
09,00,00,32,25.5,83.7
09,01,00,31,25.5,83.8
09,02,00,42,25.6,83.8
09,03,00,34,25.6,83.7
09,04,00,31,25.6,83.4
09,05,00,28,25.6,83.5
09,06,00,44,25.6,83.6
09,07,00,62,25.6,83.6
09,08,00,36,25.6,83.8
09,09,00,55,25.6,83.7
09,10,00,17,25.6,83.7
09,11,00,44,25.6,83.6
09,12,00,24,25.6,83.5
09,13,00,50,25.6,83.7
09,14,00,37,25.7,83.6
09,15,00,37,25.7,83.5
09,16,00,43,25.7,83.5
09,17,00,43,25.7,83.5
09,19,00,46,25.7,83.6
09,20,00,48,25.7,83.5
09,21,00,28,25.7,83.6
09,22,00,83,25.7,83.6
09,23,00,25,25.8,83.6
09,24,00,27,25.7,83.5
09,25,00,45,25.8,83.5
09,26,00,65,25.8,83.5
09,27,00,76,25.8,83.6
09,28,00,37,25.8,83.5
09,29,00,32,25.8,83.4
09,30,00,60,25.8,83.6
09,31,00,57,25.8,83.4
09,32,00,62,25.8,83.6
09,33,00,47,25.9,83.5
09,34,00,73,25.9,83.8
09,35,00,69,25.9,83.7
09,36,00,63,25.9,83.6
09,37,00,89,25.9,83.6
09,38,00,55,25.9,83.7
09,39,00,51,25.9,83.7
09,40,00,38,25.9,83.6
09,41,00,55,25.9,83.6
09,42,00,60,26,83.6
09,43,00,48,26,83.5
09,44,00,69,26,83.6
09,45,00,77,26,83.5
09,46,00,67,26,83.8
09,47,00,38,26,83.8
09,48,00,55,26,83.7
09,49,00,59,26,83.8
09,50,00,25,26,83.8
09,51,00,41,26,83.9
09,52,00,60,26,83.8
09,53,00,60,26,84.1
09,54,00,55,26.1,83.9
09,55,00,51,26.1,83.7
09,56,00,66,26.1,83.7
09,57,00,32,26.1,83.6
09,58,00,52,26.1,83.8
09,59,00,48,26.1,83.7
10,00,00,68,26.1,83.8
10,01,00,72,26.1,83.6
10,02,00,32,26.1,83.8
10,03,00,85,26.2,83.5
10,04,00,53,26.2,83.3
10,05,00,61,26.2,83.3
10,06,00,29,26.2,83.3
10,07,00,54,26.2,83.3
10,08,00,67,26.2,83.1
10,09,00,49,26.2,82.9
10,10,00,35,26.2,83
10,11,00,58,26.2,83
10,12,00,50,26.2,82.9
10,13,00,39,26.2,82.9
10,14,00,47,26.2,83.1
10,15,00,55,26.2,83.1
10,16,00,47,26.2,83.1
10,17,00,19,26.2,83.1
10,18,00,44,26.2,83.1
10,19,00,26,26.2,83.1
10,20,00,42,26.2,83
10,21,00,22,26.2,83
10,22,00,47,26.2,83.1
10,23,00,50,26.2,83
10,24,00,57,26.2,83
10,25,00,37,26.2,83
10,26,00,26,26.2,82.9
10,27,00,42,26.2,82.9
10,28,00,72,26.2,82.9
10,29,00,42,26.3,82.5
10,30,00,35,26.3,82.6
10,31,00,40,26.3,82.7
10,32,00,78,26.3,82.6
10,33,00,61,26.3,82.6
10,34,00,72,26.3,82.6
10,35,00,75,26.3,82.7
10,36,00,69,26.3,82.7
10,37,00,66,26.3,82.6
10,38,00,69,26.3,82.7
10,39,00,53,26.3,82.5
10,40,00,44,26.3,82.7
10,41,00,48,26.3,82.5
10,42,00,61,26.4,82.5
10,43,00,59,26.3,82.6
10,44,00,67,26.4,82.6
10,45,00,58,26.4,82.5
10,46,00,39,26.4,82.3
10,47,00,78,26.4,82.2
10,48,00,46,26.4,82.3
10,49,00,44,26.4,82.1
10,50,00,53,26.4,82.1
10,51,00,60,26.4,82.1
10,52,00,35,26.4,82.1
10,53,00,50,26.4,82.1
10,54,00,54,26.3,82.1
10,55,00,41,26.4,82.2
10,56,00,30,26.4,81.8
10,57,00,32,26.4,82.1
10,58,00,31,26.4,81.9
10,59,00,29,26.4,81.9
11,00,00,32,26.4,81.5
11,01,00,46,26.4,81.5
11,02,00,33,26.4,81.5
11,03,00,37,26.4,81.5
11,04,00,15,26.5,81.5
11,05,00,42,26.5,81.2
11,06,00,30,26.4,81.4
11,07,00,48,26.4,81.7
11,08,00,52,26.5,81.6
11,09,00,28,26.5,81.5
11,10,00,46,26.4,81.5
11,11,00,66,26.5,81.4
11,12,00,85,26.5,81.5
11,13,00,71,26.4,81.5
11,14,00,57,26.4,81.7
11,15,00,70,26.5,81.4
11,16,00,59,26.5,81.2
11,17,00,68,26.4,81.2
11,18,00,35,26.5,81.3
11,19,00,42,26.5,81.2
11,20,00,48,26.5,81
11,21,00,39,26.5,81.2
11,22,00,42,26.5,81.1
11,23,00,33,26.5,81
11,24,00,42,26.5,81.1
11,25,00,35,26.5,81.2
11,26,00,49,26.5,81.2
11,27,00,71,26.5,80.9
11,28,00,61,26.5,81.1
11,29,00,53,26.5,81.2
11,30,00,49,26.5,81
11,31,00,30,26.6,81
11,32,00,24,26.5,81
11,33,00,29,26.5,81
11,34,00,38,26.5,81
11,35,00,49,26.5,81.2
11,36,00,27,26.6,81.2
11,37,00,30,26.6,81.2
11,38,00,43,26.5,81.3
11,39,00,32,26.5,81.4
11,40,00,44,26.6,81.4
11,41,00,44,26.6,81.3
11,42,00,36,26.6,81.3
11,43,00,37,26.6,81.3
11,44,00,37,26.6,81.3
11,45,00,43,26.6,81.4
11,46,00,37,26.6,81.3
11,47,00,40,26.6,81.4
11,48,00,39,26.7,81.4
11,49,00,43,26.7,81.3
11,50,00,20,26.7,81.2
11,51,00,60,26.7,81.3
11,52,00,47,26.7,81.2
11,53,00,48,26.6,81.3
11,54,00,35,26.7,81.3
11,55,00,40,26.7,81.2
11,56,00,54,26.7,81.4
11,57,00,41,26.7,81.3
11,58,00,68,26.7,81.3
11,59,00,53,26.7,81.2
12,00,00,43,26.7,81.3
12,01,00,41,26.7,81.2
12,02,00,30,26.7,81.3
12,03,00,31,26.7,81.4
12,04,00,26,26.8,81.4
12,05,00,41,26.7,81.5
12,06,00,28,26.8,81.6
12,07,00,32,26.8,81.6
12,08,00,28,26.8,81.5
12,09,00,16,26.8,81.6
12,10,00,65,26.8,81.7
12,11,00,62,26.8,81.6
12,12,00,34,26.8,81.7
12,13,00,33,26.8,81.7
12,14,00,35,26.8,81.7
12,15,00,26,26.8,81.8
12,16,00,26,26.8,81.7
12,17,00,46,26.9,81.6
12,18,00,34,26.9,81.6
12,19,00,43,26.9,81.7
12,20,00,35,26.9,81.7
12,21,00,42,26.9,81.7
12,22,00,28,26.9,81.7
12,23,00,27,26.9,81.6
12,24,00,36,26.9,81.6
12,25,00,25,26.9,81.5
12,26,00,34,27,81.5
12,27,00,11,26.9,81.5
12,28,00,35,27,81.4
12,29,00,29,27,81.4
12,30,00,41,27,81.4
12,31,00,36,27,81.4
12,32,00,21,27,81.3
12,33,00,33,27,81.4
12,34,00,45,27,81.5
12,35,00,35,27,81.5
12,36,00,37,27,81.5
12,37,00,42,27,81.5
12,38,00,43,27,81.5
12,39,00,29,27,81.5
12,40,00,24,27.1,81.4
12,41,00,29,27,81.5
12,42,00,28,27.1,81.5
12,43,00,20,27.1,81.3
12,44,00,35,27.1,81.5
12,45,00,30,27.1,81.5
12,46,00,28,27.1,81.5
12,47,00,35,27.1,81.4
12,48,00,42,27.1,81.3
12,49,00,35,27.1,81.5
12,50,00,29,27.1,81.5
12,51,00,31,27.1,81.4
12,52,00,43,27.1,81.4
12,53,00,37,27.1,81.5
12,54,00,35,27.1,81.5
12,55,00,27,27.1,81.5
12,56,00,38,27.1,81.5
12,57,00,27,27.1,81.4
12,58,00,45,27.1,81.4
12,59,00,30,27.1,81.5
13,00,00,36,27.1,81.5
13,01,00,27,27.1,81.4
13,02,00,39,27.1,81.4
13,03,00,29,27.1,81.4
13,04,00,11,27.1,81.3
13,05,00,39,27.1,81.4
13,06,00,27,27.1,81.4
13,07,00,26,27.1,81.4
13,08,00,35,27.2,81.4
13,09,00,34,27.2,81.5
13,10,00,28,27.2,81.3
13,11,00,22,27.2,81.4
13,12,00,38,27.2,81.5
13,13,00,54,27.2,81.5
13,14,00,24,27.2,81.3
13,15,00,31,27.2,81.6
13,16,00,31,27.2,81.6
13,17,00,22,27.2,81.5
13,18,00,28,27.2,81.2
13,19,00,46,27.2,81.5
13,20,00,48,27.2,81.6
13,21,00,30,27.2,81.5
13,22,00,9,27.3,81.3
13,23,00,21,27.3,81.3
13,24,00,23,27.3,80.7
13,25,00,37,27.4,80.7
13,26,00,43,27.4,80.3
13,27,00,35,27.5,80
13,28,00,28,27.5,79.9
13,29,00,23,27.5,79.9
13,30,00,19,27.5,79.8
13,31,00,30,27.5,79.7
13,32,00,26,27.6,79.4
13,33,00,35,27.6,79.5
13,34,00,34,27.6,79.5
13,35,00,40,27.6,79.6
13,36,00,47,27.6,79.5
13,37,00,36,27.6,79.5
13,38,00,33,27.7,79.6
13,39,00,29,27.7,79.5
13,40,00,30,27.7,79.6
13,41,00,32,27.7,79.8
13,42,00,53,27.8,79.6
13,43,00,27,27.8,79.7
13,44,00,28,27.8,79.7
13,45,00,37,27.8,79.7
13,46,00,42,27.9,79.6
13,47,00,31,27.9,79.7
13,48,00,31,27.8,79.8
13,49,00,31,27.8,79.8
13,50,00,31,27.8,79.9
13,51,00,27,27.9,79.8
13,52,00,22,27.9,79.9
13,53,00,36,27.9,79.8
13,54,00,27,27.9,80.1
13,55,00,31,27.9,80
13,56,00,30,27.9,80.1
13,57,00,37,27.9,80.1
13,58,00,34,27.9,80.2
13,59,00,17,27.9,80.2
14,00,00,39,27.8,80.4
14,01,00,21,27.8,80.5
14,02,00,22,27.8,80.6
14,03,00,33,27.8,80.7
14,04,00,22,27.8,80.7
14,05,00,30,27.8,80.9
14,06,00,23,27.9,80.6
14,07,00,21,27.9,80.7
14,08,00,27,27.9,80.8
14,09,00,12,27.9,80.7
14,10,00,13,27.9,81
14,11,00,22,27.9,80.9
14,12,00,26,27.8,81.1
14,13,00,35,27.9,81
14,14,00,28,27.9,81
14,15,00,31,27.9,81.1
14,16,00,17,27.9,81
14,17,00,35,27.9,81
14,18,00,12,27.9,81
14,19,00,22,27.9,81
14,20,00,18,27.9,81.1
14,21,00,29,27.9,81.2
14,22,00,20,27.9,81.3
14,23,00,29,27.9,81.3
14,24,00,28,27.9,81.3
14,25,00,18,27.8,81.3
14,26,00,29,27.8,81.4
14,27,00,17,27.8,81.4
14,28,00,20,27.8,81.5
14,29,00,21,27.8,81.4
14,30,00,23,27.8,81.2
14,31,00,16,27.8,81.2
14,32,00,21,27.9,81.1
14,33,00,43,27.8,81.1
14,34,00,21,27.8,81.2
14,35,00,26,27.8,81.3
14,36,00,27,27.7,81.5
14,37,00,25,27.7,81.6
14,38,00,24,27.7,81.5
14,39,00,26,27.7,81.4
14,40,00,33,27.7,81.6
14,41,00,28,27.7,81.6
14,42,00,38,27.7,81.6
14,43,00,24,27.7,81.7
14,44,00,11,27.6,81.8
14,45,00,18,27.6,81.8
14,46,00,15,27.6,81.8
14,47,00,18,27.6,81.8
14,48,00,30,27.6,81.8
14,49,00,21,27.6,81.9
14,50,00,17,27.6,82
14,51,00,24,27.6,82.1
14,52,00,23,27.6,82.2
14,53,00,22,27.6,82.2
14,54,00,39,27.6,82.2
14,55,00,23,27.5,82.3
14,56,00,17,27.5,82.4
14,57,00,25,27.5,82.4
14,58,00,21,27.5,82.5
14,59,00,22,27.5,82.5
15,00,00,24,27.5,82.6
15,01,00,23,27.5,82.5
15,02,00,23,27.5,82.6
15,03,00,25,27.5,82.7
15,04,00,13,27.5,82.8
15,05,00,25,27.5,82.6
15,06,00,24,27.5,82.6
15,07,00,22,27.5,82.5
15,08,00,26,27.6,82.5
15,09,00,21,27.5,82.5
15,10,00,24,27.6,82.5
15,11,00,28,27.6,82.5
15,12,00,25,27.6,82.4
15,13,00,28,27.5,82.4
15,14,00,23,27.6,82.4
15,15,00,34,27.6,82.4
15,16,00,21,27.6,82.4
15,17,00,23,27.6,82.5
15,18,00,24,27.6,82.4
15,19,00,17,27.6,82.3
15,20,00,15,27.6,82.3
15,21,00,34,27.5,82.5
15,22,00,21,27.5,82.5
15,23,00,20,27.5,82.5
15,24,00,23,27.5,82.6
15,25,00,21,27.5,82.5
15,26,00,27,27.5,82.6
15,27,00,32,27.5,82.6
15,28,00,18,27.5,82.6
15,29,00,19,27.5,82.7
15,30,00,27,27.5,82.7
15,31,00,18,27.4,82.8
15,32,00,20,27.5,82.6
15,33,00,25,27.5,82.6
15,34,00,14,27.5,82.6
15,35,00,34,27.5,82.5
15,36,00,19,27.5,82.5
15,37,00,21,27.4,82.6
15,38,00,20,27.5,82.5
15,39,00,28,27.5,82.4
15,40,00,14,27.5,82.4
15,41,00,26,27.5,82.3
15,42,00,23,27.5,82.2
15,43,00,19,27.4,82.3
15,44,00,10,27.4,82.3
15,45,00,16,27.4,82.3
15,46,00,21,27.4,82.2
15,47,00,26,27.4,82.1
15,48,00,17,27.4,82
15,49,00,16,27.5,82.1
15,50,00,28,27.4,82.2
15,51,00,22,27.5,82.2
15,52,00,23,27.5,82.4
15,53,00,20,27.4,82.8
15,54,00,24,27.4,82.7
15,55,00,14,27.4,82.9
15,56,00,23,27.4,83
15,57,00,21,27.4,83.2
15,58,00,23,27.4,83.2
15,59,00,13,27.4,83.5
16,00,00,12,27.4,83.3
16,01,00,11,27.4,83.4
16,02,00,22,27.3,83.7
16,03,00,15,27.3,83.6
16,04,00,12,27.3,83.7
16,05,00,11,27.3,83.7
16,06,00,27,27.3,84.1
16,07,00,22,27.3,84
16,08,00,19,27.3,83.9
16,09,00,19,27.3,84.3
16,10,00,15,27.3,84.7
16,11,00,16,27.2,84.4
16,12,00,19,27.2,84.9
16,13,00,14,27.2,84.4
16,14,00,15,27.2,84.5
16,15,00,20,27.2,84.6
16,16,00,23,27.2,85
16,17,00,16,27.2,84.6
16,18,00,24,27.2,84.8
16,19,00,22,27.2,84.8
16,20,00,16,27.2,85.1
16,21,00,17,27.2,84.9
16,22,00,25,27.2,84.9
16,23,00,23,27.1,84.8
16,24,00,28,27.1,85
16,25,00,17,27.1,85
16,26,00,16,27.1,84.8
16,27,00,22,27.1,84.6
16,28,00,24,27.1,84.7
16,29,00,17,27.1,85
16,30,00,25,27.1,85.1
16,31,00,18,27.1,85
16,32,00,18,27.2,84.8
16,33,00,29,27.2,84.9
16,34,00,21,27.2,85
16,35,00,19,27.2,85
16,36,00,16,27.2,84.9
16,37,00,21,27.1,84.9
16,38,00,21,27.1,85.2
16,39,00,15,27,85.3
16,40,00,23,27,85.5
16,41,00,20,27,85.4
16,42,00,11,27,84.9
16,43,00,26,27,85.2
16,44,00,25,26.9,85.2
16,45,00,14,26.9,85.2
16,46,00,11,26.9,85.2
16,47,00,12,26.8,85.4
16,48,00,21,26.8,85.4
16,49,00,20,26.9,85.2
16,50,00,12,26.9,85
16,51,00,24,26.8,85.2
16,52,00,17,26.9,85.2
16,53,00,21,26.9,85.2
16,54,00,15,26.9,85.2
16,55,00,16,26.9,85.2
16,56,00,18,26.8,85.6
16,57,00,23,26.7,86
16,58,00,31,26.7,86.1
16,59,00,10,26.6,86.4
17,00,00,21,26.5,86.3
17,01,00,16,26.6,86.1
17,02,00,20,26.7,85.9
17,03,00,12,26.7,85.8
17,04,00,21,26.7,86
17,05,00,9,26.6,86.3
17,06,00,19,26.6,86.5
17,07,00,13,26.6,86.2
17,08,00,22,26.7,85.9
17,09,00,18,26.6,86.1
17,10,00,18,26.6,86.5
17,11,00,18,26.7,86.8
17,12,00,21,26.5,87.1
17,13,00,15,26.5,87
17,14,00,26,26.5,87
17,15,00,27,26.5,86.8
17,16,00,22,26.5,87.1
17,17,00,25,26.5,87.4
17,18,00,14,26.5,87.6
17,19,00,19,26.4,87.7
17,20,00,14,26.3,88
17,21,00,13,26.4,87.9
17,22,00,18,26.3,88
17,23,00,14,26.3,88
17,24,00,9,26.3,88.4
17,25,00,16,26.3,88.5
17,26,00,21,26.4,88.8
17,27,00,22,26.4,88.7
17,28,00,28,26.4,88.9
17,29,00,22,26.4,88.7
17,30,00,24,26.4,88.6
17,31,00,14,26.4,88.7
17,32,00,16,26.4,88.4
17,33,00,17,26.4,88.6
17,34,00,10,26.3,88.9
17,35,00,30,26.4,88.6
17,36,00,19,26.4,88.5
17,37,00,23,26.4,88.6
17,38,00,25,26.4,88.4
17,39,00,12,26.4,88.1
17,40,00,9,26.4,87.9
17,41,00,16,26.4,87.8
17,42,00,21,26.4,87.7
17,43,00,16,26.4,88
17,44,00,28,26.3,88
17,45,00,22,26.3,88.2
17,46,00,21,26.3,88.2
17,47,00,15,26.3,88.1
17,48,00,18,26.3,88.3
17,49,00,28,26.4,88.2
17,50,00,10,26.3,88.3
17,51,00,12,26.3,88.3
17,52,00,19,26.4,88.1
17,53,00,17,26.4,88.1
17,54,00,24,26.4,88.4
17,55,00,13,26.3,88.3
17,56,00,18,26.3,88.4
17,57,00,19,26.3,88.6
17,58,00,16,26.3,89
17,59,00,20,26.3,88.9
18,00,00,14,26.2,89
18,01,00,25,26.1,89.3
18,02,00,15,26.1,89.3
18,03,00,26,26.1,89.3
18,04,00,26,26.1,89.2
18,05,00,14,26.1,89.5
18,06,00,18,26.1,89.3
18,07,00,23,26.2,88.9
18,08,00,18,26.1,88.6
18,09,00,24,26.2,88.4
18,10,00,13,26.2,88.4
18,11,00,10,26.2,88.2
18,12,00,18,26.1,87.6
18,13,00,14,26.1,87.5
18,14,00,17,26.1,87.3
18,15,00,30,26.2,87.1
18,16,00,18,26.3,86.8
18,17,00,23,26.3,86.8
18,18,00,18,26.3,86.8
18,19,00,21,26.3,86.7
18,20,00,25,26.3,86.8
18,21,00,19,26.3,86.7
18,22,00,21,26.3,86.7
18,23,00,27,26.3,86.8
18,24,00,16,26.3,86.9
18,25,00,23,26.3,86.4
18,26,00,24,26.3,86.3
18,27,00,24,26.3,86.5
18,28,00,16,26.3,86.5
18,29,00,13,26.3,86.3
18,30,00,23,26.2,86.6
18,31,00,27,26.2,86.6
18,32,00,21,26.2,86.7
18,33,00,23,26.2,86.8
18,34,00,21,26.2,86.8
18,35,00,20,26.1,86.9
18,36,00,25,26.1,87
18,37,00,14,26.2,87
18,38,00,22,26.2,86.7
18,39,00,18,26.2,86.7
18,40,00,13,26.2,86.8
18,41,00,24,26.2,86.9
18,42,00,20,26.2,87.2
18,43,00,21,26.2,87.5
18,44,00,12,26.2,87.6
18,45,00,13,26.2,87.7
18,46,00,21,26.2,87.8
18,47,00,20,26.2,87.9
18,48,00,12,26.1,88.2
18,49,00,10,26.1,88.3
18,50,00,21,26.1,88.6
18,51,00,13,26.1,88.6
18,52,00,12,26.1,88.8
18,53,00,10,26.1,88.7
18,54,00,20,26.1,88.9
18,55,00,16,26.1,88.9
18,56,00,13,26.1,88.9
18,57,00,13,26.2,88.9
18,58,00,8,26.1,89
18,59,00,24,26.2,88.6
19,00,00,21,26.2,88.6
19,01,00,16,26.2,88.7
19,02,00,13,26.2,88.8
19,03,00,18,26.2,89
19,04,00,17,26.2,89.1
19,05,00,5,26.2,88.8
19,06,00,12,26.3,88.7
19,07,00,15,26.3,88.6
19,08,00,13,26.3,88.7
19,09,00,15,26.2,88.8
19,10,00,16,26.2,88.7
19,11,00,12,26.3,88.4
19,12,00,21,26.3,88.3
19,13,00,18,26.4,88.2
19,14,00,29,26.4,88
19,15,00,20,26.4,87.8
19,16,00,14,26.5,87.5
19,17,00,14,26.5,87.4
19,18,00,27,26.5,87.3
19,19,00,20,26.5,87.3
19,20,00,13,26.6,87.2
19,21,00,21,26.6,86.9
19,22,00,18,26.6,87.3
19,23,00,24,26.6,87.4
19,24,00,12,26.5,87.5
19,25,00,23,26.5,87.5
19,26,00,24,26.5,87.3
19,27,00,25,26.5,87.1
19,28,00,17,26.6,87.1
19,29,00,14,26.6,87.1
19,30,00,10,26.5,87.3
19,31,00,15,26.4,87.8
19,32,00,21,26.5,87.7
19,33,00,13,26.5,87.3
19,34,00,27,26.5,87.2
19,35,00,20,26.5,87.1
19,36,00,18,26.6,87.1
19,37,00,11,26.5,87.3
19,38,00,13,26.6,87.1
19,39,00,14,26.6,87
19,40,00,26,26.5,87.2
19,41,00,14,26.5,87.5
19,42,00,16,26.5,87.6
19,43,00,12,26.5,88
19,44,00,10,26.4,88.4
19,45,00,13,26.3,88.7
19,46,00,13,26.3,88.7
19,47,00,19,26.3,88.8
19,48,00,19,26.3,89.1
19,49,00,25,26.3,89
19,50,00,20,26.4,88.4
19,51,00,15,26.5,88
19,52,00,9,26.6,88
19,53,00,11,26.5,88
19,54,00,21,26.5,88
19,55,00,21,26.5,88
19,56,00,18,26.5,87.9
19,57,00,20,26.5,87.8
19,58,00,14,26.5,87.8
19,59,00,22,26.5,87.5
20,00,00,24,26.5,87.8
20,01,00,19,26.5,87.8
20,02,00,18,26.5,87.8
20,03,00,23,26.5,87.7
20,04,00,13,26.5,87.7
20,05,00,22,26.5,87.7
20,06,00,12,26.5,87.8
20,07,00,24,26.6,87.4
20,08,00,30,26.7,87.5
20,09,00,13,26.6,87.3
20,10,00,27,26.7,87.2
20,11,00,27,26.7,86.9
20,12,00,23,26.6,87
20,13,00,25,26.6,87.3
20,14,00,22,26.7,86.8
20,15,00,21,26.7,86.4
20,16,00,21,26.6,86.8
20,17,00,13,26.6,86.8
20,18,00,15,26.6,86.7
20,19,00,17,26.4,86.9
20,20,00,14,26.3,87.3
20,21,00,17,26.3,87.8
20,22,00,19,26.3,87.5
20,23,00,13,26.3,87.6
20,24,00,7,26.2,87.8
20,25,00,10,26.1,88
20,26,00,22,26.1,88.1
20,27,00,20,26.1,88.2
20,28,00,9,26,88.4
20,29,00,16,26,88.4
20,30,00,14,26.2,88.1
20,31,00,13,26.2,87.9
20,32,00,19,26.2,87.9
20,33,00,25,26.3,87.5
20,34,00,26,26.3,87.3
20,35,00,22,26.4,87.3
20,36,00,21,26.4,87.1
20,37,00,19,26.4,87.3
20,38,00,7,26.3,87.4
20,39,00,12,26.3,87.4
20,40,00,16,26.3,87
20,41,00,19,26.4,86.9
20,42,00,15,26.4,87.1
20,43,00,12,26.4,87
20,44,00,19,26.4,86.8
20,45,00,17,26.3,87.1
20,46,00,15,26.3,87
20,47,00,20,26.3,87
20,48,00,25,26.4,86.7
20,49,00,27,26.4,86.4
20,50,00,20,26.4,86.4
20,51,00,9,26.4,86.5
20,52,00,24,26.4,86.4
20,53,00,24,26.4,86.3
20,54,00,25,26.4,86.1
20,55,00,11,26.5,85.9
20,56,00,12,26.5,85.7
20,57,00,16,26.5,85.8
20,58,00,22,26.4,85.6
20,59,00,15,26.5,85.5
21,00,00,21,26.5,85.5
21,01,00,17,26.5,85.3
21,02,00,20,26.4,85.5
21,03,00,10,26.4,85.7
21,04,00,18,26.4,85.8
21,05,00,20,26.4,85.9
21,06,00,20,26.4,86
21,07,00,18,26.4,86
21,08,00,26,26.4,85.9
21,09,00,17,26.4,85.6
21,10,00,16,26.4,85.7
21,11,00,14,26.4,85.8
21,12,00,18,26.4,85.8
21,13,00,18,26.4,85.8
21,14,00,16,26.4,85.9
21,15,00,22,26.3,86
21,16,00,13,26.2,86.3
21,17,00,29,26.2,86.6
21,18,00,15,26.2,86.8
21,19,00,12,26.2,86.7
21,20,00,24,26.2,86.6
21,21,00,17,26.2,86.3
21,22,00,20,26.2,86.4
21,23,00,16,26.3,86
21,24,00,13,26.2,86.2
21,25,00,23,26.1,86.3
21,26,00,20,26.1,86.5
21,27,00,22,26.1,86.6
21,28,00,19,26,86.8
21,29,00,19,26,86.7
21,30,00,26,26,86.8
21,31,00,12,26,86.7
21,32,00,23,26,86.6
21,33,00,23,26,86.5
21,34,00,15,26,86.4
21,35,00,15,25.9,86.7
21,36,00,33,26,86.7
21,37,00,10,25.9,87
21,38,00,17,25.9,87
21,39,00,17,25.9,87
21,40,00,18,25.9,87.2
21,41,00,19,25.9,87
21,42,00,14,25.9,87.1
21,43,00,30,25.9,86.9
21,44,00,12,25.8,87
21,45,00,13,25.7,87.3
21,46,00,18,25.7,87.4
21,47,00,24,25.7,87.6
21,48,00,22,25.7,87.3
21,49,00,19,25.8,87.1
21,50,00,11,25.9,87.1
21,51,00,15,25.9,87.2
21,52,00,15,25.9,86.8
21,53,00,22,25.9,87
21,54,00,23,25.9,86.8
21,55,00,30,26,86.8
21,56,00,16,25.9,86.8
21,57,00,15,25.8,87.1
21,58,00,22,25.8,87.2
21,59,00,22,25.8,87.2
22,00,00,22,25.7,87.4
22,01,00,27,25.7,87.5
22,02,00,24,25.6,87.7
22,03,00,16,25.6,87.9
22,04,00,14,25.7,87.5
22,05,00,14,25.8,87.1
22,06,00,19,25.7,87.3
22,07,00,10,25.7,87.3
22,08,00,21,25.7,87.6
22,09,00,16,25.6,87.7
22,10,00,25,25.6,87.7
22,11,00,24,25.6,88
22,12,00,22,25.6,88
22,13,00,28,25.6,88.2
22,14,00,13,25.6,88.2
22,16,00,19,25.7,88.2
22,17,00,21,25.7,88.1
22,18,00,19,25.6,88.1
22,19,00,10,25.6,88.1
22,20,00,32,25.6,88.1
22,21,00,8,25.6,88
22,22,00,11,25.7,87.8
22,23,00,26,25.8,87.5
22,24,00,20,25.8,87.3
22,25,00,12,25.7,87.6
22,26,00,14,25.6,87.7
22,27,00,22,25.6,88
22,28,00,18,25.6,88.1
22,29,00,23,25.6,88
22,30,00,17,25.6,87.9
22,31,00,19,25.7,87.8
22,32,00,14,25.7,87.7
22,33,00,14,25.7,87.6
22,34,00,9,25.7,87.6
22,35,00,16,25.7,87.7
22,36,00,20,25.7,87.7
22,37,00,17,25.7,87.6
22,38,00,17,25.7,87.5
22,39,00,12,25.7,87.6
22,40,00,21,25.7,87.7
22,41,00,8,25.7,87.7
22,42,00,23,25.6,87.9
22,43,00,10,25.6,87.9
22,44,00,20,25.6,88
22,45,00,16,25.7,87.9
22,46,00,13,25.6,87.8
22,47,00,18,25.7,87.7
22,48,00,18,25.6,87.9
22,49,00,17,25.7,87.6
22,50,00,13,25.8,87.1
22,51,00,17,25.9,86.7
22,52,00,12,25.9,86.7
22,53,00,19,25.9,87
22,54,00,24,25.9,86.7
22,55,00,26,25.9,86.5
22,56,00,28,26,86.5
22,57,00,28,26,86.5
22,58,00,14,26,86.4
22,59,00,10,25.9,86.5
23,00,00,18,25.8,86.8
23,01,00,18,25.6,87.4
23,02,00,14,25.6,87.9
23,03,00,18,25.5,88
23,04,00,15,25.5,88.2
23,05,00,22,25.5,88.3
23,06,00,8,25.6,88
23,07,00,13,25.6,87.7
23,08,00,16,25.7,87.5
23,09,00,17,25.7,87.4
23,10,00,23,25.8,87.2
23,11,00,19,25.8,87
23,12,00,17,25.7,87
23,13,00,25,25.7,87.2
23,14,00,12,25.6,87.5
23,15,00,25,25.5,87.8
23,16,00,17,25.5,87.9
23,17,00,24,25.5,88.2
23,18,00,15,25.5,88.4
23,19,00,20,25.4,88.7
23,20,00,15,25.4,88.8
23,21,00,15,25.4,88.8
23,22,00,22,25.4,88.7
23,23,00,14,25.4,88.8
23,24,00,20,25.4,88.8
23,26,00,12,25.4,88.9
23,27,00,10,25.3,89
23,28,00,10,25.3,88.9
23,30,00,6,25.3,89
23,32,00,17,25.4,88.7
23,33,00,12,25.5,88.1
23,34,00,21,25.5,87.8
23,35,00,25,25.5,87.6
23,36,00,13,25.4,87.8
23,37,00,17,25.4,87.9
23,38,00,35,25.4,87.9
23,39,00,8,25.6,87.5
23,40,00,10,25.7,87.1
23,41,00,28,25.7,87
23,42,00,21,25.6,87.5
23,43,00,22,25.6,87.4
23,44,00,14,25.6,87.3
23,45,00,7,25.7,87
23,46,00,20,25.6,87.1
23,47,00,20,25.7,87
23,48,00,20,25.7,86.7
23,49,00,20,25.8,86.6
23,50,00,18,25.8,86.4
23,51,00,19,25.8,86.3
23,52,00,30,25.7,86.8
23,53,00,27,25.7,86.6
23,54,00,19,25.7,86.5
23,55,00,11,25.6,86.7
23,56,00,12,25.5,87.3
23,57,00,17,25.4,87.6
23,58,00,24,25.5,87.4
23,59,00,14,25.6,87
