jam,menit,detik,cpm,temp,hum
00,00,00,33,25.5,87.3
00,01,00,31,25.5,87.1
00,02,00,54,25.6,87.2
00,03,00,42,25.6,87.1
00,04,00,18,25.6,86.8
00,05,00,32,25.6,87.1
00,06,00,44,25.5,87.3
00,07,00,18,25.5,87.7
00,08,00,48,25.6,87.4
00,09,00,38,25.6,87
00,10,00,44,25.6,86.9
00,11,00,35,25.6,86.5
00,12,00,34,25.5,87.2
00,13,00,32,25.4,86.9
00,33,00,11,25.1,89.3
00,34,00,43,25.1,89.1
00,35,00,26,25.2,89.2
00,36,00,51,25.2,88.8
00,37,00,24,25.3,88.7
00,38,00,31,25.2,88.8
00,39,00,21,25.2,89
00,40,00,37,25.2,89
00,41,00,34,25.3,88.6
00,42,00,34,25.4,88.3
00,43,00,32,25.4,88.1
00,44,00,28,25.5,87.9
00,45,00,50,25.5,87.7
00,46,00,34,25.4,87.9
00,47,00,25,25.4,87.9
00,48,00,25,25.4,88
00,49,00,45,25.3,88.5
00,50,00,24,25.4,88.3
00,51,00,33,25.3,88.4
00,52,00,29,25.3,88.4
00,53,00,38,25.4,88.2
00,54,00,25,25.4,87.8
00,55,00,23,25.4,87.8
00,56,00,33,25.5,87.5
00,57,00,35,25.5,87.6
00,58,00,48,25.4,87.8
00,59,00,24,25.5,87.5
01,00,00,41,25.5,87.2
01,01,00,35,25.5,87.3
01,02,00,44,25.4,88
01,03,00,25,25.3,88.3
01,04,00,35,25.3,88.5
01,05,00,42,25.3,88.6
01,06,00,43,25.4,88.1
01,07,00,21,25.4,88
01,08,00,30,25.4,87.8
01,09,00,27,25.4,87.9
01,10,00,17,25.4,87.8
01,11,00,26,25.4,88
01,12,00,17,25.5,87.7
01,13,00,42,25.5,87.5
01,14,00,39,25.5,87.1
01,15,00,21,25.5,87.4
01,16,00,26,25.5,87.6
01,17,00,25,25.4,88
01,18,00,31,25.4,88
01,19,00,29,25.4,88.3
01,20,00,40,25.4,88.3
01,21,00,12,25.4,88.1
01,22,00,30,25.3,88.4
01,23,00,48,25.3,88.5
01,24,00,48,25.2,88.6
01,25,00,36,25.3,88.4
01,26,00,33,25.2,88.5
01,27,00,56,25.3,88.1
01,28,00,26,25.4,87.7
01,29,00,46,25.4,87.6
01,30,00,45,25.4,87.6
01,31,00,45,25.2,88
01,32,00,25,25.2,88.3
01,33,00,46,25.2,87.9
01,34,00,50,25.2,88.2
01,35,00,28,25.2,88.2
01,36,00,22,25.2,88.1
01,37,00,28,25.2,88.2
01,38,00,50,25.2,88.1
01,39,00,40,25.2,88.1
01,40,00,25,25.1,88.1
01,41,00,34,25.2,88.1
01,42,00,28,25.3,87.6
01,43,00,46,25.3,87
01,44,00,33,25.3,87
01,45,00,43,25.3,86.7
01,46,00,31,25.3,86.7
01,47,00,27,25.4,86.5
01,48,00,61,25.5,86.3
01,49,00,21,25.5,85.9
01,50,00,21,25.4,85.9
01,51,00,19,25.4,86.1
01,52,00,28,25.4,86.1
01,54,00,45,25.3,86.8
01,55,00,38,25.3,86.9
01,56,00,37,25.3,87
01,57,00,29,25.3,87.1
01,58,00,38,25.2,87.4
01,59,00,46,25.2,87.8
02,00,00,27,25.2,87.9
02,01,00,40,25.1,87.3
02,02,00,26,25.2,87.7
02,03,00,44,25.3,87
02,04,00,20,25.3,86.3
02,05,00,19,25.3,86.3
02,06,00,36,25.3,86.4
02,07,00,34,25.3,86.3
02,08,00,24,25.3,86.3
02,09,00,41,25.4,85.9
02,10,00,36,25.4,85.6
02,11,00,33,25.3,85.9
02,12,00,32,25.3,85.9
02,13,00,29,25.4,85.9
02,14,00,50,25.4,85.7
02,15,00,28,25.3,85.9
02,16,00,20,25.3,86.2
02,17,00,40,25.3,85.7
02,18,00,27,25.3,85.9
02,19,00,25,25.4,85.7
02,20,00,41,25.4,85.6
02,21,00,35,25.4,85.6
02,22,00,50,25.4,85.5
02,23,00,40,25.4,85.5
02,24,00,30,25.4,85.7
02,25,00,58,25.3,85.6
02,26,00,47,25.3,85.7
02,27,00,34,25.4,85.5
02,28,00,33,25.4,85.5
02,29,00,34,25.4,85.6
02,30,00,24,25.4,85.4
02,31,00,58,25.4,85.6
02,32,00,22,25.4,85.5
02,33,00,15,25.4,85.7
02,34,00,34,25.4,85.8
02,35,00,26,25.4,85.8
02,36,00,22,25.4,85.3
02,37,00,37,25.4,85.4
02,38,00,35,25.4,85.3
02,39,00,34,25.4,85.4
02,40,00,30,25.4,85.8
02,41,00,38,25.3,86.1
02,42,00,29,25.4,86
02,43,00,40,25.2,86.5
02,44,00,25,25.2,86.9
02,45,00,41,25.2,87
02,46,00,33,25.1,87
02,47,00,23,25.2,86.5
02,48,00,26,25.2,86.2
02,49,00,27,25.2,86.3
02,50,00,35,25.3,86.1
02,51,00,23,25.2,86.6
02,52,00,16,25.1,87.1
02,53,00,26,25.2,85.9
02,54,00,33,25.3,85.7
02,55,00,33,25.3,85.2
02,56,00,20,25.2,85.4
02,57,00,35,25.2,85.7
02,58,00,40,25.2,85.4
02,59,00,31,25.3,85.2
03,00,00,30,25.2,85.7
03,01,00,38,25.1,86.2
03,02,00,35,25.1,86.2
03,03,00,21,25.1,86.5
03,04,00,22,25.2,85.6
03,05,00,33,25.2,85.7
03,06,00,53,25.1,86.1
03,07,00,19,25.2,86.1
03,08,00,16,25.1,86.1
03,09,00,26,25.1,86.1
03,10,00,35,25.2,85.7
03,11,00,42,25.2,85.2
03,12,00,30,25,85.9
03,13,00,39,25,86.2
03,14,00,34,25.1,86
03,15,00,39,25.1,85.8
03,16,00,41,25.2,85.8
03,17,00,29,25.2,85.9
03,18,00,36,25.2,85.4
03,19,00,19,25.1,85.5
03,20,00,28,25,86.3
03,21,00,38,25,86.7
03,22,00,29,25,86.8
03,23,00,18,25,86.9
03,24,00,40,25.1,86.1
03,25,00,31,25,86
03,26,00,29,24.9,86.6
03,27,00,36,24.9,86.7
03,28,00,32,24.9,86.7
03,29,00,27,24.9,86.6
03,30,00,44,24.9,86.5
03,31,00,43,24.9,86.6
03,32,00,40,24.9,86.6
03,33,00,47,24.9,86.7
03,34,00,41,25,86.6
03,35,00,25,25,86.6
03,36,00,39,25,86.3
03,37,00,41,25,86.4
03,38,00,46,25,86.5
03,39,00,36,25.1,86.2
03,40,00,42,25.1,86.3
03,41,00,15,25.1,86.4
03,42,00,20,25.1,85.7
03,43,00,30,25,86
03,44,00,42,25,85.6
03,45,00,21,25.1,85.1
03,46,00,43,25.1,85.3
03,47,00,37,25.1,85.3
03,48,00,31,25.1,85.2
03,49,00,32,25,85.3
03,50,00,26,24.9,85.9
03,51,00,31,24.9,86
03,52,00,18,24.9,85.9
03,53,00,53,24.8,86
03,54,00,38,24.9,85.8
03,55,00,23,24.9,85.8
03,56,00,17,24.9,85.7
03,57,00,50,24.9,85.9
03,58,00,32,24.8,86
03,59,00,40,24.7,86.4
04,00,00,36,24.8,86.4
04,01,00,28,24.8,85.9
04,02,00,20,24.7,86.4
04,03,00,19,24.6,85.8
04,04,00,16,24.6,86.3
04,05,00,31,24.7,86
04,06,00,17,24.7,85.6
04,07,00,35,24.7,85.8
04,08,00,33,24.8,85.6
04,09,00,34,24.8,85.6
04,10,00,22,24.9,85.4
04,11,00,34,24.8,85.3
04,12,00,45,24.9,85.5
04,13,00,24,24.8,85.7
04,14,00,28,24.8,86
04,15,00,45,24.7,86.2
04,16,00,25,24.7,86.5
04,17,00,12,24.7,86.3
04,18,00,35,24.6,86.5
04,19,00,26,24.6,87.2
04,20,00,30,24.5,87.4
04,21,00,62,24.4,87.8
04,22,00,20,24.4,87.8
04,23,00,20,24.4,87.9
04,24,00,32,24.4,87.5
04,25,00,35,24.4,87
04,26,00,36,24.3,87.6
04,27,00,34,24.3,87.7
04,28,00,15,24.2,87.5
04,29,00,32,24.3,87.2
04,30,00,32,24.4,86.8
04,31,00,38,24.4,86.5
04,32,00,39,24.4,87.1
04,33,00,29,24.5,86.3
04,34,00,26,24.4,86.3
04,35,00,27,24.5,86.6
04,36,00,25,24.6,86.2
04,37,00,24,24.5,86.3
04,38,00,36,24.5,86.4
04,39,00,40,24.5,86.4
04,40,00,53,24.5,86
04,41,00,22,24.5,85.8
04,42,00,21,24.5,85.9
04,43,00,23,24.6,85.9
04,44,00,27,24.6,85.4
04,45,00,38,24.6,85.6
04,46,00,27,24.6,85.6
04,47,00,11,24.6,85.5
04,48,00,27,24.6,85.7
04,49,00,37,24.7,85.6
04,50,00,33,24.7,85.5
04,51,00,39,24.6,85.7
04,52,00,33,24.6,86.1
04,53,00,35,24.5,86.1
04,54,00,16,24.5,86.3
04,55,00,42,24.5,86.3
04,56,00,31,24.5,86.1
04,57,00,40,24.5,86.2
04,58,00,47,24.5,86.3
04,59,00,22,24.5,86.3
05,00,00,51,24.5,86
05,01,00,34,24.6,86
05,03,00,28,24.4,86.6
05,04,00,26,24.4,86.5
05,05,00,18,24.4,86.4
05,06,00,32,24.5,86.5
05,07,00,21,24.5,86.3
05,08,00,43,24.5,86.3
05,09,00,22,24.5,86
05,10,00,31,24.5,86
05,11,00,19,24.5,86.1
05,12,00,24,24.5,86.1
05,13,00,25,24.5,85.9
05,14,00,37,24.5,86
05,15,00,35,24.5,85.8
05,16,00,32,24.5,85.7
05,17,00,36,24.5,86.2
05,18,00,15,24.4,86.9
05,19,00,36,24.3,86.8
05,20,00,32,24.3,86.7
05,21,00,28,24.3,86.8
05,22,00,27,24.3,86.7
05,23,00,24,24.4,86.4
05,24,00,44,24.4,86.4
05,25,00,40,24.4,86.3
05,26,00,32,24.4,86.3
05,27,00,45,24.5,85.9
05,28,00,24,24.5,85.6
05,29,00,37,24.6,85.5
05,30,00,29,24.6,85.4
05,31,00,71,24.5,86
05,32,00,26,24.5,86.4
05,33,00,21,24.5,86.3
05,34,00,37,24.5,86.3
05,35,00,16,24.4,86.3
05,36,00,34,24.4,86.3
05,37,00,34,24.3,86.5
05,38,00,23,24.3,86.5
05,39,00,11,24.3,86.7
05,40,00,35,24.3,86.5
05,41,00,28,24.3,86.4
05,42,00,28,24.3,86.4
05,43,00,39,24.3,86.4
05,44,00,26,24.4,86.2
05,45,00,52,24.4,85.9
05,46,00,22,24.4,86
05,47,00,27,24.5,85.7
05,48,00,42,24.5,85.9
05,49,00,50,24.5,85.8
05,50,00,26,24.5,85.4
05,51,00,15,24.5,85.7
05,52,00,23,24.5,85.9
05,53,00,39,24.6,85.8
05,54,00,32,24.7,85.8
05,55,00,17,24.7,86
05,56,00,33,24.7,85.8
05,57,00,33,24.7,86.3
05,58,00,36,24.6,86.6
05,59,00,28,24.6,87
06,00,00,51,24.6,86.8
06,01,00,37,24.6,86.3
06,02,00,30,24.6,86.3
06,03,00,27,24.6,86.1
06,04,00,30,24.7,85.8
06,05,00,38,24.6,85.9
06,06,00,32,24.5,85.8
06,07,00,51,24.5,86.2
06,08,00,20,24.5,86.3
06,09,00,36,24.5,86.4
06,10,00,30,24.5,86.1
06,11,00,38,24.5,86.6
06,12,00,43,24.6,86.4
06,13,00,34,24.7,86.3
06,14,00,43,24.7,86.4
06,15,00,27,24.7,86.6
06,16,00,62,24.7,86.8
06,17,00,40,24.7,86.9
06,18,00,34,24.7,86.5
06,19,00,40,24.8,86.4
06,20,00,32,24.9,85.4
06,21,00,42,24.9,85.1
06,22,00,26,25,84.5
06,23,00,39,24.9,84.6
06,24,00,39,25,84.5
06,25,00,26,24.9,84.6
06,26,00,30,25,84.4
06,27,00,39,25,83.6
06,28,00,45,25,84.1
06,29,00,47,24.9,84.5
06,30,00,36,25,85
06,31,00,33,24.9,85.3
06,32,00,29,24.9,85.4
06,33,00,25,25,85.6
06,34,00,23,25,85.6
06,35,00,34,25.1,84.5
06,36,00,26,25.3,83.9
06,37,00,33,25.3,83.6
06,38,00,40,25.3,84.1
06,39,00,25,25.3,83.7
06,40,00,31,25.3,83.8
06,41,00,22,25.4,83
06,42,00,58,25.4,82.7
06,43,00,32,25.4,82.9
06,44,00,41,25.4,82.9
06,45,00,28,25.5,82.2
06,46,00,40,25.5,82.4
06,47,00,35,25.5,82.3
06,48,00,26,25.6,82.8
06,49,00,32,25.6,83.3
06,50,00,46,25.6,82.2
06,51,00,40,25.7,82.3
06,52,00,54,25.6,82.4
06,53,00,48,25.6,82.7
06,54,00,27,25.6,81.9
06,55,00,41,25.6,82.1
06,56,00,26,25.7,82.3
06,57,00,25,25.9,81.9
06,58,00,29,25.9,81
06,59,00,44,25.9,80.3
07,00,00,15,26,80.5
07,01,00,25,25.8,80.7
07,02,00,40,25.7,80.3
07,03,00,50,25.9,79.4
07,04,00,46,26,79.4
07,05,00,32,26,80.3
07,06,00,53,26.1,81.1
07,07,00,38,26.2,79.8
07,08,00,44,26.1,80.1
07,09,00,19,26.1,79.9
07,10,00,47,26.1,79.3
07,11,00,37,26.2,79.3
07,12,00,38,26.1,80
07,13,00,34,26.1,80.3
07,14,00,33,26.1,80.6
07,15,00,21,26.2,80.8
07,16,00,37,26.3,79.8
07,17,00,28,26.3,80.2
07,18,00,35,26.2,79.8
07,19,00,38,26.3,80.2
07,20,00,35,26.4,80.5
07,21,00,33,26.4,79.1
07,22,00,29,26.3,79.1
07,23,00,39,26.3,79.6
07,24,00,45,26.3,79.7
07,25,00,34,26.4,78.9
07,26,00,43,26.5,79.1
07,27,00,52,26.5,77.9
07,28,00,32,26.5,79.6
07,29,00,29,26.4,79.3
07,30,00,41,26.4,79.6
07,31,00,24,26.4,79.9
07,32,00,55,26.4,79.9
07,33,00,34,26.4,79.8
07,34,00,28,26.4,79.1
07,35,00,42,26.4,78.6
07,36,00,49,26.4,78.8
07,37,00,43,26.5,78.4
07,38,00,46,26.5,79
07,39,00,35,26.4,80.2
07,40,00,43,26.4,80.4
07,41,00,47,26.4,78.9
07,42,00,32,26.4,78.8
07,43,00,35,26.5,78.6
07,44,00,48,26.5,78.6
07,45,00,23,26.6,78
07,46,00,23,26.6,77.9
07,47,00,54,26.6,79.2
07,48,00,42,26.5,80.4
07,49,00,40,26.5,80.5
07,50,00,60,26.6,79.8
07,51,00,41,26.7,79.5
07,52,00,45,26.7,78.7
07,53,00,33,26.8,79.1
07,54,00,36,26.7,78.3
07,55,00,45,26.7,78.9
07,56,00,36,26.8,79.5
07,57,00,28,26.8,79.6
07,58,00,56,26.6,79.4
07,59,00,41,26.6,80.3
08,00,00,38,26.8,79.4
08,01,00,48,26.8,79.1
08,02,00,50,26.9,79.2
08,03,00,38,26.9,78.2
08,04,00,14,27,78.3
08,05,00,43,27,77.6
08,06,00,40,27,77.5
08,07,00,26,27,77.6
08,08,00,41,27,78
08,09,00,46,27,77.6
08,10,00,31,27.1,77.8
08,11,00,40,27.1,77.2
08,12,00,32,27.1,76.8
08,13,00,32,27.1,76.7
08,14,00,24,27.1,76.9
08,15,00,36,27.2,76.5
08,16,00,48,27.1,76.2
08,17,00,39,27.2,76.4
08,18,00,44,27.2,77.6
08,19,00,43,27.3,77.4
08,20,00,42,27.3,76.3
08,21,00,60,27.4,76
08,22,00,37,27.4,76.5
08,23,00,34,27.5,77.2
08,24,00,61,27.5,77.3
08,25,00,68,27.6,76.1
08,26,00,40,27.5,75.8
08,27,00,42,27.6,75.9
08,28,00,54,27.6,76.1
08,29,00,42,27.6,75.6
08,30,00,51,27.6,75
08,31,00,62,27.5,75.8
08,32,00,41,27.5,76.1
08,33,00,54,27.7,75.2
08,34,00,57,27.7,75.7
08,35,00,42,27.7,74
08,36,00,46,27.6,73.9
08,37,00,23,27.6,73.9
08,38,00,29,27.7,73.4
08,39,00,32,27.9,73.4
08,40,00,35,27.9,72.9
08,41,00,58,28,73.5
08,42,00,51,28.1,72
08,43,00,54,28,71.2
08,44,00,24,28,71.1
08,45,00,30,28.1,71.1
08,46,00,43,28.1,72.1
08,47,00,29,28,72.4
08,48,00,65,28,73.3
08,49,00,37,28,71.7
08,50,00,58,28,72.7
08,51,00,46,28,71.3
08,52,00,50,28,71.2
08,53,00,31,28.2,71
08,54,00,43,28.2,69.8
08,55,00,60,28.1,68.6
08,56,00,46,28.1,69.3
08,57,00,44,28.2,70.1
08,58,00,33,28.3,70.2
08,59,00,62,28.3,70.2
09,00,00,41,28.4,70
09,01,00,37,28.5,69.7
09,02,00,29,28.5,68.3
09,03,00,52,28.5,68.3
09,04,00,33,28.6,68.8
09,05,00,35,28.6,68.8
09,06,00,67,28.7,67.7
09,07,00,57,28.5,67.4
09,08,00,54,28.5,68.3
09,09,00,65,28.6,68.9
09,10,00,45,28.6,67.7
09,11,00,34,28.7,68.3
09,12,00,68,28.8,68.6
09,13,00,65,28.7,68.7
09,14,00,72,28.8,68.2
09,15,00,44,28.8,67.9
09,16,00,63,28.7,67.2
09,17,00,65,28.7,67.1
09,18,00,65,28.6,67.4
09,19,00,41,28.6,67.9
09,20,00,26,28.7,68.3
09,21,00,53,28.9,67.8
09,22,00,55,28.8,67.6
09,23,00,46,28.9,67.8
09,24,00,38,29,67.5
09,25,00,51,28.8,68
09,26,00,59,28.8,67.9
09,27,00,69,28.8,67.9
09,28,00,68,28.8,66.6
09,29,00,57,28.7,66.6
09,30,00,54,28.8,64.6
09,31,00,60,28.9,65.4
09,32,00,55,28.9,65.3
09,33,00,70,28.9,65.5
09,34,00,49,28.9,65
09,35,00,59,28.9,64.8
09,36,00,56,28.9,64.8
09,37,00,61,28.9,64.7
09,38,00,41,28.9,65.2
09,39,00,56,28.9,65.3
09,40,00,56,29.1,64.9
09,41,00,52,29.1,64.4
09,42,00,51,29.2,64.4
09,43,00,62,29.3,64.7
09,44,00,55,29.2,64.7
09,45,00,42,29.3,64.7
09,46,00,26,29.3,64.3
09,47,00,37,29.4,64.4
09,48,00,34,29.4,65
09,49,00,33,29.5,63.5
09,50,00,64,29.5,63.4
09,51,00,56,29.4,63.3
09,52,00,76,29.3,64
09,53,00,41,29.3,63.2
09,54,00,48,29.2,63.9
09,55,00,35,29.3,63.4
09,56,00,64,29.3,62.9
09,57,00,48,29.5,62.9
09,58,00,86,29.5,63.5
09,59,00,23,29.4,62.8
10,00,00,41,29.5,62.6
10,01,00,52,29.5,62.4
10,02,00,45,29.4,62.3
10,03,00,48,29.4,62.9
10,04,00,43,29.5,62.6
10,05,00,54,29.7,62.8
10,06,00,27,29.7,62.9
10,07,00,30,29.8,63.5
10,08,00,59,29.8,63.4
10,09,00,33,29.8,62.3
10,10,00,63,29.9,63
10,11,00,33,29.8,62.5
10,12,00,27,29.7,62.8
10,13,00,61,29.6,62.3
10,14,00,31,29.6,63.3
10,15,00,52,29.6,63.4
10,16,00,82,29.7,62.4
10,17,00,51,29.7,62.4
10,18,00,64,29.6,62.3
10,19,00,60,29.7,62.7
10,20,00,34,29.7,61.7
10,21,00,43,29.7,61.4
10,22,00,58,29.7,61.7
10,23,00,51,29.5,62.3
10,24,00,51,29.5,61.7
10,25,00,59,29.6,61.6
10,26,00,50,29.6,62.5
10,27,00,48,29.7,62.3
10,28,00,31,29.8,62.8
10,29,00,57,29.9,61.9
10,30,00,51,30,62.3
10,31,00,36,29.7,62.2
10,32,00,68,29.6,62.2
10,33,00,38,29.5,62.6
10,34,00,45,29.5,62
10,35,00,66,29.6,62
10,36,00,46,29.7,62.3
10,37,00,62,29.6,62.5
10,38,00,48,29.7,65.4
10,39,00,64,29.8,62.9
10,40,00,59,29.9,62.5
10,41,00,81,29.8,62.2
10,42,00,43,29.8,62.9
10,43,00,31,29.9,62.6
10,44,00,62,30,62.1
10,45,00,74,30,61.8
10,46,00,35,30.1,62.3
10,47,00,38,30.3,62
10,48,00,70,30.4,61.4
10,49,00,55,30.2,61.2
10,50,00,65,30.4,61.8
10,51,00,45,30.7,60.9
10,52,00,57,30.8,60.8
10,53,00,94,30.9,60.9
10,54,00,55,30.7,60.7
10,55,00,45,30.5,60.2
10,56,00,51,30.4,60.3
10,57,00,39,30.6,60.9
10,58,00,56,30.9,59.6
10,59,00,68,30.8,59.9
11,00,00,53,30.8,59.9
11,01,00,29,31,60.1
11,02,00,107,31.2,59.2
11,03,00,46,31.3,59.4
11,04,00,46,31.5,59.3
11,05,00,23,31.8,58.9
11,06,00,53,31.5,57.9
11,07,00,65,31.3,58.3
11,08,00,52,31.3,58.4
11,09,00,48,31.4,58.2
11,10,00,35,31.1,58.9
11,11,00,74,31.1,59.2
11,12,00,43,31.1,59.4
11,13,00,35,31.2,59.4
11,14,00,36,31.3,59.7
11,15,00,38,31.4,58.5
11,16,00,60,31.3,59.3
11,17,00,48,31.4,59
11,18,00,50,31.5,58.9
11,19,00,38,31.4,58.7
11,20,00,42,31.5,59
11,21,00,66,31.5,59.2
11,22,00,60,31.4,59
11,23,00,43,31.4,59.5
11,24,00,70,31.4,58.4
11,25,00,40,31.5,59
11,26,00,49,31.6,59.6
11,27,00,42,31.6,58.8
11,28,00,49,31.5,58.2
11,29,00,51,31.4,59
11,30,00,61,30.9,59.4
11,31,00,55,30.8,59.8
11,32,00,43,30.9,60
11,33,00,54,30.9,60.1
11,34,00,34,30.8,60.6
11,35,00,62,30.9,61.4
11,36,00,49,31,60.1
11,37,00,47,31,60.3
11,38,00,47,30.9,59.8
11,40,00,60,30.9,60.4
11,41,00,52,31,59.9
11,42,00,45,31.1,60.2
11,43,00,45,31.1,60.4
11,44,00,53,31,61.2
11,45,00,50,31.1,60.5
11,46,00,37,31,60.4
11,47,00,71,31.1,60.8
11,48,00,42,31.1,61.4
11,49,00,34,31.2,61.2
11,50,00,41,31.1,59.7
11,51,00,55,31.1,60.7
11,52,00,50,31.2,60.5
11,53,00,45,31.2,60.4
11,54,00,43,31.3,60.3
11,55,00,28,31.3,59.9
11,56,00,60,31.3,59.3
11,57,00,29,31.4,59.7
11,58,00,37,31.5,59.2
11,59,00,60,31.5,59.9
12,00,00,80,31.4,60.6
12,01,00,50,31.5,59.5
12,02,00,56,31.6,59.9
12,03,00,56,31.8,61.3
12,04,00,52,31.9,60.5
12,05,00,33,32,61.4
12,06,00,44,32,60.3
12,07,00,28,32.2,60.1
12,08,00,51,32.4,59.5
12,09,00,39,32.6,57.1
12,10,00,64,32.7,56.7
12,11,00,47,32.7,56
12,12,00,44,32.6,55.8
12,13,00,42,32.5,55.7
12,14,00,40,32.4,56.4
12,15,00,40,32.4,55.7
12,16,00,48,32.2,56.9
12,17,00,40,32.2,57.2
12,18,00,69,32.4,57.2
12,19,00,30,32.2,56.7
12,20,00,43,32.1,56.6
12,21,00,41,32.1,56.2
12,22,00,48,32.2,56.5
12,23,00,45,32.1,56.5
12,24,00,32,32.1,56.3
12,25,00,38,31.9,56.7
12,26,00,37,31.8,57.2
12,27,00,43,31.8,56.7
12,28,00,49,31.7,57
12,29,00,47,31.6,57.7
12,30,00,60,31.6,57.3
12,31,00,34,31.6,57.6
12,32,00,47,31.3,58.1
12,33,00,47,31.4,58.1
12,34,00,33,31.3,57.8
12,35,00,56,31.4,58.9
12,36,00,53,31.5,58.1
12,37,00,33,31.2,58
12,38,00,37,31.1,58.9
12,39,00,46,31.1,58.5
12,40,00,39,31.2,58.8
12,41,00,66,31.4,59.6
12,42,00,51,31.5,59.1
12,43,00,47,31.7,59.1
12,44,00,27,31.8,59.1
12,45,00,24,31.8,59.9
12,46,00,58,31.6,61
12,47,00,43,31.6,60.1
12,48,00,33,31.6,59.3
12,49,00,47,31.5,58.6
12,50,00,38,31.5,58.2
12,51,00,43,31.5,59.5
12,52,00,45,31.4,60.1
12,53,00,68,31.5,60.4
12,54,00,33,31.4,63.6
12,55,00,18,31.1,63.8
12,56,00,43,31,63.9
12,57,00,39,30.9,65
12,58,00,47,30.9,64.6
12,59,00,54,30.9,64.3
13,00,00,39,31,64
13,01,00,47,31,63.1
13,02,00,53,31,64
13,03,00,43,31.1,62.4
13,04,00,37,31.2,63.3
13,05,00,34,31.2,62.2
13,06,00,26,31.2,59.9
13,07,00,47,31.2,60.3
13,08,00,51,31.2,61.1
13,09,00,37,31.4,61.5
13,10,00,22,31.5,60.4
13,11,00,38,31.3,58.6
13,12,00,54,31.3,59.3
13,13,00,61,31.5,60
13,14,00,50,31.6,59.9
13,15,00,37,31.6,60.2
13,16,00,35,31.8,59.7
13,17,00,34,31.7,60.2
13,18,00,73,31.6,59.9
13,19,00,39,31.5,59.9
13,20,00,55,31.6,59.7
13,21,00,54,31.6,60.1
13,22,00,38,31.5,60.7
13,23,00,39,31.6,61
13,24,00,48,31.6,60.3
13,25,00,30,31.6,59
13,26,00,36,31.7,59.5
13,27,00,28,31.7,57.6
13,28,00,53,31.5,57.1
13,29,00,44,31.2,56.9
13,30,00,34,31.1,56.4
13,31,00,44,30.8,56.7
13,32,00,40,30.7,57.4
13,33,00,34,30.7,57.9
13,34,00,64,30.8,58.2
13,35,00,44,30.8,58.1
13,36,00,57,30.8,59.2
13,37,00,33,30.6,58.6
13,38,00,29,30.7,58.2
13,39,00,39,30.8,57.7
13,40,00,60,30.6,57.6
13,41,00,49,30.5,57.9
13,42,00,60,30.5,57.8
13,43,00,37,30.3,58.7
13,44,00,62,30.2,59.1
13,45,00,38,30.1,59.5
13,46,00,40,30.1,59.5
13,47,00,70,30,59.5
13,48,00,55,30.1,58.8
13,49,00,76,30,58.4
13,50,00,26,30.1,57.8
13,51,00,41,30.1,57.6
13,52,00,56,30.2,57.6
13,53,00,45,30.2,57.1
13,54,00,41,30.1,57.4
13,55,00,53,30.2,57.7
13,56,00,47,29.9,58.1
13,57,00,52,29.7,59
13,58,00,44,29.6,59.5
13,59,00,33,29.5,60.5
14,00,00,47,29.6,60.6
14,01,00,34,29.6,60.6
14,02,00,34,29.5,60.7
14,03,00,33,29.3,61.2
14,04,00,47,29.3,61.5
14,05,00,26,29.3,61.3
14,06,00,28,29.2,61.8
14,07,00,33,29.2,62
14,08,00,42,29.3,62.3
14,09,00,32,29.3,62.4
14,10,00,48,29.5,62.1
14,11,00,24,29.6,61.4
14,12,00,43,29.6,61.4
14,13,00,34,29.6,61.6
14,14,00,51,29.6,61.4
14,15,00,38,29.5,61.5
14,16,00,29,29.5,61.7
14,17,00,35,29.7,61.1
14,18,00,67,29.7,60.9
14,19,00,42,29.7,61
14,20,00,45,29.7,62
14,21,00,25,29.7,62.1
14,22,00,38,29.7,63
14,23,00,43,29.8,63.5
14,24,00,49,29.8,63.8
14,25,00,36,29.8,63.8
14,26,00,47,29.8,64
14,27,00,39,29.7,65.1
14,28,00,55,29.6,65.8
14,29,00,30,29.7,65.6
14,30,00,34,29.7,65.5
14,31,00,41,29.6,65.8
14,32,00,21,29.6,66.5
14,33,00,41,29.6,66.5
14,34,00,49,29.6,66.2
14,35,00,30,29.5,60.7
14,36,00,34,29.5,60.9
14,37,00,18,29.4,60
14,38,00,39,29.4,60.1
14,39,00,28,29.5,59.6
14,40,00,36,29.5,59.2
14,41,00,25,29.6,59.4
14,42,00,38,29.6,58.8
14,43,00,53,29.6,58.9
14,44,00,37,29.6,59.2
14,45,00,41,29.5,59.3
14,46,00,23,29.4,59.6
14,47,00,30,29.3,60.4
14,48,00,39,29.3,59.6
14,49,00,22,29.2,60.5
14,50,00,25,29,60.9
14,51,00,42,29,61
14,52,00,37,28.9,61.4
14,53,00,39,28.8,61.8
14,54,00,41,28.8,62.2
14,55,00,43,28.7,62
14,56,00,46,28.8,62.1
14,57,00,31,28.8,62.4
14,58,00,33,28.8,62.2
14,59,00,43,28.7,62.7
15,00,00,25,28.8,62.5
15,01,00,61,28.8,62.5
15,02,00,36,28.7,63.1
15,03,00,31,28.5,64.6
15,04,00,46,28.5,65.5
15,05,00,42,28.5,66.5
15,06,00,43,28.4,66.6
15,07,00,27,28.2,67.4
15,08,00,22,28.2,68.6
15,09,00,58,28.2,68.6
15,10,00,42,27.9,69.5
15,11,00,14,27.9,70.2
15,12,00,32,27.8,69.8
15,13,00,52,27.8,70.3
15,14,00,46,27.7,70.2
15,15,00,30,27.4,71.4
15,16,00,39,27.5,72.4
15,17,00,30,27.5,71.7
15,18,00,33,27.3,72.4
15,19,00,37,27.5,72.7
15,20,00,21,27.6,73.4
15,21,00,28,27.5,71.6
15,22,00,45,27.5,72.7
15,23,00,41,27.5,73.5
15,24,00,25,27.6,72.2
15,25,00,35,27.6,71.6
15,26,00,28,27.6,73
15,27,00,40,27.6,71.4
15,28,00,33,27.6,73.3
15,29,00,36,27.6,73.5
15,30,00,36,27.7,72.2
15,31,00,26,27.7,72.5
15,32,00,30,27.5,72.8
15,33,00,33,27.5,74
15,34,00,39,27.4,74.5
15,35,00,24,27.5,74.5
15,36,00,36,27.6,74.9
15,37,00,23,27.4,76.6
15,38,00,34,27.3,76.4
15,39,00,42,27.3,77.7
15,40,00,39,27.2,76.8
15,41,00,29,27.3,76.3
15,42,00,39,27.2,77.3
15,43,00,29,27.1,77.4
15,44,00,44,27,77.7
15,45,00,43,27,77.8
15,46,00,24,27,78.7
15,47,00,28,27.1,77.8
15,48,00,45,27.1,78.1
15,49,00,26,27.1,78
15,50,00,25,27,77.4
15,51,00,23,27,78.4
15,52,00,31,26.9,78.9
15,53,00,31,26.7,79.8
15,54,00,15,26.8,79.1
15,55,00,40,26.9,79
15,56,00,31,26.9,78.5
15,57,00,28,27.1,78.2
15,58,00,16,27.1,78.7
15,59,00,31,26.9,79.8
16,00,00,41,26.9,78.4
16,01,00,44,26.9,79.1
16,02,00,31,27,79.1
16,03,00,32,27,78.1
16,04,00,52,26.8,79
16,05,00,30,26.9,79.3
16,06,00,33,26.7,79.8
16,07,00,23,26.7,79.4
16,08,00,34,26.8,80.5
16,09,00,31,26.7,80.8
16,10,00,48,26.6,81
16,11,00,15,26.5,81
16,12,00,38,26.5,81.9
16,13,00,34,26.5,82.2
16,14,00,20,26.5,82.8
16,15,00,28,26.5,82.6
16,16,00,29,26.5,83
16,17,00,31,26.5,82.8
16,18,00,33,26.4,83.8
16,19,00,24,26.6,83.1
16,20,00,14,26.6,83
16,21,00,27,26.6,83.2
16,22,00,22,26.6,83.3
16,23,00,33,26.7,82.5
16,24,00,52,26.9,81.8
16,25,00,47,27,82.1
16,26,00,39,27,81.6
16,27,00,20,26.8,82
16,28,00,32,26.8,82
16,29,00,23,26.8,82.9
16,30,00,51,26.8,82.7
16,31,00,20,26.8,82
16,32,00,25,26.9,81.7
16,33,00,35,27,81.5
16,34,00,28,26.9,80.1
16,35,00,25,26.9,80.5
16,36,00,32,26.9,80.5
16,37,00,30,26.9,79.6
16,38,00,33,26.8,79.7
16,39,00,26,26.8,79.8
16,40,00,24,26.8,79.7
16,41,00,24,26.9,79.3
16,42,00,21,27,79.2
16,43,00,48,27.1,78.5
16,44,00,39,27.1,78.2
16,45,00,32,27.2,78.2
16,46,00,26,27.2,78
16,47,00,34,27.2,77.9
16,48,00,33,27.3,77.7
16,49,00,29,27.3,77.1
16,50,00,29,27.3,76.9
16,51,00,43,27.1,77.7
16,52,00,41,26.8,78.7
16,53,00,19,26.9,79
16,54,00,31,27,79.1
16,55,00,38,26.9,79.2
16,56,00,31,26.9,80.3
16,57,00,37,26.9,80.3
16,58,00,29,26.9,80.2
16,59,00,22,26.9,80.6
17,00,00,27,26.9,81.3
17,01,00,46,26.8,81.4
17,02,00,26,27,80.9
17,03,00,34,27,79.3
17,04,00,31,27.1,79.2
17,05,00,26,27.1,79.3
17,06,00,33,27.1,79.3
17,07,00,37,27.1,79.4
17,08,00,30,27,79
17,09,00,12,27,77.8
17,10,00,35,27,77.9
17,11,00,23,27,78.5
17,12,00,35,26.9,78.7
17,13,00,29,26.9,79.1
17,14,00,26,27,79
17,15,00,40,26.9,80.1
17,16,00,39,26.9,80.8
17,17,00,44,26.9,81.3
17,18,00,34,26.9,81.4
17,19,00,33,26.9,81.1
17,20,00,16,26.8,80.7
17,21,00,33,26.8,82.4
17,22,00,28,26.8,81.9
17,23,00,34,26.9,82.2
17,24,00,37,26.9,81.9
17,25,00,40,27,81.3
17,26,00,22,27,81.5
17,27,00,40,27.1,80.4
17,29,00,26,27,80.9
17,30,00,24,26.9,78.1
17,31,00,27,26.8,78.4
17,32,00,22,26.8,79
17,33,00,26,26.8,78.9
17,34,00,30,26.8,78.8
17,35,00,26,26.8,79.9
17,36,00,42,26.7,80.8
17,37,00,16,26.7,80.7
17,38,00,32,26.6,80.3
17,39,00,41,26.7,80.6
17,40,00,37,26.8,79.5
17,41,00,30,26.5,80.1
17,42,00,15,26.4,81.1
17,43,00,27,26.4,80.8
17,44,00,27,26.4,81.1
17,45,00,35,26.3,81.1
17,46,00,22,26.3,81.6
17,47,00,44,26.2,82.1
17,48,00,31,26.2,82.3
17,49,00,37,26.3,82.2
17,50,00,42,26.2,82.3
17,51,00,22,26.2,82.5
17,52,00,34,26.3,82
17,53,00,44,26.3,82.3
17,54,00,36,26.1,82.1
17,55,00,35,26.1,82.7
17,56,00,38,26,82.6
17,57,00,37,26,83.4
17,58,00,33,26.1,82.9
17,59,00,38,26.1,82.8
18,00,00,21,26,83.1
18,01,00,37,26.1,82.8
18,02,00,25,26.1,82.5
18,03,00,20,26.1,82.3
18,04,00,25,26.1,82.3
18,05,00,34,26.1,81.8
18,06,00,45,26,82.4
18,07,00,29,26.1,82.1
18,08,00,35,26,82.3
18,09,00,20,26,82.6
18,10,00,26,26.1,82.5
18,11,00,21,26.1,82.1
18,12,00,18,26,82.3
18,13,00,47,25.9,83
18,14,00,34,26,83
18,15,00,41,26.1,82.9
18,16,00,24,26.1,82.8
18,17,00,51,26.1,83.2
18,18,00,34,26.1,83.3
18,19,00,26,26.2,83.2
18,20,00,42,26.2,83.2
18,21,00,24,26.2,82.4
18,22,00,41,26.2,82.6
18,23,00,41,26.3,82.3
18,24,00,43,26.3,82.5
18,25,00,20,26.2,83.1
18,26,00,22,26.3,82.5
18,27,00,20,26.3,82.6
18,28,00,39,26.3,82.4
18,29,00,30,26.3,82.3
18,30,00,45,26.3,82.3
18,31,00,45,26.3,81.3
18,32,00,37,26.3,82
18,33,00,37,26.3,82.2
18,34,00,27,26.4,81.3
18,35,00,25,26.4,81.6
18,36,00,27,26.4,81.6
18,37,00,35,26.3,81.6
18,38,00,18,26.2,81.7
18,39,00,29,26.4,81.9
18,40,00,37,26.4,82.5
18,41,00,38,26.1,83.9
18,42,00,37,25.9,84.7
18,43,00,21,26,85.3
18,44,00,56,26,84.8
18,45,00,29,26.1,85
18,46,00,33,25.9,84.3
18,47,00,40,25.9,84.5
18,48,00,44,25.8,83.1
18,49,00,36,25.9,83.3
18,50,00,34,25.7,83.1
18,51,00,30,25.7,84.5
18,52,00,26,25.5,82.8
18,53,00,53,25.3,84.4
18,54,00,33,25.3,84.9
18,55,00,43,25.3,84
18,56,00,26,25.3,84.5
18,57,00,23,25.2,85.3
18,58,00,34,25.2,85.1
18,59,00,21,25.4,84.3
19,00,00,25,25.5,84.5
19,01,00,38,25.5,83.3
19,02,00,22,25.5,83.4
19,03,00,21,25.6,84
19,04,00,29,25.5,83.7
19,05,00,57,25.5,83.4
19,06,00,31,25.5,83.2
19,07,00,23,25.5,83.3
19,08,00,28,25.5,83.6
19,09,00,29,25.5,83.6
19,10,00,31,25.5,84
19,11,00,50,25.5,83.9
19,12,00,47,25.5,83.4
19,13,00,18,25.6,83.3
19,14,00,33,25.5,83.5
19,15,00,41,25.4,83.6
19,16,00,38,25.4,83.9
19,17,00,28,25.4,83.7
19,18,00,39,25.3,82.9
19,19,00,27,25.2,84
19,20,00,31,25.3,84.4
19,21,00,43,25.4,84.7
19,22,00,21,25.4,84.4
19,23,00,29,25.3,84
19,24,00,34,25.4,84.3
19,25,00,33,25.4,84.7
19,26,00,23,25.5,84.7
19,27,00,27,25.5,84.6
19,28,00,28,25.5,84.5
19,29,00,45,25.5,84.9
19,30,00,33,25.5,84.4
19,31,00,17,25.4,85.1
19,32,00,38,25.4,85.1
19,33,00,18,25.4,85.3
19,34,00,42,25.3,85.2
19,35,00,37,25.2,86.2
19,36,00,34,25.2,86.7
19,37,00,38,25.1,86.8
19,38,00,34,25.1,86.7
19,39,00,29,25.1,86.5
19,40,00,31,25,86.3
19,41,00,33,24.8,86.8
19,42,00,34,24.7,86.8
19,43,00,37,24.8,87.2
19,44,00,24,25.1,87
19,45,00,19,25.2,86.5
19,46,00,32,25.2,85.9
19,47,00,27,25.2,86.5
19,48,00,37,25.3,86.2
19,49,00,19,25.3,85.9
19,50,00,53,25.3,85.6
19,51,00,25,25.2,86.2
19,52,00,42,25.1,86.2
19,54,00,18,25.2,86.8
19,55,00,27,25,87
19,56,00,28,24.8,87.6
19,57,00,9,24.8,88
19,58,00,38,24.9,87.7
19,59,00,14,24.9,87.5
20,00,00,37,25.1,87
20,01,00,24,25.1,86.5
20,02,00,21,25.1,86.9
20,03,00,26,25.2,87.3
20,04,00,46,25.2,86.3
20,05,00,40,25.1,86.9
20,06,00,45,25.2,86.7
20,07,00,36,25.2,86.8
20,08,00,31,25.2,87
20,09,00,33,25.2,87
20,10,00,56,25.1,87.2
20,11,00,38,25,87.4
20,13,00,27,24.9,86.8
20,14,00,35,25,86.5
20,15,00,13,25.1,85.1
20,16,00,35,25.2,85.5
20,17,00,42,25.2,85.9
20,18,00,23,25.2,86.1
20,19,00,33,25.3,85.9
20,20,00,37,25.3,85.5
20,21,00,31,25.3,86
20,22,00,44,25.1,86.1
20,23,00,31,24.9,87.1
20,24,00,22,24.8,87.5
20,25,00,17,24.8,87.1
20,26,00,39,24.9,87.2
20,27,00,32,24.9,87.3
20,28,00,31,24.9,87.4
20,29,00,25,24.9,87.7
20,30,00,32,24.9,87.8
20,31,00,38,24.9,88.2
20,32,00,17,24.9,88.4
20,33,00,35,25,88.3
20,34,00,40,25,87.3
20,35,00,19,25,87.3
20,36,00,24,25.1,87.1
20,37,00,13,25.1,87
20,38,00,38,25,87.7
20,39,00,27,24.9,88.2
20,40,00,45,25,87.6
20,41,00,31,24.8,88.1
20,42,00,32,24.9,88.4
20,43,00,34,24.9,87.8
20,44,00,29,24.8,87.2
20,45,00,23,24.9,86.7
20,46,00,51,25,87.1
20,47,00,62,24.8,87.1
20,48,00,46,24.9,87.3
20,49,00,23,25,87.4
20,50,00,23,24.9,87.1
20,51,00,34,25,87.4
20,52,00,33,25,87.5
20,53,00,51,25.1,87.5
20,54,00,42,25.2,87.2
20,55,00,35,25.2,87
20,56,00,36,25.2,87
20,57,00,35,25.2,87.1
20,58,00,29,25.3,86.8
20,59,00,31,25.3,86.7
21,00,00,40,25.3,86.7
21,01,00,27,25.3,86.2
21,02,00,22,25.3,86.2
21,03,00,35,25.3,86
21,04,00,36,25.3,85.7
21,05,00,53,25.3,86.2
21,06,00,45,25.3,85.8
21,07,00,41,25.3,86.1
21,08,00,29,25.3,86.6
21,09,00,24,25.3,85.9
21,10,00,44,25.2,86.3
21,11,00,38,25.2,86.9
21,12,00,49,25.1,86.8
21,13,00,35,25.2,86.7
21,14,00,43,25.3,86.3
21,15,00,20,25.3,85.6
21,16,00,37,25.3,85.8
21,17,00,36,25.3,85.6
21,18,00,30,25.3,85.3
21,19,00,23,25.2,85.9
21,20,00,45,25.2,86.1
21,21,00,33,25.2,85.9
21,22,00,24,25.2,86.2
21,23,00,46,25.3,86.3
21,24,00,20,25.2,86.5
21,25,00,36,25.2,86.3
21,26,00,47,25.2,86.2
21,27,00,44,25.2,86
21,28,00,31,25.2,85.7
21,29,00,21,25.2,85.9
21,30,00,31,25.2,85.7
21,31,00,42,25.3,85.8
21,32,00,26,25.2,86.2
21,33,00,24,25.3,86.3
21,34,00,43,25.3,85.7
21,35,00,28,25.3,85.5
21,36,00,27,25.3,85.6
21,37,00,28,25.2,85.2
21,38,00,35,25.1,85.9
21,39,00,46,25.1,86
21,40,00,31,25.1,86.1
21,41,00,40,25.2,85.9
21,42,00,36,25.2,85.7
21,43,00,25,25.1,86.2
21,44,00,42,25,86.4
21,45,00,36,25.1,86.5
21,46,00,28,25.1,86.8
21,47,00,24,25.1,86.9
21,48,00,46,25.1,86.4
21,49,00,41,25.2,86.1
21,50,00,39,25.1,86.7
21,51,00,34,25,87
21,52,00,28,25,87.2
21,53,00,29,25,87.2
21,54,00,54,25,87.2
21,55,00,26,25,87.1
21,56,00,30,25,87.2
21,57,00,30,24.9,87.2
21,58,00,43,25,86.9
21,59,00,30,25.1,86.8
22,00,00,40,25.1,87.1
22,01,00,23,25,87.3
22,02,00,25,25,87.6
22,03,00,30,25,87.6
22,04,00,32,25,87.5
22,05,00,34,25,87.7
22,06,00,22,24.9,87.9
22,07,00,27,25,87.5
22,08,00,39,25,87.7
22,09,00,24,24.9,87.8
22,10,00,36,24.8,87.8
22,11,00,37,25,87.6
22,12,00,29,25.1,87.4
22,13,00,49,25.1,87
22,14,00,46,25.2,86.8
22,15,00,21,25.2,86.5
22,16,00,21,25.2,86.7
22,17,00,35,25.2,86.8
22,18,00,27,25.2,86.7
22,19,00,25,25.1,87.1
22,20,00,33,25,87.8
22,21,00,30,24.9,88.4
22,22,00,31,24.9,88.3
22,23,00,34,25,87.5
22,24,00,17,25.1,87.6
22,25,00,38,25.1,87.3
22,26,00,17,25.1,87.2
22,27,00,59,25.1,87.5
22,28,00,43,25.1,87.4
22,29,00,37,25.1,87.4
22,30,00,28,25.1,87.7
22,31,00,22,25.1,87.5
22,32,00,31,25.1,87.7
22,33,00,37,25.1,87.7
22,34,00,19,25.1,87.3
22,35,00,28,25.1,87.7
22,36,00,40,25.1,87.8
22,37,00,34,25.1,87.5
22,38,00,32,25.2,87.6
22,39,00,38,25.2,87.5
22,40,00,29,25.1,87
22,41,00,13,25.1,87.2
22,42,00,40,25.1,87.4
22,43,00,9,25.1,87.6
22,44,00,23,25.1,87.3
22,45,00,26,25.1,87.3
22,46,00,40,25.1,87.2
22,47,00,26,25.1,87.4
22,48,00,43,25.1,87.6
22,49,00,28,25,87.5
22,50,00,37,25,87.9
22,51,00,31,25,88
22,52,00,41,25,88
22,53,00,30,25,88.2
22,54,00,40,25,88
22,55,00,31,25,87.9
22,56,00,35,25,87.8
22,57,00,33,25,87.9
22,58,00,29,25,87.8
22,59,00,28,24.9,87.9
23,00,00,15,24.9,88.1
23,01,00,34,24.8,88.3
23,02,00,49,24.8,88.5
23,03,00,30,24.8,88.4
23,04,00,43,24.7,88.2
23,05,00,37,24.7,88.4
23,06,00,44,24.8,88
23,07,00,35,24.8,87.9
23,08,00,36,24.8,87.9
23,09,00,32,24.9,87.9
23,10,00,39,24.9,88
23,11,00,30,24.9,87.6
23,12,00,62,24.9,87.7
23,13,00,38,25,87.7
23,14,00,15,25,88
23,15,00,18,24.9,88.2
23,16,00,52,24.8,88.4
23,17,00,62,24.8,88.4
23,18,00,33,24.8,88.3
23,19,00,27,24.7,88.6
23,20,00,21,24.7,88.9
23,21,00,57,24.7,88.5
23,22,00,26,24.8,88.5
23,23,00,28,24.7,88.1
23,24,00,32,24.7,88.5
23,25,00,43,24.7,88.6
23,26,00,39,24.7,88.4
23,27,00,30,24.6,88.7
23,28,00,31,24.6,88.8
23,29,00,29,24.6,88.7
23,30,00,34,24.6,88.5
23,31,00,37,24.7,88.2
23,32,00,34,24.7,87.8
23,33,00,41,24.6,88.1
23,34,00,41,24.6,87.5
23,35,00,48,24.6,87.3
23,36,00,43,24.7,87.3
23,37,00,35,24.7,87.4
23,38,00,31,24.7,87.1
23,39,00,33,24.7,87.1
23,40,00,33,24.7,87.1
23,41,00,36,24.7,86.7
23,42,00,30,24.7,87.2
23,43,00,28,24.7,86.7
23,44,00,43,24.7,86.7
23,45,00,22,24.7,86.7
23,46,00,31,24.7,86.5
23,47,00,31,24.7,86.8
23,48,00,25,24.8,86.8
23,49,00,25,24.7,86.6
23,50,00,50,24.8,86.7
23,51,00,36,24.8,86.5
23,52,00,41,24.7,86.4
23,53,00,47,24.7,86.5
23,54,00,21,24.7,86.6
23,55,00,25,24.7,86.7
23,56,00,38,24.7,86.5
23,57,00,30,24.7,86.4
23,58,00,27,24.7,86.3
23,59,00,40,24.8,86.2
