00,19,00,13,25.5,83.6
00,20,00,21,25.6,83.1
00,21,00,19,25.6,83.1
00,22,00,17,25.6,83.6
00,23,00,26,25.6,83.4
00,24,00,12,25.6,83.5
00,25,00,26,25.5,84
00,26,00,16,25.7,83.6
00,27,00,23,25.7,83.4
00,28,00,15,25.7,84
00,29,00,24,25.8,82.9
00,30,00,20,25.8,82.6
00,31,00,18,25.7,82.7
00,32,00,20,25.8,82.7
00,33,00,19,25.7,82.7
00,34,00,19,25.8,82.4
00,35,00,29,25.9,82.5
00,36,00,15,26,81.8
00,37,00,12,25.8,82.2
00,38,00,15,25.8,82.4
00,39,00,21,25.9,82.4
00,40,00,19,25.9,82.7
00,41,00,15,25.9,82.1
00,42,00,13,25.8,82.2
00,43,00,16,25.8,82.4
00,44,00,25,25.9,82.6
00,45,00,25,26,81.9
00,46,00,18,25.8,82.6
00,47,00,24,25.8,82.3
00,48,00,7,25.9,82.3
00,49,00,12,25.9,82.3
00,50,00,35,25.8,82.2
00,51,00,20,26.1,82.1
00,52,00,18,26.3,81.2
00,53,00,16,26.3,80.9
00,54,00,16,26.5,80.6
00,55,00,17,26.2,81.4
00,56,00,13,26.1,81.9
00,57,00,12,26,82.3
00,58,00,18,26,82.6
00,59,00,26,26,82.8
01,00,00,16,25.9,83
01,01,00,19,25.8,83.4
01,02,00,17,25.8,83.8
01,03,00,14,25.7,84.2
01,04,00,16,25.6,84.6
01,05,00,15,25.6,84.5
01,06,00,12,25.6,84.7
01,07,00,20,25.6,84.8
01,08,00,23,25.7,84.6
01,09,00,14,25.6,84.9
01,10,00,21,25.6,84.8
01,11,00,16,25.6,84.5
01,12,00,14,25.6,84.9
01,13,00,14,25.6,84.9
01,14,00,11,25.6,85
01,15,00,21,25.5,85
01,16,00,21,25.6,85
01,17,00,11,25.5,84.9
01,18,00,20,25.5,85.4
01,19,00,13,25.4,85.6
01,20,00,19,25.4,85.7
01,21,00,19,25.5,85.4
01,22,00,26,25.5,85.3
01,23,00,24,25.5,85.3
01,24,00,11,25.5,85
01,25,00,15,25.5,84.9
01,26,00,22,25.5,85.3
01,27,00,19,25.4,85.6
01,28,00,10,25.4,85.7
01,29,00,21,25.4,85.6
01,30,00,24,25.5,85.3
01,31,00,14,25.5,85.2
01,32,00,9,25.5,85.1
01,33,00,17,25.5,84.9
01,34,00,17,25.6,84.8
01,35,00,18,25.5,84.8
01,36,00,13,25.5,84.8
01,37,00,18,25.5,84.4
01,38,00,14,25.4,84.4
01,39,00,20,25.4,84.9
01,40,00,18,25.4,84.9
01,41,00,13,25.4,84.9
01,42,00,20,25.4,85
01,43,00,22,25.4,84.9
01,44,00,24,25.4,84.9
01,45,00,20,25.4,84.7
01,46,00,15,25.4,84.4
01,47,00,14,25.4,84.2
01,48,00,28,25.4,84.3
01,49,00,13,25.4,84.3
01,50,00,6,25.4,84.2
01,51,00,21,25.4,84.1
01,52,00,24,25.4,83.9
01,53,00,10,25.4,84.3
01,54,00,12,25.4,84.2
01,55,00,23,25.3,84.5
01,56,00,22,25.3,84.7
01,57,00,20,25.3,84.5
01,58,00,22,25.3,84.5
01,59,00,20,25.5,84.2
02,00,00,16,25.5,83.8
02,01,00,17,25.5,83.8
02,02,00,26,25.6,83.7
02,03,00,10,25.6,83.5
02,04,00,25,25.6,83.4
02,05,00,15,25.6,83.5
02,06,00,7,25.6,83.5
02,07,00,22,25.6,83.4
02,08,00,21,25.6,83.4
02,09,00,10,25.6,83.2
02,10,00,19,25.6,83.1
02,11,00,18,25.6,83.1
02,12,00,23,25.6,83.1
02,13,00,28,25.6,83.2
02,14,00,16,25.6,83.1
02,15,00,14,25.7,83.2
02,16,00,22,25.7,83.1
02,17,00,16,25.7,83
02,18,00,19,25.7,82.8
02,19,00,12,25.7,82.9
02,20,00,12,25.7,83
02,21,00,18,25.7,83.1
02,22,00,17,25.6,83.3
02,23,00,18,25.6,83.4
02,24,00,17,25.6,83.4
02,25,00,13,25.6,83.4
02,26,00,17,25.6,83.3
02,27,00,17,25.7,83.1
02,28,00,22,25.7,83
02,29,00,11,25.8,83
02,30,00,27,25.8,83
02,31,00,29,25.8,82.9
02,32,00,12,25.8,82.9
02,33,00,13,25.8,82.9
02,34,00,20,25.7,83.2
02,35,00,18,25.7,83.4
02,36,00,23,25.7,83.4
02,37,00,15,25.7,83.4
02,38,00,16,25.7,83.4
02,39,00,28,25.7,83.4
02,40,00,25,25.7,83.5
02,41,00,22,25.7,83.6
02,42,00,23,25.7,83.6
02,43,00,19,25.7,83.8
02,44,00,11,25.7,83.7
02,45,00,10,25.6,83.7
02,46,00,20,25.6,83.6
02,47,00,16,25.6,83.5
02,48,00,24,25.6,83.5
02,49,00,15,25.6,83.6
02,50,00,7,25.6,83.5
02,51,00,21,25.6,83.4
02,52,00,27,25.6,83.3
02,53,00,17,25.6,83.4
02,54,00,22,25.5,83.4
02,55,00,22,25.5,83.7
02,56,00,17,25.5,83.7
02,57,00,29,25.4,83.5
02,58,00,16,25.4,83.5
02,59,00,16,25.4,83.7
03,00,00,26,25.4,83.7
03,01,00,20,25.4,83.8
03,02,00,19,25.5,83.5
03,03,00,13,25.4,83.7
03,04,00,12,25.4,83.7
03,05,00,15,25.4,84
03,06,00,14,25.3,84.3
03,07,00,13,25.3,84.2
03,08,00,23,25.4,84.1
03,09,00,12,25.3,84
03,10,00,21,25.4,84
03,11,00,14,25.4,84
03,12,00,24,25.4,83.7
03,13,00,18,25.4,83.7
03,14,00,22,25.4,83.9
03,15,00,22,25.4,84.1
03,16,00,18,25.2,84.6
03,17,00,18,25.1,85.1
03,18,00,27,25.1,85.3
03,19,00,16,25.2,85.2
03,20,00,16,25.2,85.1
03,21,00,18,25.2,84.9
03,22,00,12,25.1,85.2
03,23,00,19,25,85.6
03,24,00,12,25,85.7
03,25,00,15,25.1,85.5
03,26,00,23,25.1,85.6
03,27,00,17,25.1,85.5
03,28,00,24,25.1,85.4
03,29,00,16,25.1,85.1
03,30,00,17,25.1,85.2
03,31,00,17,25.2,85.2
03,32,00,17,25.2,85.1
03,33,00,21,25.2,85.1
03,34,00,22,25.3,84.9
03,35,00,19,25.3,85
03,36,00,24,25.3,85.1
03,37,00,23,25.2,84.9
03,38,00,14,25.2,85
03,39,00,9,25.2,85
03,40,00,22,25.2,85.1
03,41,00,20,25.1,85.1
03,42,00,11,25.1,85.2
03,43,00,18,25.1,85.5
03,44,00,12,25.1,85.7
03,45,00,9,25.1,85.7
03,46,00,27,25.2,85.3
03,47,00,9,25.1,85.4
03,48,00,18,25,85.8
03,49,00,15,25,85.8
03,50,00,20,25.1,85.5
03,51,00,24,25.1,85.3
03,52,00,20,25.1,85.3
03,53,00,12,25.1,85.5
03,54,00,13,25,85.6
03,55,00,24,24.9,85.9
03,56,00,23,24.9,86.1
03,57,00,22,24.9,86.2
03,58,00,26,24.9,86.3
03,59,00,11,24.9,86.1
04,00,00,27,24.8,86.4
04,01,00,22,24.8,86.6
04,02,00,19,24.8,86.6
04,03,00,15,24.9,86.3
04,04,00,25,25,86
04,05,00,19,25.1,85.8
04,06,00,16,25.1,85.8
04,07,00,15,25.1,85.9
04,08,00,16,25.1,85.8
04,09,00,6,25.1,85.6
04,10,00,17,25.1,85.6
04,11,00,22,25,85.8
04,12,00,24,25,85.9
04,13,00,24,24.9,86.1
04,14,00,24,24.9,86.4
04,15,00,29,25,86.1
04,16,00,12,25,86.1
04,17,00,9,25,86
04,18,00,27,25,85.9
04,19,00,27,25,85.9
04,20,00,7,25,86
04,21,00,24,25,86
04,22,00,14,25.1,85.8
04,23,00,24,25.1,85.5
04,24,00,13,25,85.6
04,25,00,25,25,85.7
04,26,00,21,25.1,85.5
04,27,00,13,25.1,85.2
04,28,00,19,25.1,85.2
04,29,00,21,25.1,85.1
04,30,00,9,25.1,85
04,31,00,27,24.9,85.6
04,32,00,24,24.8,85.9
04,33,00,16,24.8,85.9
04,34,00,20,24.7,86.1
04,35,00,15,24.7,86.5
04,36,00,18,24.6,86.5
04,37,00,29,24.6,86.7
04,38,00,7,24.7,86.6
04,39,00,16,24.8,86.4
04,40,00,18,24.8,86.1
04,41,00,16,24.9,85.9
04,42,00,23,24.9,85.8
04,43,00,13,24.8,86.1
04,44,00,25,24.7,86.2
04,45,00,16,24.6,86.5
04,46,00,28,24.6,86.7
04,47,00,22,24.7,86.5
04,48,00,15,24.8,86.1
04,49,00,20,24.8,86.2
04,50,00,20,24.8,86.1
04,51,00,28,24.8,85.9
04,52,00,19,24.9,85.6
04,53,00,12,25,85.6
04,54,00,23,25,85.4
04,55,00,17,24.9,85.4
04,56,00,27,24.9,85.4
04,57,00,27,24.9,85.3
04,58,00,25,24.9,85.5
04,59,00,23,24.9,85.6
05,00,00,17,24.9,85.6
05,01,00,14,24.9,85.5
05,02,00,10,24.9,85.4
05,03,00,14,24.9,85.3
05,04,00,24,24.8,85.6
05,05,00,18,24.8,85.6
05,06,00,29,24.8,85.4
05,07,00,20,24.8,85.4
05,08,00,14,24.9,85.1
05,09,00,25,25,84.9
05,10,00,21,25,84.7
05,11,00,10,25.1,84.5
05,12,00,19,25.2,84
05,13,00,21,25,84.4
05,14,00,13,24.8,84.8
05,15,00,13,24.8,85.4
05,16,00,17,24.8,85.4
05,17,00,17,24.8,85.2
05,18,00,21,24.8,85.3
05,19,00,22,24.8,85.2
05,20,00,31,24.7,85.6
05,21,00,5,24.7,85.7
05,22,00,19,24.7,85.6
05,23,00,16,24.7,85.8
05,24,00,9,24.8,85.6
05,25,00,19,24.8,85.2
05,26,00,21,24.8,85.1
05,27,00,16,24.8,85.4
05,28,00,24,24.8,85.5
05,29,00,12,24.8,85.4
05,30,00,18,24.8,85.1
05,31,00,26,24.9,84.9
05,32,00,9,24.9,85
05,33,00,15,24.9,85
05,34,00,27,24.9,84.9
05,35,00,16,24.9,84.8
05,36,00,12,24.9,85.1
05,37,00,14,24.8,85.3
05,38,00,16,24.8,85.5
05,39,00,27,24.8,85.5
05,40,00,18,24.9,85.4
05,41,00,20,24.9,85.1
05,42,00,15,24.9,84.9
05,43,00,27,24.8,85.1
05,44,00,13,24.8,85.3
05,45,00,8,24.8,85.3
05,46,00,20,24.8,85.4
05,47,00,18,24.9,85.3
05,48,00,16,24.9,85.4
05,49,00,30,24.7,85.7
05,50,00,11,24.7,86
05,51,00,18,24.6,86.1
05,52,00,12,24.6,86.1
05,53,00,19,24.6,86.3
05,54,00,8,24.6,86.2
05,55,00,17,24.6,86.1
05,56,00,20,24.6,86.2
05,57,00,12,24.6,86.2
05,58,00,14,24.6,86.2
05,59,00,18,24.6,86.3
06,00,00,16,24.6,86.2
06,01,00,15,24.5,85.9
06,02,00,21,24.5,86.1
06,03,00,20,24.6,85.8
06,04,00,16,24.6,85.9
06,05,00,12,24.6,86.1
06,06,00,25,24.5,86.4
06,07,00,23,24.5,86.7
06,08,00,19,24.5,87.1
06,09,00,20,24.4,87
06,10,00,22,24.5,86.8
06,11,00,17,24.5,86.9
06,12,00,18,24.5,86.6
06,13,00,9,24.6,86.7
06,14,00,21,24.6,86.6
06,15,00,19,24.6,86.8
06,16,00,13,24.6,86.7
06,17,00,13,24.7,86.7
06,18,00,26,24.8,86.4
06,19,00,14,24.8,86.3
06,20,00,34,24.8,86.3
06,21,00,14,24.8,85.9
06,22,00,12,24.8,85.9
06,23,00,31,24.8,86.3
06,24,00,27,24.8,86
06,25,00,9,24.7,86.1
06,26,00,15,24.8,86
06,27,00,10,24.8,85.9
06,28,00,18,24.8,86
06,29,00,17,24.8,86.1
06,30,00,6,24.9,86.3
06,31,00,20,24.8,86.6
06,32,00,28,25,86.2
06,33,00,15,25,86.2
06,34,00,11,25,86.2
06,35,00,22,24.9,85.7
06,36,00,19,25,86
06,37,00,12,25,85.6
06,38,00,11,24.9,85.7
06,39,00,18,25,85.4
06,40,00,24,25,85.5
06,41,00,32,25.1,85
06,42,00,10,25.1,84.7
06,43,00,20,25.1,84.8
06,44,00,20,25.1,84.6
06,45,00,13,25.1,84.9
06,46,00,10,25.1,84.8
06,47,00,12,25.1,85.1
06,48,00,19,25.2,85.1
06,49,00,15,25.2,85
06,50,00,10,25.2,85.1
06,51,00,23,25.2,85.1
06,52,00,23,25.2,84.9
06,53,00,20,25.3,84.5
06,54,00,20,25.2,84.4
06,55,00,25,25.3,84.7
06,56,00,18,25.3,84.5
06,57,00,14,25.3,84.5
06,58,00,22,25.4,84.3
06,59,00,18,25.5,84.1
07,00,00,17,25.5,84
07,01,00,18,25.5,83.5
07,02,00,18,25.5,83.6
07,03,00,18,25.6,83.6
07,04,00,21,25.6,83.4
07,05,00,15,25.6,83.1
07,06,00,8,25.6,83.1
07,07,00,13,25.6,83.1
07,08,00,15,25.6,83.1
07,09,00,21,25.6,82.9
07,10,00,34,25.7,82.9
07,11,00,21,25.7,83
07,12,00,25,25.7,82.8
07,13,00,15,25.7,82.8
07,14,00,15,25.7,82.7
07,15,00,24,25.8,82.5
07,16,00,14,25.7,82.3
07,17,00,24,25.7,82.4
07,18,00,17,25.7,82.4
07,19,00,13,25.8,82.5
07,20,00,22,25.8,82.4
07,21,00,22,25.8,82.4
07,22,00,24,25.9,82.4
07,23,00,18,25.9,82.3
07,24,00,20,25.9,82.2
07,25,00,16,25.9,82.2
07,26,00,21,25.9,82.2
07,27,00,29,25.9,82.4
07,28,00,19,25.9,82.2
07,29,00,18,25.9,82.3
07,30,00,18,25.9,82.2
07,31,00,22,25.9,82.2
07,32,00,20,26,82.1
07,33,00,21,26,82
07,34,00,19,26,81.8
07,35,00,12,26.1,81.4
07,36,00,21,26.1,81.2
07,37,00,20,26.2,81.1
07,38,00,14,26.1,81.1
07,39,00,20,26.2,81.2
07,40,00,13,26.2,81
07,41,00,19,26.2,80.9
07,42,00,16,26.2,80.8
07,43,00,24,26.2,80.9
07,44,00,18,26.2,81
07,45,00,18,26.2,81.2
07,46,00,24,26.2,81.1
07,47,00,27,26.2,81.3
07,48,00,18,26.2,81.2
07,49,00,17,26.2,81.2
07,50,00,18,26.2,81.3
07,51,00,21,26.2,81.3
07,52,00,17,26.2,81
07,53,00,16,26.3,80.9
07,54,00,22,26.3,80.8
07,55,00,17,26.3,80.4
07,56,00,24,26.4,80.3
07,57,00,7,26.3,80.3
07,58,00,13,26.3,80.3
07,59,00,23,26.4,79.8
08,00,00,28,26.4,79.5
08,01,00,18,26.3,79
08,02,00,24,26.4,78.3
08,03,00,15,26.4,78.1
08,04,00,17,26.5,78
08,05,00,21,26.5,77.5
08,06,00,17,26.5,77
08,07,00,29,26.6,76.4
08,08,00,23,26.6,76.3
08,09,00,19,26.6,76.2
08,10,00,23,26.6,76.5
08,11,00,25,26.6,76.1
08,12,00,13,26.6,75.7
08,13,00,37,26.6,75.8
08,14,00,21,26.6,76.1
08,15,00,34,26.6,75.4
08,16,00,12,26.7,75.4
08,17,00,8,26.7,75.2
08,18,00,21,26.7,75.4
08,19,00,21,26.7,75.5
08,20,00,28,26.7,75.7
08,21,00,41,26.7,75.6
08,22,00,37,26.7,75.6
08,23,00,37,26.7,74.7
08,24,00,16,26.8,74.3
08,25,00,18,26.8,74.1
08,26,00,15,26.9,73.7
08,27,00,17,26.9,73.7
08,28,00,21,26.9,73.9
08,29,00,20,26.8,74.1
08,30,00,19,26.8,74.7
08,31,00,17,26.7,75
08,32,00,22,26.7,74.9
08,33,00,31,26.7,75.2
08,34,00,27,26.7,74.5
08,35,00,31,26.7,74.4
08,36,00,24,26.8,73.6
08,37,00,29,26.9,73.2
08,38,00,23,26.9,74
08,39,00,25,26.9,72.8
08,40,00,24,26.9,72.8
08,41,00,17,26.9,72.5
08,42,00,22,26.9,73.1
08,43,00,17,26.9,72.8
08,44,00,15,26.8,73.5
08,45,00,29,26.8,73.5
08,46,00,22,26.8,72.9
08,47,00,20,26.9,73.1
08,48,00,46,26.9,73.2
08,49,00,25,26.9,72.5
08,50,00,19,27,71.8
08,51,00,16,27.1,71.5
08,52,00,24,27.2,71.3
08,53,00,25,27.2,70.8
08,54,00,28,27.3,70.4
08,55,00,20,27.3,70.2
08,56,00,15,27.4,70.2
08,57,00,32,27.4,70.4
08,58,00,37,27.3,70.7
08,59,00,23,27.3,71.1
09,00,00,31,27.2,71.4
09,01,00,23,27.1,71.2
09,02,00,12,27.2,70.5
09,03,00,21,27.3,70.7
09,04,00,8,27.4,69.9
09,05,00,25,27.4,69.6
09,06,00,17,27.5,69.5
09,07,00,11,27.5,69.2
09,08,00,18,27.5,69.8
09,09,00,21,27.5,69.8
09,10,00,22,27.5,70
09,11,00,30,27.5,70
09,12,00,17,27.5,69.9
09,13,00,16,27.6,69.9
09,14,00,31,27.6,69.7
09,15,00,11,27.5,70.2
09,16,00,20,27.5,70.5
09,17,00,23,27.5,70.5
09,18,00,18,27.4,70.4
09,19,00,14,27.4,70
09,20,00,23,27.4,70.3
09,21,00,24,27.4,70.4
09,22,00,21,27.4,70.7
09,23,00,21,27.4,71.1
09,24,00,20,27.5,71.1
09,25,00,23,27.5,70.7
09,26,00,14,27.5,70.9
09,27,00,18,27.4,71.2
09,28,00,26,27.4,71.4
09,29,00,18,27.4,71.3
09,30,00,20,27.5,71
09,31,00,15,27.5,70.8
09,32,00,11,27.5,70.5
09,33,00,5,27.6,70.4
09,34,00,19,27.6,70.6
09,35,00,28,27.5,70.6
09,36,00,29,27.5,70.9
09,37,00,14,27.5,70.9
09,38,00,14,27.5,71.4
09,39,00,15,27.5,71.5
09,40,00,18,27.4,71.6
09,41,00,14,27.4,71.8
09,42,00,27,27.4,72.2
09,43,00,24,27.4,72.3
09,44,00,21,27.4,72.3
09,45,00,25,27.5,72.2
09,46,00,25,27.4,72.3
09,47,00,16,27.4,72.5
09,48,00,9,27.5,72.5
09,49,00,19,27.4,72.8
09,50,00,13,27.4,72.9
09,51,00,17,27.4,73
09,52,00,14,27.4,73.1
09,53,00,24,27.4,73.5
09,54,00,14,27.4,73.5
09,55,00,19,27.5,73.4
09,56,00,21,27.5,73.3
09,57,00,18,27.5,73.4
09,58,00,9,27.5,73.5
09,59,00,21,27.5,73.7
10,00,00,14,27.5,73.8
10,01,00,13,27.5,73.9
10,02,00,16,27.4,74.1
10,03,00,23,27.5,74.1
10,04,00,20,27.5,74.2
10,05,00,25,27.5,74.4
10,06,00,18,27.5,74.4
10,07,00,23,27.5,74.5
10,08,00,16,27.5,74.5
10,09,00,16,27.4,74.7
10,10,00,11,27.4,74.8
10,11,00,24,27.4,74.8
10,12,00,12,27.4,75
10,13,00,28,27.4,75.2
10,14,00,25,27.4,75.4
10,16,00,11,27.4,75.6
10,17,00,16,27.4,75.7
10,18,00,34,27.4,75.6
10,19,00,16,27.4,75.9
10,20,00,21,27.4,76
10,21,00,17,27.4,76.2
10,22,00,24,27.3,76.3
10,23,00,22,27.4,76.1
10,24,00,18,27.4,75.9
10,25,00,19,27.5,75.7
10,26,00,22,27.5,75.7
10,27,00,30,27.4,75.3
10,28,00,10,27.5,75.3
10,29,00,31,27.5,75.1
10,30,00,30,27.5,74.8
10,31,00,33,27.5,74.8
10,32,00,40,27.5,75
10,33,00,22,27.6,74.9
10,34,00,13,27.6,75.2
10,35,00,27,27.6,75.2
10,36,00,25,27.6,75.1
10,37,00,19,27.6,75.3
10,38,00,12,27.6,75.3
10,39,00,16,27.6,75.2
10,40,00,16,27.6,75
10,41,00,11,27.6,74.7
10,42,00,14,27.7,73.8
10,43,00,26,27.8,73.1
10,44,00,14,27.7,73.3
10,45,00,25,27.7,72.5
10,46,00,21,27.7,72.5
10,47,00,14,27.7,72
10,48,00,25,27.7,72.3
10,49,00,22,27.8,72.7
10,50,00,35,27.7,72.9
10,51,00,34,27.7,73.1
10,52,00,16,27.6,73.2
10,53,00,21,27.6,73.4
10,54,00,16,27.6,73.5
10,55,00,25,27.6,73.6
10,56,00,38,27.6,73.8
10,57,00,17,27.6,73.8
10,58,00,15,27.6,74
10,59,00,30,27.6,73.9
11,00,00,27,27.6,73.6
11,01,00,23,27.7,72.8
11,02,00,21,27.8,72
11,03,00,15,27.8,72.6
11,04,00,24,27.8,72.2
11,05,00,24,27.8,71.8
11,06,00,28,27.8,71.6
11,07,00,32,27.8,71.7
11,08,00,25,27.8,71.4
11,09,00,26,27.9,70.6
11,10,00,31,27.9,71.2
11,11,00,19,27.9,70.4
11,12,00,26,27.9,70.6
11,13,00,28,27.9,70.4
11,14,00,26,27.9,70.2
11,15,00,16,27.9,69.2
11,16,00,23,28,69.8
11,17,00,17,28,68.8
11,18,00,21,28,68.9
11,19,00,9,28,68.9
11,20,00,26,28.1,68
11,21,00,26,28.1,68.6
11,22,00,20,28.2,67.4
11,23,00,25,28.2,67.7
11,24,00,23,28.2,67.2
11,25,00,21,28.2,68.2
11,26,00,28,28.1,68.2
11,27,00,17,28.1,67
11,28,00,19,28.2,66.6
11,29,00,28,28.3,66.6
11,30,00,21,28.3,66.2
11,31,00,18,28.3,65.8
11,32,00,32,28.4,65.9
11,33,00,18,28.4,65.7
11,34,00,25,28.4,65.5
11,35,00,22,28.5,65.4
11,36,00,19,28.5,65.3
11,37,00,13,28.4,65.5
11,38,00,12,28.4,65.7
11,39,00,27,28.4,66
11,40,00,14,28.4,65.8
11,41,00,18,28.4,66
11,42,00,18,28.3,65.9
11,43,00,30,28.4,66
11,44,00,20,28.3,66.1
11,45,00,12,28.3,66.2
11,46,00,25,28.3,66.1
11,47,00,26,28.4,66.1
11,48,00,22,28.5,65.8
11,49,00,22,28.6,65.6
11,50,00,22,28.6,66
11,51,00,17,28.6,66
11,52,00,12,28.6,65.7
11,53,00,22,28.7,65
11,54,00,23,28.9,63.9
11,55,00,29,29,64.2
11,56,00,20,28.9,64.4
11,57,00,25,28.8,64.5
11,58,00,20,28.8,65.2
11,59,00,13,28.7,65.4
12,00,00,26,28.6,65.2
12,01,00,23,28.6,64.9
12,02,00,23,28.7,64.9
12,03,00,25,28.7,65
12,04,00,20,28.7,65.2
12,05,00,16,28.7,65.3
12,06,00,18,28.6,65.2
12,07,00,19,28.7,65.3
12,08,00,23,28.7,65
12,10,00,15,28.6,65.3
12,11,00,15,28.6,65.3
12,12,00,17,28.6,65.1
12,13,00,15,28.6,65.5
12,14,00,20,28.6,65.1
12,15,00,11,28.6,65.7
12,16,00,16,28.6,65.8
12,17,00,15,28.6,65.7
12,18,00,14,28.6,65.1
12,19,00,27,28.7,64.4
12,20,00,19,28.8,64.5
12,21,00,19,28.8,63.9
12,22,00,20,28.9,63.4
12,23,00,20,29,62.8
12,24,00,21,29.1,62.1
12,25,00,16,29.2,61.4
12,26,00,18,29.3,60.9
12,27,00,19,29.3,60.9
12,28,00,15,29.2,61.1
12,29,00,19,29.1,61.4
12,30,00,18,29,61.3
12,31,00,30,29,62
12,32,00,12,29,61
12,33,00,13,29.1,60.9
12,34,00,19,29.2,60.8
12,35,00,14,29.2,60.3
12,36,00,19,29.2,60.9
12,37,00,26,29.1,60.5
12,38,00,12,29.2,60.5
12,39,00,9,29.2,61
12,40,00,17,29.1,60.8
12,41,00,10,29.1,60.9
12,42,00,12,29.1,60.9
12,43,00,13,29,61
12,44,00,22,28.9,61.9
12,46,00,23,28.8,61.8
12,47,00,28,28.8,62.2
12,48,00,23,28.8,62.6
12,49,00,20,28.7,61.8
12,50,00,28,28.8,61.9
12,51,00,30,28.8,62.5
12,52,00,18,28.7,62.5
12,53,00,10,28.8,62.4
12,54,00,18,28.7,62.8
12,55,00,15,28.7,62.8
12,56,00,19,28.8,62.7
12,57,00,28,28.8,62.5
12,58,00,26,28.8,63.2
12,59,00,23,28.7,62.9
13,00,00,25,28.7,63.5
13,01,00,20,28.7,63.4
13,02,00,12,28.7,63.3
13,03,00,15,28.8,63.1
13,04,00,14,28.8,62.9
13,05,00,20,28.9,62.7
13,06,00,23,28.9,62.1
13,07,00,19,28.9,62.1
13,08,00,18,28.9,62.2
13,09,00,15,28.9,61.8
13,10,00,21,28.8,62.5
13,11,00,17,28.8,62.4
13,12,00,22,28.8,62.5
13,13,00,9,28.7,62.8
13,14,00,22,28.8,62.6
13,15,00,16,28.8,62.5
13,16,00,19,28.8,62.5
13,17,00,24,28.8,62.2
13,18,00,25,28.8,62.2
13,19,00,17,28.8,62.4
13,20,00,20,28.9,62
13,21,00,18,28.8,62.4
13,22,00,25,28.8,62.3
13,23,00,17,28.8,62.3
13,24,00,8,28.8,62.6
13,25,00,10,28.8,62.4
13,26,00,17,28.8,62.6
13,27,00,31,28.7,62.7
13,28,00,27,28.7,62.8
13,29,00,24,28.6,63.3
13,30,00,13,28.6,63
13,31,00,18,28.7,62.9
13,32,00,22,28.7,62.9
13,33,00,11,28.7,62.6
13,34,00,22,28.8,62.2
13,35,00,19,28.8,62
13,36,00,19,28.9,61.4
13,37,00,17,29,61.3
13,38,00,37,29,61.7
13,39,00,12,28.9,61.3
13,40,00,22,28.9,61.3
13,41,00,22,28.8,61.8
13,42,00,20,28.8,62
13,43,00,14,28.8,62.4
13,44,00,19,28.7,62.2
13,45,00,19,28.7,62.4
13,46,00,11,28.6,62.7
13,47,00,23,28.7,62.1
13,48,00,16,28.7,62.1
13,49,00,16,28.7,62.4
13,50,00,18,28.8,62.6
13,51,00,10,28.7,62.5
13,52,00,17,28.7,62.3
13,53,00,10,28.7,61.7
13,54,00,16,28.8,61.7
13,55,00,12,28.8,61.6
13,56,00,24,28.9,61.4
13,57,00,19,28.9,61.5
13,58,00,23,28.9,61.6
13,59,00,19,28.9,61.2
14,00,00,15,28.8,61.8
14,01,00,22,28.8,61.6
14,02,00,19,28.8,61.7
14,03,00,20,28.7,61.9
14,04,00,13,28.7,62.1
14,05,00,22,28.7,62.5
14,06,00,20,28.7,62.3
14,07,00,8,28.8,62.3
14,08,00,23,28.9,61.8
14,09,00,14,29,61.6
14,10,00,16,28.9,61.7
14,11,00,18,28.9,61.9
14,12,00,11,28.8,62.1
14,13,00,25,28.8,62.5
14,14,00,20,28.8,62.9
14,16,00,14,28.7,63.2
14,17,00,17,28.8,62.6
14,18,00,26,29,62.2
14,19,00,14,29.2,61.7
14,20,00,16,29.1,61.7
14,21,00,25,29.1,61.7
14,22,00,20,29.1,61.6
14,23,00,13,29.1,61.6
14,24,00,25,29,62.1
14,25,00,19,29,61.7
14,26,00,28,28.9,62.3
14,27,00,28,28.9,62.4
14,28,00,21,28.9,62.5
14,29,00,21,28.8,63
14,30,00,18,28.8,62.9
14,31,00,18,28.8,62.9
14,32,00,10,28.7,63.2
14,33,00,17,28.8,62.9
14,34,00,13,28.9,63.2
14,35,00,21,28.8,63
14,36,00,14,28.8,63.4
14,37,00,31,28.8,63
14,38,00,25,28.9,63.4
14,39,00,25,28.9,62.8
14,40,00,16,29,62.8
14,41,00,21,29,62.4
14,42,00,6,29.1,62.5
14,43,00,16,29.1,62.2
14,44,00,19,29.1,62.6
14,45,00,14,29.1,62.9
14,46,00,22,29.1,62.9
14,47,00,14,29,62.7
14,48,00,27,29.1,63.1
14,49,00,17,29.1,63.1
14,50,00,24,29,62.7
14,51,00,28,29.1,62.9
14,52,00,14,29.1,63.1
14,53,00,14,29.1,62.9
14,54,00,14,29.1,62.9
14,55,00,19,29.1,63.2
14,56,00,23,29.1,63.2
14,57,00,16,29,63.2
14,58,00,16,29,63.4
14,59,00,23,29,63.3
15,00,00,23,29.1,63
15,01,00,24,29.1,63
15,02,00,17,29.2,62.9
15,03,00,15,29.2,62.8
15,04,00,17,29.2,62.5
15,05,00,25,29.1,63.2
15,06,00,18,29.1,63
15,07,00,18,29.1,63.3
15,08,00,20,29.1,62.8
15,09,00,22,29.1,63.2
15,10,00,23,29.1,62.8
15,11,00,19,29.1,62.7
15,12,00,11,29.2,62.8
15,13,00,14,29.1,62.7
15,14,00,17,29.1,62.7
15,15,00,16,29.2,62.8
15,16,00,22,29.2,62.6
15,17,00,15,29.3,62.4
15,18,00,17,29.3,62.7
15,19,00,18,29.2,62.4
15,20,00,28,29.2,62.6
15,21,00,19,29.2,62.9
15,22,00,24,29.2,62.6
15,23,00,15,29.1,62.9
15,24,00,8,29.2,63.1
15,25,00,19,29.1,62.9
15,26,00,21,29.1,62.8
15,27,00,15,29.1,63.2
15,28,00,17,29.1,63.3
15,29,00,22,29.1,63.1
15,30,00,16,29.2,62.6
15,31,00,23,29.2,62.8
15,32,00,28,29.2,62.2
15,33,00,8,29.2,62.2
15,34,00,15,29.2,62.7
15,35,00,24,29.1,62.9
15,36,00,19,29.1,62.8
15,37,00,11,29.1,63.2
15,38,00,15,29.1,62.9
15,39,00,16,29.1,62.9
15,40,00,26,29.1,62.5
15,41,00,16,29.2,62.5
15,42,00,24,29.2,62.4
15,43,00,10,29.2,62.3
15,44,00,15,29.1,62.4
15,45,00,10,29.1,62.7
15,46,00,25,29.1,62.8
15,47,00,17,29.1,62.5
15,48,00,13,29.1,62.2
15,49,00,25,29.2,62
15,50,00,12,29.2,61.8
15,51,00,23,29.2,62.2
15,52,00,20,29.1,61.9
15,53,00,19,29.2,62.3
15,54,00,14,29.1,62.2
15,55,00,20,29.1,61.8
15,56,00,20,29.1,61.9
15,57,00,17,29.1,61.4
15,58,00,24,29.2,61.5
15,59,00,17,29.2,61.2
16,00,00,11,29.1,61.3
16,01,00,22,29.1,61.6
16,02,00,13,29.1,61.3
16,03,00,19,29.2,61.3
16,04,00,15,29.1,61.2
16,05,00,18,29.1,61.1
16,06,00,17,29.1,61.5
16,07,00,21,29.1,61.1
16,08,00,20,29.1,61.5
16,09,00,19,29.1,61.3
16,10,00,16,29.1,61.1
16,11,00,13,29.1,61.3
16,12,00,21,29,61.5
16,13,00,15,29,61.9
16,14,00,20,29,61.6
16,15,00,16,29,61.4
16,16,00,14,29,61.2
16,17,00,16,29,61
16,18,00,21,29.1,60.9
16,19,00,20,29.1,60.9
16,20,00,19,29,61.1
16,21,00,16,29,60.9
16,22,00,16,29,60.7
16,23,00,15,29,60.6
16,24,00,19,29,60.7
16,25,00,11,29,60.8
16,26,00,11,29,60.9
16,27,00,16,29,61.4
16,28,00,18,29,61.4
16,29,00,20,29,61.2
16,30,00,9,29,60.5
16,31,00,21,28.9,60.5
16,32,00,18,28.9,60.5
16,33,00,14,28.9,60.5
16,34,00,12,28.8,60.7
16,35,00,20,28.8,60.9
16,36,00,17,28.8,61.1
16,37,00,12,28.8,60.9
16,38,00,21,28.8,60.5
16,39,00,12,28.8,60.7
16,40,00,18,28.8,60.8
16,41,00,19,28.7,60.8
16,42,00,19,28.7,60.9
16,43,00,11,28.7,61
16,44,00,18,28.7,60.9
16,45,00,20,28.7,61
16,46,00,15,28.7,61.5
16,47,00,18,28.7,61.2
16,48,00,22,28.6,61.1
16,49,00,26,28.6,61.1
16,50,00,23,28.6,61.3
16,51,00,17,28.6,61.5
16,52,00,11,28.5,61.7
16,53,00,15,28.5,61.7
16,54,00,14,28.5,61.5
16,55,00,20,28.5,61.4
16,56,00,13,28.5,61.7
16,57,00,16,28.5,61.8
16,58,00,10,28.4,61.4
16,59,00,16,28.4,61.2
17,00,00,17,28.4,61.4
17,01,00,19,28.4,61.3
17,02,00,11,28.4,61.3
17,03,00,11,28.4,61.3
17,04,00,16,28.4,61.5
17,05,00,10,28.4,61.5
17,06,00,22,28.4,61.9
17,07,00,14,28.4,61.8
17,08,00,30,28.4,61.9
17,09,00,54,28.4,62.1
17,10,00,6,28.4,62.2
17,11,00,25,28.3,62.1
17,12,00,16,28.3,61.9
17,13,00,17,28.3,62.2
17,14,00,20,28.3,62.2
17,15,00,18,28.3,62.1
17,16,00,20,28.3,62.1
17,17,00,21,28.4,62.3
17,18,00,7,28.3,62.5
17,19,00,10,28.3,61.8
17,20,00,11,28.3,61.8
17,21,00,22,28.3,62.1
17,22,00,18,28.2,62.1
17,23,00,25,28.3,62.1
17,24,00,16,28.2,62.2
17,25,00,15,28.2,62.2
17,26,00,19,28.2,62.3
17,27,00,18,28.1,62.1
17,28,00,25,28.1,62.1
17,29,00,19,28.1,62
17,30,00,17,28.1,62.2
17,31,00,21,28,62.3
17,32,00,12,28,62.3
17,33,00,13,28,62.3
17,34,00,12,28,62.7
17,35,00,13,28.1,62.3
17,36,00,23,28,62.1
17,37,00,22,28,62.6
17,38,00,16,28,62.4
17,39,00,18,27.9,62.6
17,40,00,13,27.9,62.7
17,41,00,11,27.9,63.1
17,42,00,13,27.9,63.2
17,43,00,13,27.9,63
17,44,00,10,27.9,63
17,45,00,19,27.9,62.9
17,46,00,8,28,63
17,47,00,21,28,63
17,48,00,19,27.9,63
17,49,00,17,27.9,62.8
17,50,00,16,27.9,63
17,51,00,15,27.8,62.5
17,52,00,20,27.8,62.6
17,53,00,18,27.8,62.5
17,54,00,24,27.8,63
17,55,00,20,27.8,63.2
17,56,00,10,27.9,63.3
17,57,00,26,27.8,62.9
17,58,00,17,27.8,62.9
17,59,00,14,27.8,63.3
18,00,00,12,27.8,63.5
18,01,00,13,27.8,63.3
18,02,00,11,27.7,63.5
18,03,00,16,27.7,63.3
18,04,00,15,27.7,63.2
18,05,00,19,27.7,63.2
18,06,00,25,27.7,63
18,07,00,15,27.7,63.6
18,08,00,12,27.7,63.4
18,09,00,10,27.7,63.5
18,10,00,22,27.7,63.5
18,11,00,8,27.7,63.5
18,12,00,18,27.7,63.7
18,13,00,19,27.7,63.5
18,14,00,17,27.7,63.4
18,15,00,12,27.7,63.6
18,16,00,17,27.7,63.3
18,17,00,20,27.7,63.4
18,18,00,14,27.7,63.2
18,19,00,14,27.7,63.6
18,20,00,12,27.6,63.7
18,21,00,20,27.6,64
18,22,00,14,27.6,64
18,23,00,21,27.6,63.8
18,24,00,23,27.6,63.9
18,25,00,17,27.7,63.7
18,26,00,16,27.6,63.8
18,27,00,15,27.6,63.7
18,28,00,11,27.6,64
18,29,00,16,27.6,64.1
18,30,00,21,27.6,64.1
18,31,00,20,27.7,64.2
18,32,00,19,27.7,64.1
18,33,00,15,27.7,63.9
18,34,00,11,27.7,64.1
18,35,00,12,27.7,64.5
18,36,00,14,27.7,64.2
18,37,00,16,27.7,63.9
18,38,00,13,27.6,63.8
18,39,00,22,27.6,64
18,40,00,17,27.5,63.7
18,41,00,15,27.4,63.9
18,42,00,19,27.4,64
18,43,00,24,27.4,63.7
18,44,00,22,27.4,63.8
18,45,00,13,27.4,63.9
18,46,00,23,27.3,63.9
18,47,00,15,27.3,64.2
18,48,00,16,27.3,63.9
18,49,00,15,27.3,64.1
18,50,00,18,27.3,64.3
18,51,00,17,27.3,64.3
18,52,00,17,27.3,64.1
18,53,00,8,27.3,64.3
18,54,00,17,27.3,64.3
18,55,00,23,27.3,64.4
18,56,00,16,27.3,64.6
18,57,00,22,27.3,64.5
18,58,00,28,27.3,64.7
18,59,00,27,27.3,64.1
19,00,00,22,27.3,64.2
19,01,00,19,27.3,64.3
19,02,00,13,27.3,64.5
19,03,00,16,27.3,64.6
19,04,00,19,27.3,64.7
19,05,00,14,27.3,64.8
19,06,00,10,27.3,65
19,07,00,14,27.3,65.1
19,08,00,13,27.3,65
19,09,00,21,27.3,64.8
19,10,00,12,27.3,64.8
19,11,00,14,27.2,65.2
19,12,00,14,27.2,65.1
19,13,00,19,27.2,65.2
19,14,00,18,27.1,65.2
19,15,00,28,27.1,65.3
19,16,00,8,27.1,65.6
19,17,00,15,27.1,65.5
19,18,00,17,27.2,65.7
19,19,00,17,27.1,65.7
19,20,00,15,27.2,65.6
19,21,00,12,27.2,65.6
19,22,00,20,27.2,65.8
19,23,00,11,27.2,65.7
19,24,00,13,27,65.4
19,25,00,18,27,65.7
19,26,00,11,27.1,65.8
19,27,00,12,27.1,66.1
19,28,00,18,26.9,66.6
19,29,00,17,26.9,67
19,30,00,18,26.9,67.8
19,31,00,16,26.9,68
19,32,00,15,26.9,68.6
19,33,00,14,26.8,68.5
19,34,00,9,26.8,68.2
19,35,00,10,26.8,69
19,36,00,15,26.8,68.8
19,37,00,15,26.8,68.5
19,38,00,18,26.7,68.7
19,39,00,17,26.6,69.1
19,40,00,13,26.6,69.3
19,41,00,13,26.6,68.9
19,42,00,20,26.7,68.9
19,43,00,21,26.7,68.9
19,44,00,21,26.8,68.7
19,45,00,8,26.9,68.3
19,46,00,25,27,68.1
19,47,00,9,27.1,67.8
19,48,00,19,27.2,67.4
19,49,00,17,27.2,67.4
19,50,00,19,27.3,67.2
19,51,00,21,27.3,67.2
19,52,00,14,27.3,67.1
19,53,00,16,27.3,66.9
19,54,00,13,27.3,66.9
19,55,00,18,27.3,67.3
19,56,00,14,27.3,67.4
19,57,00,16,27.3,67.6
19,58,00,12,27.3,67.7
19,59,00,15,27.3,67.7
20,00,00,20,27.3,68
20,01,00,17,27.2,68.7
20,02,00,16,27.2,69
20,03,00,10,27.2,69.2
20,04,00,12,27.2,69
20,05,00,19,27.2,69.2
20,06,00,18,27.2,69
20,07,00,15,27.1,69.5
20,08,00,16,27.1,69.7
20,09,00,16,27.2,69.5
20,10,00,10,27.2,69.3
20,11,00,16,27.2,69.3
20,12,00,14,27.2,69.3
20,13,00,23,27.2,69.4
20,14,00,11,27.2,69.5
20,15,00,16,27.2,69.3
20,16,00,15,27.3,69
20,17,00,25,27.3,69.1
20,18,00,10,27.3,69
20,19,00,6,27.2,69.2
20,20,00,11,27.2,69.6
20,21,00,8,27.2,69.6
20,22,00,26,27.1,69.9
20,23,00,14,27.1,70.2
20,24,00,21,27.1,70.3
20,25,00,13,27.1,70.7
20,26,00,12,27,70.8
20,27,00,7,27,70.8
20,28,00,15,27,71.1
20,29,00,17,26.9,70.9
20,30,00,14,26.9,70.9
20,31,00,21,26.9,71
20,32,00,22,26.8,71.3
20,33,00,9,26.8,71.7
20,34,00,10,26.8,71.4
20,35,00,10,26.8,71.5
20,36,00,14,26.7,71.8
20,37,00,9,26.7,72.1
20,38,00,15,26.7,72.3
20,39,00,17,26.7,72.3
20,40,00,14,26.8,72.2
20,41,00,20,26.8,72.1
20,42,00,10,26.8,72
20,43,00,22,26.8,71.7
20,44,00,21,26.8,72.1
20,45,00,14,26.9,72.1
20,46,00,22,26.7,72.1
20,47,00,22,26.7,72.8
20,48,00,17,26.7,73
20,49,00,15,26.7,72.9
20,50,00,18,26.7,72.8
20,51,00,13,26.7,72.9
20,52,00,16,26.7,72.8
20,53,00,14,26.7,72.7
20,54,00,18,26.7,72.5
20,55,00,13,26.7,72.4
20,56,00,22,26.7,72.4
20,57,00,16,26.7,72.3
20,58,00,25,26.4,72.5
20,59,00,18,26.2,73.4
21,00,00,32,26.3,73.2
21,01,00,16,26.4,72.9
21,02,00,15,26.5,72.7
21,03,00,15,26.6,72.6
21,04,00,22,26.6,72.4
21,05,00,17,26.7,72
21,06,00,16,26.5,72.3
21,07,00,12,26.3,73.1
21,08,00,24,26.2,73.3
21,09,00,23,25.9,73.9
21,10,00,33,25.9,74
21,11,00,25,26,73.7
21,12,00,21,26.2,73.3
21,13,00,15,26.3,73.1
21,14,00,20,26.4,73.2
21,15,00,14,26.5,73.1
21,16,00,18,26.5,73
21,17,00,23,26.5,73.4
21,18,00,14,26.4,73.6
21,19,00,30,26.4,73.7
21,20,00,11,26.4,72.9
21,21,00,23,26.5,72.8
21,22,00,11,26.5,72.7
21,23,00,17,26.5,72.6
21,24,00,20,26.5,72.7
21,25,00,13,26.5,73
21,26,00,9,26.5,73.2
21,27,00,15,26.4,73.1
21,28,00,19,26.5,72.6
21,29,00,11,26.4,72.9
21,30,00,25,26.4,73
21,31,00,10,26.4,73
21,32,00,14,26.3,73.1
21,33,00,17,26.2,73.3
21,34,00,14,26.2,73
21,35,00,18,26.3,72.8
21,36,00,13,26.3,73.1
21,37,00,18,26.1,73.5
21,38,00,23,25.9,73.7
21,39,00,15,25.6,74.5
21,40,00,14,25.5,74.8
21,42,00,12,25.4,75.8
21,43,00,24,25.5,75.5
21,44,00,22,25.7,74.9
21,45,00,14,25.9,74.5
21,46,00,15,26,74
21,47,00,17,26.1,73.8
21,48,00,10,26.1,73.5
21,49,00,18,26.2,72.9
21,50,00,16,26.3,72.8
21,51,00,14,26.3,72.4
21,52,00,24,26.3,72.2
21,53,00,13,26.2,72.5
21,54,00,14,26.3,72.2
21,55,00,24,26.2,72.4
21,56,00,16,26,72.9
21,57,00,11,25.9,73.2
21,58,00,13,25.8,73.8
21,59,00,25,25.8,73.8
22,00,00,26,25.9,73.6
22,01,00,22,25.9,73.2
22,02,00,9,25.9,73.1
22,03,00,24,25.7,73.6
22,04,00,17,25.6,73.9
22,05,00,24,25.6,73.8
22,06,00,15,25.5,73.9
22,07,00,21,25.3,74.6
22,08,00,12,25.4,75.1
22,09,00,17,25.3,74.7
22,10,00,15,25.2,74.8
22,11,00,23,25.2,74.8
22,12,00,13,25.4,74.7
22,13,00,14,25.5,74.3
22,14,00,22,25.6,73.9
22,15,00,20,25.7,73.2
22,17,00,16,25.9,72.4
22,18,00,17,26,72.4
22,19,00,17,26,72.5
22,20,00,19,26,72.5
22,21,00,26,26.1,72.4
22,22,00,16,26.1,72.4
22,23,00,15,26.1,72.4
22,24,00,23,26.1,72.4
22,25,00,10,26.1,72.3
22,26,00,15,26.1,72.4
22,27,00,21,26,72.3
22,28,00,22,25.8,72.6
22,29,00,11,25.5,73.3
22,30,00,20,25.3,73.8
22,31,00,17,25.2,74.3
22,32,00,23,25.1,74.7
22,33,00,19,25.1,74.8
22,34,00,15,25.2,74.6
22,35,00,7,25.1,74.7
22,36,00,20,25.1,75
22,37,00,13,25.3,74.8
22,38,00,15,25.4,74.3
22,39,00,12,25.5,73.9
22,40,00,11,25.7,73.2
22,41,00,9,25.7,73
22,42,00,16,25.7,73.1
22,43,00,26,25.8,73.1
22,44,00,21,25.8,72.6
22,45,00,11,26,72.4
22,46,00,13,26,72.1
22,47,00,12,26,71.9
22,48,00,15,26,72.5
22,49,00,18,25.9,72.6
22,50,00,20,26,72.6
22,51,00,14,26,72.3
22,52,00,13,26,72.4
22,53,00,27,26,72.4
22,54,00,18,26,72.4
22,55,00,18,25.9,72.5
22,56,00,17,26,72.2
22,57,00,28,26,72.1
22,58,00,7,26,72.1
22,59,00,12,26,72.3
23,00,00,17,26.1,72
23,01,00,16,26,72
23,03,00,16,26,72.5
23,04,00,27,26,72.6
23,05,00,18,26,72.8
23,06,00,17,26,72.9
23,07,00,14,25.9,73.1
23,08,00,22,25.9,72.9
23,09,00,17,26,72.6
23,10,00,10,26,72.7
23,11,00,9,26.1,72.4
23,12,00,19,26,72.3
23,13,00,24,25.8,72.5
23,14,00,17,25.6,73.2
23,15,00,12,25.4,73.6
23,16,00,16,25.3,73.9
23,17,00,18,25.3,74.4
23,18,00,19,25.3,74.6
23,19,00,14,25.4,74.4
23,20,00,18,25.6,73.9
23,21,00,15,25.7,73.5
23,22,00,13,25.8,73.2
23,23,00,10,25.9,72.9
23,24,00,16,25.8,72.4
23,25,00,14,25.6,72.8
23,26,00,28,25.4,73.6
23,27,00,21,25.2,74.6
23,28,00,21,25.3,74.7
23,29,00,14,25.4,74.3
23,30,00,14,25.6,73.9
23,31,00,15,25.7,73.7
23,32,00,19,25.8,73.5
23,33,00,25,25.8,73.2
23,34,00,15,25.9,73
23,35,00,19,25.9,72.8
23,36,00,12,26,72.3
23,37,00,12,25.9,72.2
23,38,00,13,25.9,72.4
23,39,00,13,25.9,72.5
23,40,00,11,25.9,72.4
23,42,00,9,25.8,72.8
23,43,00,18,25.9,72.7
23,44,00,15,25.9,72.7
23,45,00,9,25.8,72.7
23,46,00,7,25.7,73.1
23,47,00,18,25.7,73.1
23,48,00,13,25.7,73.2
23,49,00,14,25.7,73.6
23,51,00,17,25.1,74.7
23,52,00,18,24.9,75.6
23,53,00,16,24.9,75.9
23,54,00,14,25.1,76.1
23,55,00,26,25.2,75.8
23,56,00,11,25.3,75.7
23,57,00,13,25.4,75.3
23,58,00,14,25.5,74.6
23,59,00,21,25.5,74.4
