00,00,00,16,25.9,79.1
00,01,00,19,25.7,79.4
00,02,00,16,25.6,79.5
00,03,00,13,25.6,79.9
00,04,00,22,25.6,79.8
00,05,00,15,25.7,79.6
00,06,00,17,25.4,80
00,07,00,28,25.3,80.7
00,08,00,20,25.3,81
00,09,00,22,25.4,80.7
00,10,00,25,25.5,80.5
00,11,00,16,25.3,80.7
00,12,00,22,25.3,80.9
00,13,00,17,25.4,80.6
00,14,00,19,25.5,80.3
00,15,00,14,25.5,80.1
00,16,00,27,25.6,79.9
00,17,00,15,25.6,79.9
00,18,00,20,25.7,79.6
00,19,00,17,25.7,79.4
00,20,00,14,25.7,79.3
00,21,00,25,25.7,79.3
00,22,00,20,25.7,79.4
00,23,00,17,25.7,79.2
00,24,00,28,25.7,79.2
00,25,00,16,25.8,79
00,26,00,22,25.8,79
00,27,00,9,25.8,78.9
00,28,00,8,25.9,78.8
00,29,00,14,25.8,78.8
00,30,00,19,25.8,78.9
00,31,00,23,25.8,78.8
00,32,00,10,25.5,79.5
00,33,00,14,25.4,80
00,34,00,15,25.5,80
00,35,00,17,25.5,79.8
00,36,00,17,25.5,79.8
00,37,00,20,25.5,80
00,38,00,19,25.3,80.4
00,39,00,19,25.3,80.7
00,40,00,27,25.4,80.2
00,41,00,23,25.5,79.8
00,42,00,18,25.5,80
00,43,00,29,25.5,79.8
00,44,00,14,25.5,80
00,45,00,14,25.4,80
00,46,00,15,25.5,79.8
00,47,00,9,25.5,79.5
00,48,00,12,25.4,79.4
00,49,00,16,25.4,79.5
00,50,00,9,25.4,79.7
00,51,00,23,25.4,79.4
00,52,00,20,25.4,79.2
00,53,00,10,25.4,79.3
00,54,00,15,25.5,79
00,55,00,16,25.4,79.1
00,56,00,15,25.5,78.8
00,57,00,19,25.4,78.9
00,58,00,19,25.5,78.8
00,59,00,27,25.5,78.7
01,00,00,16,25.5,78.7
01,01,00,28,25.5,78.9
01,02,00,20,25.5,79
01,03,00,14,25.5,78.8
01,04,00,17,25.5,78.9
01,05,00,29,25.5,78.9
01,06,00,15,25.5,78.8
01,07,00,17,25.5,78.5
01,08,00,21,25.5,78.7
01,09,00,14,25.5,78.7
01,10,00,21,25.4,78.6
01,11,00,13,25.2,79.4
01,12,00,18,25.1,80.1
01,13,00,13,25.1,79.9
01,14,00,9,25.2,79.5
01,15,00,18,25.2,79.3
01,16,00,12,25.1,79.6
01,17,00,16,24.8,80.6
01,18,00,15,24.7,81.3
01,19,00,22,24.6,81.4
01,20,00,20,24.6,81.5
01,21,00,10,24.6,81.6
01,22,00,18,24.8,81.2
01,23,00,18,24.9,80.8
01,24,00,12,24.7,81.2
01,25,00,16,24.6,81.8
01,26,00,27,24.6,82
01,27,00,28,24.7,81.9
01,28,00,20,24.8,81.6
01,29,00,9,24.7,81.5
01,30,00,24,24.7,81.7
01,31,00,19,24.8,81.7
01,32,00,18,24.7,81.6
01,33,00,23,24.6,81.7
01,34,00,12,24.6,81.9
01,35,00,22,24.7,82.1
01,36,00,18,24.8,81.8
01,37,00,10,24.9,81.4
01,38,00,17,24.9,80.9
01,39,00,8,25,80.6
01,40,00,11,25.1,80.4
01,41,00,17,25.2,80
01,42,00,17,25.3,79.8
01,43,00,14,25.2,79.6
01,44,00,24,25.2,79.7
01,45,00,29,25,80.2
01,46,00,19,24.9,80.7
01,47,00,18,24.9,80.8
01,48,00,14,24.8,81.2
01,49,00,9,24.9,81
01,50,00,18,24.9,80.8
01,51,00,23,24.8,80.8
01,52,00,26,24.8,81.4
01,53,00,14,24.8,81.1
01,54,00,21,24.9,80.9
01,55,00,20,25,80.4
01,56,00,10,25.1,80.3
01,57,00,20,25.1,80.3
01,58,00,11,25.1,80.5
01,59,00,14,25.1,80.7
02,00,00,12,24.9,80.8
02,01,00,19,24.7,81.6
02,02,00,16,24.6,82
02,03,00,14,24.6,82.2
02,04,00,17,24.5,82.4
02,05,00,11,24.4,83
02,06,00,19,24.4,82.9
02,07,00,20,24.5,82.6
02,08,00,10,24.7,82.4
02,09,00,25,24.8,82
02,10,00,19,24.9,81.6
02,11,00,19,25,81.2
02,12,00,23,25,81.1
02,13,00,12,25,80.9
02,14,00,17,25.1,80.8
02,15,00,15,25.1,80.5
02,16,00,14,25.1,80.5
02,17,00,14,25.1,80.4
02,18,00,15,24.9,81
02,19,00,17,24.8,81.4
02,20,00,28,24.9,81.2
02,21,00,16,25,80.9
02,22,00,17,25,80.9
02,23,00,14,25.1,80.6
02,24,00,15,24.9,81.2
02,25,00,25,24.7,81.6
02,26,00,12,24.6,82.1
02,27,00,21,24.6,82.3
02,28,00,12,24.7,82
02,29,00,18,24.8,81.6
02,30,00,20,24.9,81.3
02,31,00,17,25,81.2
02,32,00,25,25,81
02,33,00,19,25.1,80.8
02,34,00,9,25.1,80.7
02,35,00,15,25,80.8
02,36,00,19,25,80.9
02,37,00,12,24.8,81.3
02,38,00,21,24.6,82
02,39,00,20,24.7,82.1
02,40,00,16,24.8,81.9
02,41,00,20,24.9,81.6
02,42,00,12,24.9,81.4
02,43,00,14,24.8,81.5
02,44,00,27,24.8,81.6
02,45,00,9,24.9,81.4
02,46,00,9,25,80.9
02,47,00,26,25,80.8
02,48,00,14,25,80.8
02,49,00,9,25,80.7
02,50,00,17,25,80.7
02,51,00,14,25,80.8
02,52,00,20,25,80.6
02,53,00,17,25,80.9
02,54,00,15,24.9,80.9
02,55,00,11,25,80.7
02,56,00,19,25,80.7
02,57,00,23,25,80.5
02,58,00,15,25,80.4
02,59,00,21,25,80.4
03,00,00,12,25.1,80.4
03,01,00,19,25.1,80.2
03,02,00,10,25.1,80.3
03,03,00,17,25,80.5
03,04,00,15,24.9,80.8
03,05,00,20,24.8,80.9
03,06,00,11,24.7,81.5
03,07,00,25,24.7,81.7
03,08,00,17,24.6,82
03,09,00,25,24.6,82
03,10,00,10,24.7,81.5
03,11,00,26,24.8,81.2
03,12,00,28,24.9,81
03,13,00,17,24.9,80.8
03,14,00,15,24.9,80.7
03,15,00,18,24.8,81.1
03,16,00,18,24.7,81.3
03,17,00,12,24.6,81.9
03,18,00,21,24.7,81.8
03,19,00,15,24.8,81.3
03,20,00,13,24.8,81.1
03,21,00,14,24.8,81
03,22,00,20,24.9,80.7
03,23,00,14,24.9,80.5
03,24,00,16,25,80.5
03,25,00,13,25,80.4
03,26,00,18,25.1,80.2
03,27,00,15,25,80.2
03,28,00,21,25,80.3
03,29,00,20,24.9,80.8
03,30,00,12,24.9,81.1
03,31,00,12,24.9,81
03,32,00,25,24.9,80.8
03,33,00,15,25,80.6
03,34,00,23,25,80.6
03,35,00,18,24.8,80.9
03,36,00,18,24.8,81.1
03,37,00,23,24.8,81.1
03,38,00,18,24.6,81.5
03,39,00,13,24.6,81.7
03,40,00,12,24.7,81.5
03,41,00,21,24.8,81
03,42,00,14,24.9,80.9
03,43,00,17,24.9,80.7
03,44,00,12,24.9,80.7
03,45,00,10,24.9,80.6
03,46,00,27,24.7,80.9
03,47,00,23,24.6,81.3
03,48,00,17,24.7,81.3
03,49,00,18,24.8,81.1
03,50,00,16,24.8,81
03,51,00,22,24.9,80.8
03,52,00,14,24.9,80.6
03,53,00,20,24.9,80.5
03,54,00,10,24.9,80.3
03,55,00,17,24.9,80.3
03,56,00,16,24.9,80.4
03,57,00,12,24.9,80.6
03,58,00,28,24.9,80.7
03,59,00,25,24.8,80.7
04,00,00,12,24.7,81.2
04,01,00,14,24.7,81.5
04,02,00,27,24.8,81.2
04,03,00,18,24.8,80.8
04,04,00,23,24.9,80.5
04,05,00,18,24.9,80.3
04,06,00,18,24.9,80.3
04,07,00,16,24.9,80.2
04,08,00,15,24.7,80.7
04,09,00,14,24.6,81.3
04,10,00,12,24.6,81.4
04,11,00,9,24.6,81.4
04,12,00,24,24.7,81
04,13,00,19,24.8,80.8
04,14,00,14,24.7,80.7
04,15,00,24,24.6,80.9
04,16,00,24,24.5,81.6
04,17,00,19,24.4,82
04,18,00,9,24.5,81.7
04,19,00,13,24.5,81.5
04,20,00,19,24.6,81.2
04,21,00,16,24.6,81
04,22,00,16,24.7,80.7
04,23,00,15,24.7,80.5
04,24,00,14,24.7,80.5
04,25,00,22,24.7,80.3
04,26,00,14,24.7,80.4
04,27,00,25,24.7,80.4
04,28,00,24,24.8,80.4
04,29,00,19,24.8,80.5
04,30,00,10,24.7,80.5
04,31,00,15,24.8,80.5
04,32,00,11,24.8,80.3
04,33,00,16,24.8,80.5
04,34,00,14,24.8,80.5
04,35,00,21,24.8,80.4
04,36,00,23,24.8,80.3
04,37,00,17,24.9,80.2
04,38,00,32,24.9,80.2
04,39,00,21,24.9,80.3
04,40,00,9,24.9,80.2
04,41,00,17,24.9,80.3
04,42,00,28,24.8,80.4
04,43,00,11,24.8,80.5
04,44,00,22,24.8,80.5
04,45,00,16,24.9,80.4
04,46,00,16,24.9,80.4
04,47,00,19,24.9,80.6
04,48,00,19,24.9,80.6
04,49,00,17,24.9,80.7
04,50,00,19,24.8,80.5
04,51,00,25,24.7,80.7
04,52,00,21,24.5,81.2
04,53,00,21,24.5,81.3
04,54,00,19,24.6,81.2
04,55,00,15,24.7,80.9
04,56,00,23,24.7,80.8
04,57,00,12,24.7,80.8
04,58,00,14,24.7,80.8
04,59,00,15,24.7,80.9
05,00,00,11,24.6,81.5
05,01,00,18,24.6,81.5
05,02,00,7,24.7,81.2
05,03,00,14,24.7,80.9
05,04,00,23,24.7,80.9
05,05,00,23,24.7,80.9
05,06,00,19,24.7,80.9
05,07,00,20,24.7,81
05,08,00,21,24.7,80.7
05,09,00,7,24.7,80.8
05,10,00,13,24.4,81.4
05,11,00,8,24.3,82.1
05,12,00,28,24.2,82.3
05,13,00,11,24.2,82.8
05,14,00,12,24.3,82.2
05,15,00,22,24.4,81.7
05,16,00,16,24.5,81.4
05,17,00,16,24.5,81
05,18,00,25,24.6,80.7
05,19,00,15,24.6,80.6
05,20,00,16,24.6,80.5
05,21,00,23,24.6,80.5
05,22,00,24,24.6,80.7
05,23,00,28,24.6,80.7
05,24,00,19,24.3,81.4
05,25,00,17,24.1,82.1
05,26,00,11,24.1,82.3
05,27,00,17,24.1,82.2
05,28,00,14,24,82.4
05,29,00,12,24.1,82.6
05,30,00,17,24.2,82.3
05,31,00,22,24.2,81.9
05,32,00,9,24.1,82.1
05,33,00,12,24,82.5
05,34,00,18,24,82.5
05,35,00,19,24.2,82.1
05,36,00,17,24.3,81.4
05,37,00,16,24.4,80.9
05,38,00,11,24.3,81.1
05,39,00,15,24.3,81.1
05,40,00,20,24.3,81.4
05,41,00,10,24.3,81.4
05,42,00,25,24.3,81.1
05,43,00,9,24.4,81
05,44,00,20,24.5,80.7
05,45,00,23,24.5,80.5
05,46,00,18,24.5,80.6
05,47,00,24,24.5,80.5
05,48,00,24,24.5,80.4
05,49,00,13,24.5,80.5
05,50,00,25,24.5,80.7
05,51,00,11,24.5,80.5
05,52,00,27,24.4,81
05,53,00,20,24.2,81.6
05,54,00,30,24.2,81.9
05,55,00,17,24.2,82.2
05,56,00,20,24.3,82.1
05,57,00,21,24.4,81.7
05,58,00,20,24.5,81.4
05,59,00,17,24.5,81.4
06,00,00,11,24.5,81.4
06,01,00,18,24.4,81.7
06,02,00,24,24.3,81.8
06,03,00,20,24.3,81.9
06,04,00,15,24.4,81.8
06,05,00,25,24.5,81.6
06,06,00,18,24.5,81.4
06,07,00,24,24.6,81.2
06,08,00,14,24.6,81.3
06,09,00,14,24.5,81.5
06,10,00,22,24.4,81.9
06,11,00,11,24.3,82.2
06,12,00,25,24.4,82.4
06,13,00,22,24.4,82.3
06,14,00,22,24.4,82.4
06,15,00,15,24.5,82.1
06,16,00,16,24.6,81.8
06,17,00,19,24.7,81.7
06,18,00,18,24.7,81.8
06,19,00,22,24.7,81.6
06,20,00,22,24.7,81.8
06,21,00,17,24.8,81.9
06,22,00,24,24.8,81.8
06,23,00,17,24.8,81.6
06,24,00,19,24.9,81.5
06,25,00,16,24.8,81.4
06,26,00,22,24.9,81.4
06,27,00,23,24.9,81.4
06,28,00,22,24.9,81.3
06,29,00,10,24.9,81.5
06,30,00,26,24.9,81.5
06,31,00,27,24.9,81.5
06,32,00,27,24.9,81.5
06,33,00,26,25,81.5
06,34,00,16,25,81.3
06,35,00,21,25,81.6
06,36,00,19,25,81.7
06,37,00,20,25.1,81.8
06,38,00,28,25.1,81.8
06,39,00,29,25.1,81.8
06,40,00,22,25.1,81.9
06,41,00,24,25.1,81.9
06,42,00,15,25.1,82
06,43,00,12,25.1,81.9
06,44,00,19,25.1,81.8
06,45,00,17,25.2,81.8
06,46,00,24,25.2,81.8
06,47,00,16,25.2,81.6
06,48,00,21,25.2,81.6
06,49,00,29,25.2,81.7
06,50,00,17,25.2,81.9
06,51,00,22,25.2,81.8
06,52,00,23,25.2,81.6
06,53,00,18,25.3,81.7
06,54,00,20,25.1,82
06,55,00,20,25,82.3
06,56,00,18,25,82.5
06,57,00,30,25,82.5
06,58,00,23,25.1,82.2
06,59,00,26,25.2,81.9
07,00,00,16,25.2,81.7
07,01,00,19,25.3,81.6
07,02,00,22,25.3,81.5
07,03,00,18,25.4,81.6
07,04,00,26,25.3,81.5
07,05,00,17,25.3,81.3
07,06,00,29,25.4,81.4
07,07,00,20,25.4,81.4
07,08,00,25,25.4,81.5
07,09,00,20,25.4,81.4
07,10,00,28,25.4,81.4
07,11,00,29,25.5,81.4
07,12,00,28,25.5,81.4
07,13,00,20,25.5,81.3
07,14,00,20,25.5,81.5
07,15,00,28,25.5,81.3
07,16,00,17,25.5,81.5
07,17,00,29,25.5,81.7
07,18,00,20,25.5,81.6
07,19,00,24,25.5,81.9
07,20,00,21,25.5,81.6
07,21,00,19,25.6,81.3
07,22,00,22,25.6,81.2
07,23,00,18,25.6,81
07,24,00,23,25.6,80.9
07,25,00,37,25.7,80.7
07,26,00,16,25.6,80.6
07,27,00,13,25.7,80.5
07,28,00,19,25.7,80.4
07,29,00,23,25.7,80.5
07,30,00,25,25.7,80.4
07,31,00,22,25.7,80.3
07,32,00,20,25.8,80.3
07,33,00,31,25.8,80.1
07,34,00,20,25.8,80
07,35,00,22,25.8,79.9
07,36,00,26,25.8,79.9
07,37,00,29,25.8,80
07,38,00,28,25.8,79.9
07,39,00,34,25.9,79.8
07,40,00,24,25.9,79.7
07,41,00,15,25.9,79.8
07,42,00,24,25.9,79.7
07,43,00,16,25.9,79.7
07,44,00,24,26,79.7
07,45,00,17,26,79.4
07,46,00,18,26,79.6
07,47,00,22,26,79.6
07,48,00,30,25.9,80
07,49,00,22,25.9,79.8
07,50,00,34,25.9,80
07,51,00,25,25.9,80
07,52,00,26,25.9,79.7
07,53,00,20,25.8,79.8
07,54,00,20,25.8,79.7
07,55,00,24,25.7,80
07,56,00,22,25.8,79.9
07,57,00,22,25.8,79.7
07,58,00,13,25.8,79.9
07,59,00,19,25.8,80.3
08,00,00,31,25.8,80.3
08,01,00,18,25.9,80.3
08,02,00,27,25.9,80
08,03,00,25,25.9,79.9
08,04,00,24,25.9,80
08,05,00,28,25.9,80
08,06,00,34,26,79.7
08,07,00,29,25.9,79.8
08,08,00,30,25.9,79.8
08,09,00,37,26,79.6
08,10,00,22,26.1,79.3
08,11,00,39,26.1,79.1
08,12,00,26,26.1,79.2
08,13,00,39,26.2,79
08,14,00,21,26.2,79.1
08,15,00,26,26.2,79.6
08,16,00,31,26.3,79.8
08,17,00,23,26.3,79.6
08,18,00,36,26.3,79.6
08,19,00,27,26.3,79.4
08,20,00,35,26.3,79.3
08,21,00,33,26.4,79.3
08,22,00,27,26.4,79.3
08,23,00,20,26.4,79.3
08,24,00,23,26.4,78.9
08,25,00,35,26.4,78.7
08,26,00,23,26.4,78.9
08,27,00,38,26.4,78.9
08,28,00,27,26.4,79
08,29,00,31,26.4,79
08,30,00,20,26.4,79
08,31,00,34,26.5,78.9
08,32,00,46,26.5,78.7
08,33,00,29,26.5,78.8
08,34,00,18,26.5,78.8
08,35,00,12,26.5,78.9
08,36,00,25,26.5,78.9
08,37,00,29,26.5,78.8
08,38,00,22,26.6,78.8
08,39,00,20,26.6,78.8
08,40,00,23,26.6,78.8
08,41,00,29,26.6,79
08,42,00,22,26.6,78.9
08,43,00,9,26.6,78.9
08,44,00,9,26.6,79
08,45,00,27,26.7,78.8
08,46,00,19,26.7,79
08,47,00,29,26.7,78.9
08,48,00,19,26.7,79.1
08,49,00,19,26.7,79.1
08,50,00,29,26.7,79.1
08,51,00,25,26.6,79.2
08,52,00,28,26.6,79.2
08,53,00,15,26.6,79.5
08,54,00,17,26.7,79.1
08,55,00,14,26.6,79.4
08,56,00,28,26.6,79.5
08,57,00,21,26.6,79.4
08,58,00,32,26.7,79.3
08,59,00,25,26.7,79.4
09,00,00,16,26.7,79.4
09,01,00,34,26.7,79.8
09,02,00,27,26.7,79.6
09,03,00,22,26.7,79.5
09,04,00,34,26.7,79.5
09,05,00,36,26.7,79.4
09,06,00,31,26.7,79.6
09,07,00,27,26.7,79.5
09,08,00,38,26.7,79.6
09,09,00,35,26.8,80.1
09,10,00,31,26.8,79.6
09,11,00,28,26.8,79.5
09,12,00,24,26.9,79.6
09,13,00,21,26.9,79.8
09,14,00,17,27,79.4
09,15,00,30,27,79.3
09,16,00,43,26.9,79.5
09,17,00,28,26.9,79.6
09,18,00,37,26.9,79.7
09,19,00,19,26.9,79.6
09,20,00,41,26.9,79.5
09,21,00,43,26.9,79.6
09,22,00,25,26.9,79.7
09,23,00,39,26.9,79.8
09,24,00,31,26.9,79.6
09,25,00,18,26.9,79.5
09,26,00,19,26.9,79.7
09,27,00,28,27,79.4
09,28,00,10,27.1,79.1
09,29,00,13,27.1,79
09,30,00,29,27.1,79.1
09,31,00,26,27.1,79
09,32,00,24,27.2,78.9
09,33,00,30,27.2,78.6
09,34,00,27,27.2,78.6
09,35,00,22,27.2,78.6
09,36,00,45,27.3,78.5
09,37,00,37,27.3,78.3
09,38,00,31,27.4,78
09,39,00,30,27.4,77.9
09,40,00,42,27.5,77.8
09,41,00,29,27.4,77.8
09,42,00,49,27.5,77.8
09,43,00,24,27.5,77.8
09,44,00,49,27.5,77.7
09,45,00,47,27.5,77.5
09,46,00,39,27.5,77.3
09,47,00,35,27.5,77.3
09,48,00,38,27.5,77.4
09,49,00,21,27.4,77.5
09,50,00,37,27.4,77.4
09,51,00,27,27.4,77.5
09,52,00,38,27.4,77.4
09,53,00,19,27.5,77.4
09,54,00,28,27.5,77.1
09,55,00,24,27.5,76.9
09,56,00,42,27.6,76.8
09,57,00,25,27.6,76.5
09,58,00,45,27.7,76.4
09,59,00,43,27.7,76.3
10,00,00,24,27.7,76.2
10,01,00,37,27.7,76.4
10,02,00,32,27.6,76.5
10,03,00,30,27.7,76.4
10,04,00,37,27.7,76.3
10,05,00,45,27.7,76.3
10,06,00,38,27.8,76.2
10,07,00,44,27.8,76.2
10,08,00,32,27.7,76.4
10,09,00,28,27.7,76.6
10,10,00,50,27.6,76.9
10,11,00,35,27.6,77
10,12,00,41,27.6,77.1
10,13,00,28,27.5,77.3
10,14,00,22,27.5,77.5
10,15,00,26,27.5,77.4
10,16,00,24,27.6,77.4
10,17,00,39,27.6,77.2
10,18,00,29,27.7,77.1
10,19,00,35,27.7,77
10,20,00,42,27.7,77.1
10,21,00,43,27.7,77.1
10,22,00,50,27.8,76.6
10,23,00,32,27.8,76.5
10,24,00,27,27.8,76.4
10,25,00,28,27.9,76.1
10,26,00,20,28,75.8
10,27,00,24,28,75.8
10,28,00,43,28,75.7
10,29,00,35,28,75.7
10,30,00,54,27.9,75.8
10,31,00,36,27.9,76
10,32,00,38,27.9,76.1
10,33,00,30,27.9,76.2
10,34,00,23,27.9,76.1
10,35,00,28,27.9,76
10,36,00,32,27.9,76.2
10,37,00,23,27.9,76.3
10,38,00,29,27.9,76.3
10,39,00,31,27.9,76.3
10,40,00,27,27.9,76.2
10,41,00,26,27.9,76.3
10,42,00,29,27.9,76.3
10,43,00,18,28,76.2
10,44,00,33,28,76.3
10,45,00,26,28,76.5
10,46,00,28,28,76.4
10,47,00,26,28,76.6
10,48,00,14,28,76.8
10,49,00,29,28,76.9
10,50,00,50,27.9,77.1
10,51,00,56,27.9,76.8
10,52,00,34,28,77.1
10,53,00,41,28,77
10,54,00,43,28.2,76.6
10,55,00,51,28.2,76.3
10,56,00,36,28.3,75.8
10,57,00,27,28.3,75.9
10,58,00,49,28.3,75.9
10,59,00,33,28.3,75.7
11,00,00,37,28.3,75.6
11,01,00,41,28.3,75.5
11,02,00,32,28.3,75.5
11,03,00,44,28.3,75.4
11,04,00,29,28.3,75.4
11,05,00,34,28.4,75.3
11,06,00,31,28.4,75.3
11,07,00,43,28.4,75.4
11,08,00,38,28.4,75.4
11,09,00,38,28.4,75.3
11,10,00,37,28.4,75.2
11,11,00,26,28.4,75
11,12,00,22,28.4,74.9
11,13,00,32,28.4,74.9
11,14,00,38,28.4,74.9
11,15,00,37,28.5,74.9
11,16,00,25,28.4,74.9
11,17,00,44,28.4,75
11,18,00,38,28.4,75
11,19,00,27,28.4,75.1
11,20,00,41,28.4,75.2
11,21,00,23,28.4,75.2
11,22,00,24,28.4,75.3
11,23,00,33,28.3,75.4
11,24,00,26,28.3,75.5
11,25,00,31,28.3,75.6
11,26,00,41,28.3,75.6
11,27,00,40,28.3,75.7
11,28,00,30,28.3,75.8
11,29,00,15,28.3,75.8
11,30,00,31,28.4,75.6
11,31,00,24,28.4,75.5
11,32,00,13,28.5,75.3
11,33,00,25,28.5,75.2
11,34,00,19,28.5,75.2
11,35,00,28,28.5,75.2
11,36,00,26,28.5,75.3
11,37,00,28,28.5,75.3
11,38,00,34,28.5,75.5
11,39,00,27,28.5,75.5
11,40,00,36,28.5,75.7
11,41,00,34,28.5,75.7
11,42,00,18,28.5,75.8
11,43,00,43,28.5,76
11,44,00,29,28.4,76.3
11,45,00,23,28.5,76.2
11,46,00,24,28.4,76.3
11,47,00,30,28.4,76.6
11,48,00,32,28.4,76.5
11,49,00,27,28.5,76.5
11,50,00,39,28.5,76.4
11,51,00,21,28.5,76.5
11,52,00,31,28.5,76.8
11,53,00,24,28.5,76.7
11,54,00,39,28.5,76.8
11,55,00,21,28.5,76.6
11,56,00,22,28.5,76.9
11,57,00,22,28.5,77.2
11,58,00,25,28.6,76.8
11,59,00,24,28.6,77.2
12,00,00,18,28.6,77.5
12,01,00,31,28.5,77.4
12,02,00,19,28.5,77.4
12,03,00,26,28.5,77.3
12,04,00,27,28.5,77.4
12,05,00,27,28.4,77.8
12,06,00,30,28.4,78.1
12,07,00,17,28.5,78.1
12,08,00,23,28.5,78.1
12,09,00,32,28.6,78.1
12,10,00,25,28.6,77.7
12,11,00,36,28.6,78
12,12,00,23,28.6,77.8
12,13,00,21,28.7,77.9
12,14,00,23,28.7,77.7
12,15,00,33,28.6,77.7
12,16,00,15,28.6,77.8
12,17,00,28,28.6,78
12,18,00,24,28.7,77.7
12,19,00,42,28.8,77.6
12,20,00,21,28.8,77.5
12,21,00,23,28.7,77.5
12,22,00,37,28.8,77.5
12,23,00,17,28.8,77.3
12,24,00,21,28.8,77.2
12,25,00,30,28.8,77
12,26,00,28,28.9,76.6
12,27,00,23,28.9,76.3
12,28,00,29,28.9,75.8
12,29,00,17,28.9,75.5
12,30,00,30,28.9,75.5
12,31,00,21,28.9,75.5
12,32,00,29,28.9,75.5
12,33,00,22,28.9,75.4
12,34,00,22,28.9,75.1
12,35,00,33,29,75.1
12,36,00,22,29,74.7
12,37,00,19,29,74.8
12,38,00,24,29,74.6
12,39,00,20,29,74.6
12,40,00,26,29,74.4
12,41,00,21,29,74.5
12,42,00,30,29,74.7
12,43,00,21,29,74.5
12,44,00,31,29,74.6
12,45,00,34,29,74.5
12,46,00,27,29,74.6
12,47,00,24,29,74.6
12,48,00,27,29,74.4
12,49,00,28,29,74.4
12,50,00,20,29,74.2
12,51,00,31,29.1,74.1
12,52,00,33,29.1,74
12,53,00,25,29.1,74
12,54,00,19,29,74.2
12,55,00,18,29,74
12,56,00,9,29.1,73.7
12,57,00,20,29.1,73.7
12,58,00,23,29.1,73.4
12,59,00,31,29.1,73.3
13,00,00,28,29.1,73.1
13,01,00,20,29.2,72.9
13,02,00,25,29.2,73
13,03,00,24,29.1,73.1
13,04,00,33,29.1,72.9
13,05,00,41,29.2,72.9
13,06,00,25,29.2,72.8
13,07,00,12,29.2,72.7
13,08,00,25,29.2,72.7
13,09,00,25,29.2,72.8
13,10,00,38,29.2,72.9
13,11,00,30,29.1,73.1
13,12,00,23,29.1,73.2
13,13,00,28,29.1,73.2
13,14,00,25,29.2,73.1
13,15,00,34,29.2,73.3
13,16,00,17,29.1,73.4
13,17,00,19,29,73.7
13,18,00,26,29.1,73.1
13,19,00,24,29.1,73
13,20,00,20,29.2,72.5
13,21,00,24,29.1,72.8
13,22,00,24,29.1,72.9
13,23,00,34,29.1,73
13,24,00,33,29.2,72.8
13,25,00,17,29.2,72.6
13,26,00,19,29.3,72.4
13,27,00,22,29.3,72.4
13,28,00,33,29.3,72.5
13,29,00,25,29.3,72.3
13,30,00,14,29.3,72.3
13,31,00,38,29.2,72.7
13,32,00,36,29.2,72.2
13,33,00,16,29.3,72.3
13,34,00,29,29.3,72.3
13,35,00,33,29.2,72.6
13,36,00,26,29.2,72.9
13,37,00,19,29.2,72.8
13,38,00,31,29.2,72.7
13,39,00,30,29.3,72.5
13,40,00,27,29.3,72.4
13,41,00,18,29.3,72.4
13,42,00,23,29.3,72.5
13,43,00,28,29.2,72.6
13,44,00,11,29.2,72.4
13,45,00,23,29.3,72.1
13,46,00,30,29.3,72
13,47,00,23,29.3,71.8
13,48,00,15,29.3,72.1
13,49,00,21,29.2,72.1
13,50,00,22,29.2,72
13,51,00,27,29.2,72.1
13,52,00,33,29.2,72.2
13,53,00,22,29.1,72.5
13,54,00,19,29.1,72.4
13,55,00,18,29.2,72.4
13,56,00,23,29.1,72.2
13,57,00,24,29.1,72.5
13,58,00,27,29.1,72.6
13,59,00,26,29,72.8
14,00,00,18,29,72.9
14,01,00,30,29.1,72.9
14,02,00,21,29.1,72.9
14,03,00,24,29.1,73
14,04,00,27,29.1,73.1
14,05,00,21,29.1,73.1
14,06,00,29,29.2,73.1
14,07,00,30,29.2,73
14,08,00,19,29.2,73
14,09,00,12,29.3,73.2
14,10,00,29,29.2,73.3
14,11,00,33,29.2,73.5
14,12,00,27,29.2,73.7
14,13,00,23,29.2,74.1
14,14,00,27,29.1,74.2
14,15,00,23,29.1,74.5
14,16,00,21,29.1,74.7
14,17,00,16,29.1,74.8
14,18,00,30,29,75
14,19,00,13,29,75
14,20,00,21,29,75.3
14,21,00,25,29,75.2
14,22,00,19,29,75.1
14,23,00,28,29,75
14,24,00,21,29,75
14,25,00,12,29,75
14,26,00,20,29,74.8
14,27,00,27,29,74.7
14,28,00,20,29,74.3
14,29,00,13,29,74.2
14,30,00,29,29,74
14,31,00,14,29,73.9
14,32,00,17,28.9,73.9
14,33,00,19,28.9,74
14,34,00,16,28.8,74
14,36,00,18,28.8,74
14,37,00,21,28.8,74
14,38,00,23,28.8,74.2
14,39,00,27,28.8,74.4
14,40,00,21,28.8,74.5
14,41,00,16,28.8,74.6
14,42,00,13,28.8,75
14,43,00,16,28.7,75.6
14,44,00,26,28.7,75.8
14,45,00,16,28.7,76
14,46,00,31,28.7,76.4
14,47,00,20,28.6,76.4
14,48,00,25,28.6,76.6
14,49,00,25,28.6,77.2
14,50,00,16,28.5,77.2
14,51,00,17,28.5,77.4
14,52,00,17,28.5,77.4
14,53,00,12,28.5,77.4
14,54,00,16,28.5,77.4
14,55,00,26,28.5,77.6
14,56,00,22,28.5,77.6
14,57,00,20,28.4,77.7
14,58,00,15,28.4,77.6
14,59,00,17,28.4,77.7
15,00,00,19,28.3,77.7
15,01,00,17,28.3,77.9
15,02,00,18,28.3,78
15,03,00,15,28.3,78.1
15,04,00,17,28.3,78.3
15,05,00,26,28.2,78.5
15,06,00,19,28.2,78.5
15,07,00,25,28.2,78.6
15,08,00,11,28.1,78.6
15,09,00,21,28.1,78.8
15,10,00,21,28.1,78.9
15,11,00,15,28,79
15,12,00,14,28,79.1
15,13,00,18,28,79.1
15,14,00,19,28,79.3
15,15,00,26,28,79.5
15,16,00,27,28,79.5
15,17,00,12,28,79.5
15,18,00,19,28,79.7
15,19,00,21,28,79.7
15,20,00,27,27.9,79.6
15,21,00,15,27.9,79.8
15,22,00,22,27.9,79.7
15,23,00,15,27.9,79.7
15,24,00,23,27.9,79.6
15,25,00,26,27.9,79.6
15,26,00,31,27.9,79.5
15,27,00,17,27.9,79.5
15,28,00,23,27.9,79.7
15,29,00,9,27.8,79.7
15,30,00,12,27.8,79.6
15,31,00,18,27.8,79.9
15,32,00,23,27.8,79.9
15,33,00,15,27.8,80
15,34,00,26,27.7,80
15,35,00,15,27.6,80.8
15,36,00,22,27.6,80.9
15,37,00,22,27.5,81.3
15,38,00,20,27.4,81.9
15,39,00,13,27.3,82.3
15,40,00,23,27.3,82.2
15,41,00,19,27.3,82.7
15,42,00,24,27.2,82.8
15,43,00,29,27.1,82.8
15,44,00,17,26.9,83.2
15,45,00,21,26.9,83.8
15,46,00,23,26.9,83.9
15,47,00,22,27,83.3
15,48,00,15,27,83.3
15,49,00,25,27.1,82.7
15,50,00,12,27.2,82.7
15,51,00,13,27.3,82.5
15,52,00,32,27.3,82.5
15,53,00,18,27.4,82.3
15,54,00,16,27.4,82.1
15,55,00,23,27.5,82.1
15,56,00,17,27.5,81.9
15,57,00,17,27.5,82
15,58,00,16,27.4,81
15,59,00,27,27.4,81.2
16,00,00,21,27.4,81.3
16,01,00,20,27.4,81.5
16,02,00,26,27.4,80.6
16,03,00,21,27.3,81
16,04,00,16,27.3,81.1
16,05,00,17,27.4,81.1
16,06,00,38,27.4,81.1
16,07,00,20,27.4,81.1
16,08,00,18,27.4,81
16,09,00,9,27.3,81.1
16,10,00,19,27.3,81.6
16,11,00,27,27.2,81.8
16,12,00,12,27.2,81.9
16,13,00,18,27.1,82
16,14,00,18,27.1,82
16,15,00,18,27.1,82
16,16,00,15,27.1,82
16,17,00,17,27.2,81.5
16,18,00,13,27.2,80.8
16,19,00,10,27.1,80.9
16,20,00,16,27,81.2
16,21,00,16,27,81
16,22,00,21,27,80.9
16,23,00,13,27,81
16,24,00,14,26.9,80.9
16,25,00,13,26.7,81.7
16,26,00,17,26.7,82
16,27,00,15,26.7,81.7
16,28,00,14,26.7,82.1
16,29,00,26,26.6,82.6
16,30,00,19,26.6,82.8
16,31,00,14,26.5,82.8
16,32,00,22,26.4,83.8
16,33,00,20,26.3,84.1
16,34,00,20,26.3,84.3
16,35,00,9,26.3,84.3
16,36,00,23,26.3,84.6
16,37,00,23,26.2,84.7
16,38,00,18,26.2,84.8
16,39,00,20,26.3,84.7
16,40,00,22,26.4,84.3
16,41,00,20,26.5,84
16,42,00,18,26.6,83.6
16,43,00,24,26.6,83.8
16,44,00,27,26.5,83.7
16,45,00,26,26.4,84.1
16,46,00,20,26.3,84.3
16,47,00,16,26.3,84.6
16,48,00,24,26.4,84.3
16,49,00,11,26.5,84
16,50,00,17,26.6,83.6
16,51,00,26,26.7,83.1
16,52,00,9,26.8,83.4
16,53,00,25,26.7,83.7
16,54,00,18,26.6,84.5
16,55,00,22,26.5,84.5
16,56,00,20,26.5,84.9
16,57,00,17,26.5,84.5
16,58,00,14,26.5,84.7
16,59,00,21,26.5,84.5
17,00,00,25,26.4,84.8
17,01,00,18,26.3,84.8
17,02,00,21,26.3,84.8
17,03,00,22,26.4,84.9
17,04,00,25,26.3,85
17,05,00,17,26.4,85.1
17,06,00,20,26.3,85.2
17,07,00,14,26.4,85
17,08,00,27,26.5,84.6
17,09,00,11,26.4,84.7
17,10,00,15,26.4,84.7
17,11,00,15,26.4,84.7
17,12,00,16,26.5,84.4
17,13,00,16,26.6,84.2
17,14,00,22,26.7,83.7
17,15,00,12,26.8,83.4
17,16,00,16,26.9,83.2
17,17,00,22,26.9,83.7
17,18,00,20,26.9,83.8
17,19,00,13,26.9,84.3
17,20,00,20,26.8,84.7
17,21,00,18,26.5,85.5
17,22,00,19,26.3,86.4
17,23,00,20,26.1,86.8
17,24,00,8,26,87.4
17,25,00,11,25.9,88.2
17,26,00,17,25.8,88.7
17,27,00,28,25.8,88.7
17,28,00,14,25.9,88.7
17,29,00,21,25.8,88.6
17,30,00,22,25.9,88.6
17,31,00,20,25.9,88.1
17,32,00,15,26.1,87.6
17,33,00,14,26.2,87.4
17,34,00,15,26.1,87.5
17,35,00,18,26,87.7
17,36,00,20,25.9,88.2
17,37,00,25,25.8,88.5
17,38,00,19,25.9,88.4
17,39,00,16,26.1,87.8
17,40,00,30,26.2,87.2
17,41,00,13,26.3,87.1
17,42,00,22,26.4,86.8
17,43,00,31,26.4,86.6
17,44,00,21,26.5,86.4
17,45,00,12,26.5,86.2
17,46,00,19,26.5,86
17,47,00,20,26.5,85.9
17,48,00,10,26.6,85.9
17,49,00,16,26.5,85.8
17,50,00,27,26.5,85.9
17,51,00,13,26.5,85.8
17,52,00,16,26.5,85.8
17,53,00,23,26.5,85.9
17,54,00,13,26.5,86
17,55,00,9,26.5,86.3
17,56,00,21,26.5,86.2
17,57,00,21,26.5,86.3
17,58,00,24,26.5,86.3
17,59,00,11,26.5,86.2
18,00,00,14,26.6,85.9
18,01,00,13,26.6,85.9
18,02,00,21,26.6,85.9
18,03,00,21,26.6,85.8
18,04,00,17,26.6,85.7
18,05,00,22,26.6,85.6
18,06,00,14,26.6,85.6
18,07,00,14,26.7,85.5
18,08,00,21,26.6,85.5
18,09,00,16,26.6,85.6
18,10,00,11,26.7,85.5
18,11,00,20,26.7,85.4
18,12,00,10,26.7,85.3
18,13,00,17,26.7,85.1
18,14,00,23,26.7,85.3
18,15,00,28,26.6,85.5
18,16,00,20,26.6,85.8
18,17,00,16,26.5,85.8
18,18,00,28,26.6,85.8
18,19,00,22,26.6,85.7
18,20,00,18,26.6,85.8
18,21,00,20,26.6,86.1
18,22,00,26,26.5,86.5
18,23,00,21,26.5,86.3
18,24,00,14,26.4,86.6
18,26,00,12,26.2,87.5
18,27,00,13,26.1,87.8
18,28,00,18,26,88
18,29,00,15,26,88.3
18,30,00,15,26,88.3
18,31,00,24,26.1,88.3
18,32,00,22,26.1,87.9
18,33,00,16,26.1,88
18,34,00,19,26,88.2
18,35,00,22,26.1,88.2
18,36,00,16,26.1,88.2
18,37,00,20,26.1,87.9
18,38,00,20,26.2,87.8
18,39,00,21,26.3,87.5
18,40,00,17,26.3,87.1
18,41,00,21,26.3,86.9
18,42,00,24,26.3,87
18,43,00,19,26.4,86.9
18,44,00,18,26.4,86.7
18,45,00,21,26.2,87.2
18,46,00,25,26.1,87.8
18,47,00,22,26,87.9
18,48,00,26,26.1,87.6
18,49,00,15,26.2,87.3
18,50,00,31,26.2,86.8
18,51,00,10,26.3,86.6
18,52,00,16,26.2,86.7
18,53,00,14,26.2,87.2
18,54,00,20,26.2,87.3
18,55,00,22,26.2,87.1
18,56,00,12,26.1,87.2
18,57,00,19,26,87.6
18,58,00,25,26,87.7
18,59,00,15,26.1,87.7
19,00,00,22,26.2,87.5
19,01,00,21,26.3,86.9
19,02,00,14,26.3,86.6
19,03,00,15,26.3,86.2
19,04,00,18,26.4,86
19,05,00,24,26.4,86
19,06,00,14,26.3,86.3
19,07,00,11,26.2,86.8
19,08,00,16,26.1,87.4
19,09,00,15,25.9,87.9
19,10,00,14,25.8,88.3
19,11,00,18,25.8,88.3
19,12,00,10,25.9,88.2
19,13,00,17,26,87.8
19,14,00,16,26,87.5
19,15,00,10,26,87.7
19,16,00,26,26,87.9
19,17,00,24,26,88
19,18,00,13,26,88
19,19,00,23,26,87.7
19,20,00,18,26.1,87.2
19,22,00,16,26.3,86.3
19,23,00,19,26.3,86.3
19,24,00,13,26.3,86.1
19,25,00,16,26.3,86.2
19,26,00,14,26.4,86
19,27,00,21,26.4,85.7
19,28,00,18,26.4,85.6
19,29,00,14,26.4,85.7
19,30,00,23,26.4,85.7
19,31,00,19,26.4,85.8
19,32,00,29,26.3,86.4
19,33,00,18,26.1,87.2
19,34,00,21,26,87.6
19,35,00,22,25.9,87.9
19,36,00,23,25.9,88.1
19,37,00,14,26,87.8
19,38,00,24,26.1,87.3
19,39,00,16,26.1,87
19,40,00,7,26.2,86.5
19,41,00,18,26.2,86.4
19,42,00,25,26.2,86.7
19,43,00,16,26.1,87.3
19,44,00,11,26.1,87.4
19,45,00,26,25.9,87.8
19,46,00,17,25.9,88.2
19,47,00,14,25.8,88.4
19,48,00,11,25.9,88.2
19,49,00,22,26,87.9
19,50,00,20,25.9,88.1
19,51,00,21,25.9,88
19,52,00,19,26,87.9
19,53,00,20,26,87.4
19,54,00,14,26,87.5
19,55,00,15,25.9,87.9
19,56,00,10,25.9,88
19,57,00,18,26,87.8
19,58,00,14,26,87.3
19,59,00,17,26.1,86.9
20,00,00,14,26.1,86.8
20,01,00,23,26.2,86.5
20,02,00,16,26.2,86.5
20,03,00,26,26.2,86.5
20,04,00,17,26.2,86.2
20,05,00,37,26.3,86
20,06,00,16,26.3,85.9
20,07,00,17,26.3,86.1
20,08,00,20,26.2,86.5
20,09,00,16,26.2,86.5
20,10,00,26,26.2,86.3
20,11,00,18,26.3,86.3
20,12,00,18,26.3,86.4
20,13,00,19,26.3,86.4
20,14,00,22,26.3,86.3
20,15,00,22,26.3,86.3
20,16,00,11,26.3,86.2
20,17,00,13,26.4,86
20,18,00,15,26.4,85.9
20,19,00,29,26.4,85.9
20,20,00,16,26.4,85.8
20,21,00,13,26.4,85.8
20,22,00,12,26.4,85.8
20,23,00,6,26.4,85.7
20,24,00,21,26.4,85.7
20,25,00,14,26.4,85.6
20,26,00,28,26.3,85.6
20,27,00,24,26.4,85.5
20,28,00,16,26.3,85.7
20,29,00,12,26.3,85.7
20,30,00,19,26.4,85.6
20,31,00,7,26.4,85.4
20,32,00,6,26.4,85.5
20,33,00,20,26.3,85.6
20,34,00,9,26.3,85.7
20,35,00,14,26.3,85.7
20,36,00,23,26.2,85.9
20,37,00,25,26.2,86
20,38,00,16,26.1,86.6
20,39,00,20,26,87.2
20,40,00,17,26,87.5
20,41,00,16,26,87.3
20,42,00,13,26,87
20,43,00,16,26.1,87
20,44,00,27,26.1,86.8
20,45,00,24,26.1,86.8
20,46,00,14,26.1,87
20,47,00,20,25.9,87.5
20,48,00,21,25.8,88
20,49,00,15,25.8,87.9
20,50,00,18,25.8,88.3
20,51,00,18,25.6,88.6
20,52,00,18,25.6,88.9
20,53,00,15,25.6,88.9
20,54,00,22,25.6,89
20,55,00,17,25.5,89.3
20,56,00,14,25.5,89.4
20,57,00,21,25.5,89.6
20,58,00,24,25.5,89.3
20,59,00,10,25.7,88.9
21,00,00,26,25.6,88.9
21,01,00,16,25.5,89.1
21,02,00,24,25.5,89.3
21,03,00,5,25.6,89.2
21,04,00,14,25.5,89
21,05,00,22,25.5,89.2
21,06,00,14,25.4,89.1
21,07,00,14,25.4,89.3
21,08,00,17,25.4,89.4
21,09,00,20,25.5,89.1
21,10,00,21,25.6,88.7
21,11,00,22,25.6,88.4
21,12,00,19,25.5,88.6
21,13,00,12,25.5,88.6
21,14,00,19,25.5,88.9
21,15,00,16,25.5,88.6
21,16,00,15,25.4,89
21,17,00,26,25.4,89
21,18,00,14,25.5,88.7
21,19,00,17,25.7,88.4
21,20,00,18,25.8,88
21,21,00,13,25.8,87.7
21,22,00,19,25.9,87.6
21,23,00,28,25.9,87.3
21,24,00,24,26,87.2
21,25,00,20,26,87.2
21,26,00,11,25.9,87.4
21,27,00,19,25.9,87.6
21,28,00,14,25.9,87.7
21,29,00,9,25.9,87.8
21,30,00,23,25.8,88
21,31,00,14,25.8,88.2
21,32,00,14,25.9,87.9
21,33,00,18,25.9,87.6
21,34,00,19,26,87.2
21,35,00,18,26,87.1
21,36,00,22,26.1,86.9
21,37,00,24,26.1,86.8
21,38,00,15,26,86.8
21,39,00,23,25.8,87.4
21,40,00,15,25.7,87.7
21,41,00,16,25.7,87.9
21,42,00,18,25.7,87.9
21,43,00,22,25.8,87.9
21,44,00,15,25.8,87.6
21,45,00,14,25.9,87.3
21,46,00,26,26,87.3
21,47,00,17,26,87.1
21,48,00,19,25.9,87.1
21,49,00,18,25.9,87.4
21,50,00,10,25.9,87.7
21,51,00,22,25.9,87.6
21,52,00,34,26,87.2
21,53,00,29,26,87.1
21,54,00,22,25.9,87.4
21,55,00,23,25.8,87.7
21,56,00,21,25.7,88
21,57,00,17,25.7,88.3
21,58,00,10,25.7,88.3
21,59,00,14,25.7,88.4
22,00,00,22,25.6,88.6
22,01,00,22,25.6,88.8
22,02,00,17,25.5,89
22,03,00,19,25.4,89.3
22,04,00,12,25.4,89.5
22,05,00,12,25.3,89.9
22,06,00,19,25.3,89.8
22,07,00,20,25.3,89.8
22,08,00,17,25.3,89.8
22,09,00,17,25.3,89.8
22,10,00,23,25.4,89.6
22,11,00,11,25.4,89.3
22,12,00,18,25.5,89.1
22,13,00,22,25.6,89
22,14,00,19,25.6,88.8
22,15,00,12,25.6,88.8
22,16,00,16,25.5,88.8
22,17,00,21,25.6,88.7
22,18,00,10,25.7,88.4
22,19,00,21,25.7,88
22,20,00,18,25.8,87.8
22,21,00,17,25.9,87.5
22,22,00,9,25.9,87.3
22,23,00,17,25.8,87.3
22,24,00,16,25.8,87.5
22,25,00,22,25.6,87.7
22,26,00,20,25.5,88.1
22,27,00,24,25.5,88.2
22,28,00,19,25.4,88.5
22,29,00,19,25.3,88.7
22,30,00,18,25.3,88.9
22,31,00,23,25.3,88.9
22,32,00,18,25.3,89.2
22,33,00,16,25.2,89.3
22,34,00,15,25.3,89.1
22,35,00,19,25.4,88.8
22,36,00,28,25.5,88.6
22,37,00,22,25.5,88.4
22,38,00,21,25.4,88.6
22,39,00,15,25.3,88.8
22,40,00,27,25.3,89
22,41,00,19,25.3,88.9
22,42,00,24,25.2,88.9
22,43,00,14,25.2,89.3
22,44,00,18,25.2,89.3
22,45,00,17,25.2,89.4
22,46,00,8,25.2,89.3
22,47,00,11,25.3,89
22,48,00,15,25.4,88.6
22,49,00,28,25.3,88.7
22,50,00,15,25.3,88.7
22,51,00,16,25.3,88.6
22,52,00,22,25.3,88.3
22,53,00,17,25.3,88.5
22,54,00,9,25.3,88.2
22,55,00,22,25.3,88.2
22,56,00,14,25.3,88.2
22,57,00,16,25.3,88
22,58,00,18,25.2,88.2
22,59,00,13,25.3,88.1
23,00,00,20,25.3,88.4
23,01,00,21,25.4,88.2
23,02,00,16,25.5,87.9
23,03,00,22,25.6,87.5
23,04,00,24,25.7,87.2
23,05,00,15,25.7,86.9
23,06,00,14,25.8,86.7
23,07,00,19,25.8,86.4
23,08,00,21,25.8,86.4
23,09,00,22,25.8,86.5
23,10,00,32,25.8,86.5
23,11,00,17,25.9,86.3
23,12,00,19,25.9,86.3
23,13,00,23,25.9,86.1
23,14,00,22,26,85.9
23,15,00,8,26,85.8
23,16,00,23,26,85.9
23,17,00,20,26,85.7
23,18,00,17,26,85.9
23,19,00,24,25.9,86.1
23,20,00,11,25.9,86.4
23,21,00,16,25.8,86.8
23,22,00,16,25.8,86.8
23,23,00,24,25.8,86.7
23,24,00,14,25.9,86.6
23,25,00,23,25.9,86.4
23,26,00,28,25.9,86.4
23,27,00,15,25.9,86.2
23,28,00,21,25.9,86.4
23,29,00,22,25.8,86.5
23,30,00,21,25.7,86.6
23,31,00,16,25.6,87
23,32,00,15,25.5,87.3
23,33,00,14,25.4,87.4
23,34,00,16,25.4,87.7
23,35,00,19,25.4,87.7
23,36,00,18,25.4,87.9
23,37,00,17,25.5,87.6
23,38,00,29,25.6,87.1
23,39,00,20,25.6,87
23,40,00,34,25.7,86.8
23,41,00,9,25.7,86.7
23,42,00,18,25.8,86.5
23,43,00,11,25.8,86.3
23,44,00,23,25.7,86.4
23,45,00,16,25.7,86.4
23,46,00,13,25.7,86.5
23,47,00,16,25.7,86.5
23,48,00,12,25.7,86.5
23,49,00,8,25.7,86.5
23,50,00,15,25.7,86.3
23,52,00,20,25.7,86.1
23,53,00,11,25.7,86.4
23,54,00,19,25.4,86.8
23,55,00,16,25.3,87.3
23,56,00,18,25.4,87.3
23,57,00,23,25.4,87.2
23,58,00,10,25.4,87.3
23,59,00,19,25.3,87.6
