00,00,00,13,25.5,85.9
00,01,00,15,25.5,85.9
00,02,00,29,25.5,85.9
00,03,00,22,25.5,86.2
00,04,00,20,25.5,86.1
00,05,00,16,25.5,86.1
00,06,00,17,25.5,86.2
00,07,00,20,25.3,86.5
00,08,00,23,25.2,87
00,09,00,16,25.2,87.1
00,10,00,18,25.3,86.8
00,11,00,22,25.4,86.3
00,12,00,27,25.4,86
00,13,00,19,25.3,86.2
00,14,00,12,25.3,86.2
00,15,00,23,25.3,86.5
00,16,00,17,25.4,86.1
00,17,00,22,25.4,86.1
00,18,00,16,25.4,85.9
00,19,00,20,25.4,85.8
00,20,00,16,25.5,85.8
00,21,00,21,25.5,85.7
00,22,00,24,25.5,85.6
00,23,00,13,25.5,85.6
00,24,00,20,25.4,85.6
00,25,00,24,25.4,85.7
00,26,00,27,25.4,86.1
00,27,00,18,25.4,86
00,28,00,11,25.4,85.8
00,29,00,16,25.3,85.9
00,30,00,23,25.4,85.9
00,31,00,20,25.3,86
00,32,00,18,25.3,86.2
00,33,00,17,25.3,86.2
00,34,00,18,25.3,86.1
00,35,00,9,25.3,85.9
00,36,00,14,25.4,85.8
00,37,00,16,25.4,85.6
00,38,00,12,25.4,85.5
00,39,00,17,25.3,85.6
00,40,00,20,25.3,85.6
00,41,00,21,25.3,85.7
00,42,00,25,25.3,85.8
00,43,00,15,25.3,86.1
00,44,00,20,25.3,86.3
00,45,00,26,25.2,86.3
00,46,00,30,25.2,86.4
00,47,00,17,25.2,86.6
00,48,00,13,25.2,86.5
00,49,00,20,25.3,86.4
00,50,00,10,25.3,86.4
00,51,00,20,25.4,86.2
00,52,00,18,25.4,86
00,53,00,18,25.4,86.1
00,54,00,17,25.4,86.1
00,55,00,5,25.4,86
00,56,00,20,25.4,85.9
00,57,00,16,25.4,85.8
00,58,00,16,25.4,85.8
00,59,00,19,25.4,85.6
01,00,00,17,25.5,85.5
01,01,00,19,25.4,85.5
01,02,00,17,25.5,85.4
01,03,00,14,25.5,85.3
01,04,00,13,25.4,85.4
01,05,00,17,25.4,85.5
01,06,00,19,25.5,85.3
01,07,00,17,25.4,85.3
01,08,00,27,25.4,85.3
01,09,00,26,25.4,85.3
01,10,00,18,25.4,85.5
01,11,00,21,25.3,85.7
01,12,00,14,25.3,85.8
01,13,00,15,25.3,85.8
01,14,00,22,25.3,86.1
01,15,00,19,25.2,86.3
01,16,00,17,25,86.7
01,18,00,23,25,87.1
01,19,00,17,25.1,87
01,20,00,16,25.1,87.2
01,21,00,15,25.1,87.2
01,22,00,17,25.2,87
01,23,00,16,25.3,86.7
01,24,00,14,25.3,86.5
01,25,00,13,25.2,86.7
01,26,00,15,25.3,86.5
01,27,00,20,25.3,86.6
01,28,00,16,25.3,86.5
01,29,00,9,25.3,86.4
01,30,00,13,25.3,86.3
01,31,00,12,25.4,86.2
01,33,00,23,25.3,86.3
01,34,00,12,25.3,86.4
01,35,00,19,25.3,86.5
01,36,00,17,25.2,86.8
01,37,00,15,25.2,86.9
01,38,00,16,25.2,86.9
01,39,00,19,25.2,86.7
01,40,00,20,25,87.3
01,41,00,12,25,87.5
01,42,00,25,25.1,87.1
01,43,00,23,25.2,86.9
01,44,00,18,25.2,87.1
01,45,00,18,25.2,86.9
01,46,00,20,25.3,86.8
01,47,00,21,25.3,86.6
01,48,00,15,25.3,86.7
01,49,00,10,25.3,86.8
01,50,00,11,25.2,87
01,51,00,10,25.1,87.4
01,52,00,13,25,87.4
01,53,00,17,25.1,87.2
01,54,00,17,25.1,87.1
01,55,00,15,25.1,87
01,56,00,23,25.1,86.8
01,57,00,21,25.2,86.7
01,58,00,13,25.2,86.7
01,59,00,18,25.1,87.1
02,00,00,20,25.1,87.2
02,01,00,14,25.1,87.2
02,02,00,24,25.2,86.9
02,03,00,22,25.3,86.5
02,04,00,20,25.3,86.5
02,05,00,20,25.3,86.5
02,06,00,15,25.3,86.4
02,07,00,15,25.3,86.4
02,08,00,10,25.3,86.6
02,09,00,18,25.3,86.7
02,10,00,19,25.2,87.1
02,11,00,27,25.2,87
02,12,00,19,25.2,86.8
02,13,00,19,25.3,86.8
02,14,00,11,25.3,86.6
02,15,00,11,25.4,86.3
02,16,00,24,25.4,86.2
02,17,00,15,25.4,86.2
02,18,00,14,25.4,86.2
02,19,00,19,25.4,86.3
02,20,00,19,25.4,86.2
02,21,00,17,25.3,86.3
02,22,00,14,25.4,86.2
02,23,00,18,25.2,86.7
02,24,00,19,25.2,87
02,25,00,18,25.2,87.1
02,26,00,22,25.2,86.9
02,27,00,30,25.2,86.7
02,28,00,14,25.2,86.8
02,29,00,14,25.1,87.3
02,30,00,20,25.1,87.3
02,31,00,16,25.2,87.3
02,32,00,29,25.2,87.3
02,33,00,21,25.2,87.5
02,34,00,13,25.2,87.4
02,35,00,14,25.3,87.6
02,36,00,18,25.3,87.6
02,37,00,14,25.3,87.4
02,38,00,24,25.2,87.9
02,39,00,20,25.2,88.2
02,40,00,14,25.1,88.5
02,41,00,19,25.1,88.5
02,42,00,21,25,89
02,43,00,19,25,89
02,44,00,22,25.1,88.7
02,45,00,23,25.1,88.5
02,46,00,22,25.2,88.6
02,47,00,17,25.2,88.7
02,48,00,20,25.2,88.6
02,49,00,17,25.2,88.6
02,50,00,21,25.2,88.5
02,51,00,15,25.2,88.5
02,52,00,20,25.3,88.2
02,53,00,15,25.3,88.1
02,54,00,15,25.4,87.8
02,55,00,17,25.4,87.7
02,56,00,10,25.4,87.9
02,57,00,21,25.4,87.8
02,58,00,12,25.4,87.8
02,59,00,17,25.4,87.8
03,00,00,17,25.4,87.9
03,01,00,18,25.4,87.7
03,02,00,14,25.4,87.9
03,03,00,30,25.4,87.8
03,04,00,15,25.3,88.2
03,05,00,11,25.3,88.4
03,06,00,20,25.2,88.5
03,07,00,22,25.3,88.5
03,08,00,15,25.2,88.6
03,09,00,26,25.3,88.7
03,10,00,15,25.3,88.3
03,11,00,28,25.4,88.2
03,12,00,16,25.4,87.8
03,13,00,12,25.4,87.7
03,14,00,17,25.4,87.9
03,15,00,14,25.3,88.4
03,16,00,22,25.2,88.9
03,17,00,10,25.3,88.9
03,18,00,32,25.3,88.7
03,19,00,15,25.3,88.7
03,20,00,18,25.4,88.5
03,21,00,25,25.4,88.6
03,22,00,11,25.2,88.9
03,23,00,10,25.3,88.8
03,24,00,17,25.3,88.5
03,25,00,11,25.3,88.7
03,26,00,20,25.2,89.3
03,27,00,23,25.2,89.2
03,28,00,15,25.2,89.2
03,29,00,23,25.1,89.4
03,30,00,20,25.1,89.1
03,31,00,25,25.2,89.3
03,32,00,10,25.1,89.3
03,33,00,11,25.2,89.1
03,34,00,22,25.3,88.9
03,35,00,26,25.3,88.7
03,36,00,33,25.3,88.6
03,37,00,26,25.4,88.4
03,38,00,21,25.3,88.6
03,39,00,16,25.3,88.5
03,40,00,14,25.3,88.6
03,41,00,11,25.3,88.6
03,42,00,16,25.3,88.4
03,43,00,17,25.4,88.4
03,44,00,20,25.3,88.4
03,45,00,11,25.4,88.3
03,46,00,36,25.4,88.3
03,47,00,18,25.3,88.5
03,48,00,22,25.4,88.4
03,49,00,17,25.3,88.4
03,50,00,18,25.3,88.6
03,51,00,21,25.3,88.8
03,52,00,20,25.3,88.5
03,53,00,23,25.4,88.3
03,54,00,24,25.4,88.2
03,55,00,17,25.4,88.1
03,56,00,18,25.3,88.4
03,57,00,22,25.2,88.9
03,58,00,24,25.1,89.2
03,59,00,27,25.1,89.4
04,00,00,19,25,89.6
04,01,00,17,25,89.7
04,02,00,9,25,89.6
04,03,00,14,25,89.5
04,04,00,16,24.9,89.8
04,05,00,13,25,89.6
04,06,00,15,25.1,89.2
04,07,00,14,25.1,89.2
04,08,00,15,25.2,88.9
04,09,00,14,25.3,88.7
04,10,00,25,25.3,88.5
04,11,00,21,25.4,88.4
04,12,00,11,25.4,88.3
04,13,00,24,25.4,88.2
04,14,00,24,25.4,88.1
04,15,00,25,25.4,87.8
04,16,00,24,25.4,87.8
04,17,00,16,25.3,88.2
04,18,00,24,25.3,88.4
04,19,00,8,25.2,88.7
04,20,00,9,25.3,88.5
04,21,00,21,25.4,88.2
04,22,00,13,25.2,88.6
04,23,00,17,25.1,88.9
04,24,00,23,25.1,89
04,25,00,22,25.1,88.8
04,26,00,25,25.1,88.8
04,27,00,23,25.1,88.8
04,28,00,17,25.1,88.9
04,29,00,16,25.1,88.9
04,30,00,32,25.2,88.7
04,31,00,19,25.1,88.8
04,32,00,20,25.1,88.9
04,33,00,17,25,89.1
04,34,00,17,25,89.1
04,35,00,12,25,89.2
04,36,00,21,25,89.2
04,37,00,31,25,89.1
04,38,00,25,25.1,89.1
04,39,00,11,25.1,89.1
04,40,00,20,25.1,89.2
04,41,00,21,25.1,89.2
04,42,00,9,25.1,89.2
04,43,00,15,25.2,88.9
04,44,00,12,25.3,88.6
04,45,00,18,25.3,88.4
04,46,00,18,25.3,88.3
04,47,00,21,25.3,88.2
04,48,00,17,25.3,88.1
04,49,00,19,25.3,88.3
04,50,00,18,25.2,88.6
04,51,00,17,25.2,88.6
04,52,00,29,25.2,88.5
04,53,00,21,25.2,88.6
04,54,00,21,25.1,88.9
04,55,00,20,25.1,89
04,56,00,17,25.1,88.9
04,57,00,10,25.1,88.8
04,58,00,14,25.2,88.4
04,59,00,13,25.2,88.3
05,00,00,21,25,88.8
05,01,00,25,25.1,88.9
05,02,00,23,25.1,88.9
05,03,00,19,25.1,88.7
05,04,00,24,25,89
05,05,00,21,25,89.1
05,06,00,12,25.1,88.9
05,07,00,28,25.2,88.4
05,08,00,13,25.2,88.1
05,09,00,27,25.1,88.2
05,10,00,22,25,88.9
05,11,00,16,24.8,89.5
05,12,00,18,24.8,89.8
05,13,00,24,24.9,89.4
05,14,00,15,25,89.1
05,15,00,21,25,88.9
05,16,00,10,25,88.9
05,17,00,21,25,88.8
05,18,00,21,25.1,88.8
05,19,00,21,25,88.9
05,20,00,16,24.9,89.3
05,21,00,22,24.9,89.3
05,22,00,13,25,88.9
05,23,00,19,25.1,88.7
05,24,00,22,25.1,88.4
05,25,00,11,25.2,88.2
05,26,00,14,25.1,88.3
05,27,00,14,25.1,88.3
05,28,00,19,25.1,88.2
05,29,00,25,25.1,88.2
05,30,00,25,25.1,88.6
05,31,00,25,25,88.7
05,32,00,28,24.9,89
05,33,00,20,25,88.9
05,34,00,12,25.1,88.6
05,35,00,18,25,88.8
05,36,00,31,25,88.7
05,37,00,9,25.1,88.4
05,38,00,14,25.1,88.3
05,39,00,10,25.2,88
05,40,00,16,25.3,87.7
05,41,00,21,25.1,88.1
05,42,00,15,25,88.6
05,43,00,29,25.1,88.6
05,44,00,19,25.1,88.4
05,45,00,12,25.1,88.2
05,46,00,25,25.2,87.8
05,47,00,18,25.1,87.8
05,48,00,15,25.2,87.8
05,49,00,14,25.2,87.8
05,50,00,10,25.1,87.9
05,51,00,25,25.1,88.1
05,52,00,22,25.1,88.3
05,53,00,15,25.2,88.1
05,54,00,18,25.1,87.9
05,55,00,13,25.2,87.9
05,56,00,12,25.2,88
05,57,00,26,25.2,87.8
05,58,00,18,25.1,88
05,59,00,15,25.1,88
06,00,00,18,25.2,87.6
06,01,00,21,25.2,87.3
06,02,00,22,25.2,87.3
06,03,00,29,25.3,87.2
06,04,00,14,25.3,87.1
06,05,00,30,25.3,86.9
06,06,00,27,25.3,86.8
06,07,00,13,25.3,87
06,08,00,16,25.3,87.2
06,09,00,26,25.3,87.1
06,10,00,22,25.2,87.4
06,11,00,41,25.3,87.3
06,12,00,31,25.2,87.6
06,13,00,20,25.2,87.7
06,14,00,14,25.2,87.7
06,15,00,25,25.2,87.9
06,16,00,23,25.2,88.2
06,17,00,10,25.2,88.1
06,18,00,20,25.1,88.2
06,19,00,9,25,88.4
06,20,00,25,25,88.3
06,21,00,22,25,88.2
06,22,00,20,25.1,87.4
06,23,00,16,25,87.4
06,24,00,14,25.1,87.1
06,25,00,21,25.2,86.5
06,26,00,27,25.2,86.4
06,27,00,30,25.1,86.7
06,28,00,15,25.1,86.9
06,29,00,17,24.9,87.2
06,30,00,19,24.9,87.3
06,31,00,24,24.9,87.2
06,32,00,19,24.9,87.1
06,33,00,25,24.9,87
06,34,00,16,25,87
06,35,00,20,24.9,87.1
06,36,00,23,25,86.9
06,37,00,18,25.1,86.5
06,38,00,24,25.1,86.4
06,39,00,19,25.1,86.3
06,40,00,18,25.2,86
06,41,00,24,25.2,85.7
06,42,00,11,25.3,85.6
06,43,00,21,25.2,85.9
06,44,00,18,25.3,86.3
06,45,00,19,25.3,86.5
06,46,00,24,25.3,86.4
06,47,00,18,25.4,86.3
06,48,00,21,25.4,86.2
06,49,00,31,25.4,85.9
06,50,00,21,25.4,85.9
06,51,00,17,25.4,86.1
06,52,00,16,25.4,86
06,53,00,29,25.4,86.2
06,54,00,21,25.4,86.4
06,55,00,23,25.3,86.4
06,56,00,14,25.2,86.8
06,57,00,21,25.2,87.1
06,58,00,11,25.3,86.9
06,59,00,29,25.3,87.1
07,00,00,22,25.3,87.1
07,01,00,21,25.4,87
07,02,00,21,25.4,86.9
07,03,00,43,25.5,86.9
07,04,00,22,25.5,86.6
07,05,00,17,25.6,86.2
07,06,00,24,25.6,86
07,07,00,22,25.5,85.9
07,08,00,20,25.5,86.2
07,09,00,26,25.3,86
07,10,00,26,25.3,86.3
07,11,00,12,25.3,86.6
07,12,00,20,25.3,86.6
07,13,00,22,25.4,86.9
07,14,00,16,25.3,86.8
07,15,00,35,25.4,86.6
07,16,00,21,25.4,86.3
07,17,00,20,25.4,86.4
07,18,00,24,25.4,86.5
07,19,00,26,25.4,86.4
07,20,00,17,25.4,86.2
07,21,00,23,25.5,85.7
07,22,00,20,25.4,86.1
07,23,00,22,25.5,86.3
07,24,00,19,25.5,86.3
07,25,00,14,25.5,86.1
07,26,00,20,25.6,86.1
07,27,00,29,25.5,86.4
07,28,00,26,25.5,86.4
07,29,00,33,25.5,86.7
07,30,00,24,25.5,86.6
07,31,00,26,25.6,86.5
07,32,00,17,25.6,86.5
07,33,00,29,25.5,86.5
07,34,00,20,25.5,86.8
07,35,00,27,25.5,86.7
07,36,00,31,25.5,86.6
07,37,00,23,25.6,86.5
07,38,00,22,25.5,86.7
07,39,00,15,25.5,86.8
07,40,00,28,25.6,86.4
07,41,00,18,25.5,86.3
07,42,00,22,25.5,86.7
07,43,00,31,25.5,86.5
07,44,00,22,25.5,86.6
07,45,00,21,25.5,86.3
07,46,00,36,25.5,86.2
07,47,00,29,25.4,86.1
07,48,00,14,25.4,86.1
07,49,00,24,25.4,86.2
07,50,00,32,25.5,86
07,51,00,35,25.5,85.9
07,52,00,17,25.5,85.8
07,53,00,44,25.5,85.9
07,54,00,29,25.5,86.2
07,55,00,20,25.6,86
07,56,00,30,25.6,85.8
07,57,00,29,25.5,86.3
07,58,00,27,25.5,86.3
07,59,00,30,25.5,86.4
08,00,00,23,25.6,86.2
08,01,00,29,25.6,85.8
08,02,00,30,25.7,85.6
08,03,00,21,25.7,85.5
08,04,00,26,25.6,85.3
08,05,00,30,25.6,85.6
08,06,00,17,25.6,86
08,07,00,32,25.6,86.1
08,08,00,28,25.6,85.8
08,09,00,27,25.6,85.8
08,10,00,16,25.6,86.1
08,11,00,26,25.6,86.4
08,12,00,17,25.7,86
08,13,00,19,25.8,85.1
08,14,00,31,25.8,85
08,15,00,26,25.8,84.5
08,16,00,34,25.8,84.8
08,17,00,37,25.8,85.3
08,18,00,38,25.8,85.6
08,19,00,49,25.7,85.4
08,20,00,29,25.7,85.6
08,21,00,41,25.8,85.5
08,22,00,48,25.8,85.5
08,23,00,51,25.8,85.6
08,24,00,43,25.9,85.9
08,25,00,41,25.9,85.8
08,26,00,33,26,85.9
08,27,00,50,26,85.8
08,28,00,30,26,84.9
08,29,00,45,26,84.8
08,30,00,61,26.1,84.6
08,31,00,27,26.1,85.7
08,32,00,29,26.1,84.9
08,33,00,47,26.1,84.9
08,34,00,67,26.2,84.6
08,35,00,54,26.2,84.7
08,36,00,30,26.3,84.6
08,37,00,36,26.3,84.2
08,38,00,57,26.3,84.3
08,39,00,19,26.3,84.3
08,40,00,37,26.3,83.9
08,41,00,55,26.3,83.3
08,42,00,58,26.4,83.4
08,43,00,50,26.4,83.5
08,44,00,36,26.4,82.9
08,45,00,55,26.5,83
08,46,00,56,26.5,83.3
08,47,00,29,26.5,83.6
08,48,00,61,26.5,83.4
08,49,00,39,26.5,83.4
08,50,00,18,26.5,83.3
08,51,00,40,26.5,83.1
08,52,00,45,26.5,83.2
08,53,00,53,26.5,83.2
08,54,00,32,26.6,82.5
08,55,00,40,26.6,82.6
08,56,00,54,26.6,82.6
08,57,00,54,26.5,82
08,58,00,53,26.5,82
08,59,00,64,26.6,81
09,00,00,36,26.5,81.6
09,01,00,39,26.5,82
09,02,00,20,26.5,81.5
09,03,00,43,26.6,81.8
09,04,00,33,26.6,81.7
09,05,00,44,26.6,81.9
09,06,00,36,26.6,81.2
09,07,00,34,26.6,81.4
09,08,00,58,26.7,81.5
09,09,00,35,26.7,81.6
09,10,00,50,26.7,81.5
09,11,00,39,26.7,81.5
09,12,00,60,26.7,81.5
09,13,00,31,26.8,81.7
09,14,00,35,26.8,81.7
09,15,00,40,26.8,81.3
09,16,00,46,26.8,81
09,17,00,30,26.8,80.7
09,18,00,32,26.8,80.9
09,19,00,31,26.8,80.8
09,20,00,31,26.8,80.6
09,21,00,20,26.7,80
09,22,00,27,26.7,79.4
09,23,00,17,26.7,79.8
09,24,00,28,26.7,79.7
09,25,00,30,26.7,80.1
09,26,00,35,26.7,80.2
09,27,00,43,26.8,80.2
09,28,00,18,26.7,80.3
09,29,00,32,26.8,80.3
09,30,00,48,26.8,80.8
09,31,00,34,26.8,80.4
09,32,00,40,26.9,80.3
09,33,00,33,27,80.4
09,34,00,47,27,80
09,35,00,51,27,79.8
09,36,00,31,26.9,79.8
09,37,00,18,26.9,79.6
09,38,00,35,26.9,77.7
09,39,00,31,26.9,78.3
09,40,00,62,27,77.4
09,41,00,33,26.9,76.7
09,42,00,58,27,76.7
09,43,00,24,26.9,76.6
09,44,00,34,26.9,76.2
09,45,00,25,27,76.6
09,46,00,33,27,77
09,47,00,26,27.1,76.7
09,48,00,25,27.1,77.2
09,49,00,28,27.1,76.9
09,50,00,38,27.1,77
09,51,00,31,27,76.9
09,52,00,35,27,77.3
09,53,00,35,27.1,77.2
09,54,00,27,27.1,77.3
09,55,00,36,27.1,77.5
09,56,00,34,27.1,76.9
09,57,00,44,27.1,76.1
09,58,00,26,27.1,76.2
09,59,00,26,27.1,76.1
10,00,00,43,27.1,76
10,01,00,50,27.1,76.4
10,02,00,33,27.1,76.2
10,03,00,32,27.1,76
10,04,00,33,27.1,76.4
10,05,00,42,27.1,76.5
10,06,00,61,27.2,76
10,07,00,27,27.2,76
10,08,00,41,27.2,75.9
10,09,00,42,27.2,75.8
10,10,00,38,27.2,75.4
10,11,00,48,27.2,75.2
10,12,00,33,27.2,75.5
10,13,00,38,27.3,75.8
10,14,00,36,27.3,76.3
10,15,00,27,27.3,76.4
10,16,00,37,27.3,76
10,17,00,24,27.3,76.1
10,18,00,36,27.3,75.8
10,19,00,32,27.3,75.9
10,20,00,30,27.3,75.8
10,21,00,20,27.3,76.2
10,22,00,30,27.3,76.3
10,23,00,37,27.3,76.4
10,24,00,43,27.3,76.4
10,25,00,34,27.3,74.4
10,26,00,17,27.3,74.3
10,27,00,39,27.3,74.4
10,28,00,40,27.3,74.2
10,30,00,36,27.3,73.9
10,31,00,17,27.3,73.5
10,32,00,30,27.3,73.4
10,33,00,28,27.3,73.1
10,34,00,54,27.3,73.5
10,35,00,35,27.4,74.2
10,36,00,56,27.5,74.8
10,37,00,41,27.5,74.9
10,38,00,36,27.5,75.2
10,39,00,53,27.6,75.7
10,40,00,35,27.6,74.9
10,41,00,37,27.6,75.3
10,42,00,42,27.7,74.9
10,43,00,13,27.7,74.6
10,44,00,24,27.7,73.8
10,45,00,24,27.7,73.6
10,46,00,36,27.6,72.2
10,47,00,21,27.7,72.2
10,48,00,22,27.6,72.5
10,49,00,16,27.6,72.7
10,50,00,21,27.6,73.2
10,51,00,16,27.6,74.1
10,52,00,22,27.7,73.4
10,53,00,16,27.7,73.5
10,54,00,13,27.7,73.5
10,55,00,17,27.6,73.5
10,56,00,25,27.6,73.8
10,57,00,27,27.6,74
10,58,00,16,27.6,74.2
10,59,00,29,27.6,72.8
11,00,00,21,27.6,73.4
11,01,00,21,27.6,73.7
11,02,00,27,27.6,73.3
11,03,00,24,27.6,72.9
11,04,00,19,27.6,73.3
11,05,00,16,27.7,73.5
11,06,00,19,27.6,73.5
11,07,00,15,27.6,73.6
11,08,00,18,27.5,73.8
11,09,00,16,27.6,74.1
11,10,00,22,27.5,74.5
11,11,00,21,27.5,74.7
11,12,00,21,27.5,74.9
11,13,00,14,27.5,74.9
11,14,00,38,27.5,75.2
11,15,00,12,27.5,75.4
11,16,00,16,27.5,75.6
11,17,00,35,27.5,75.6
11,18,00,37,27.5,76
11,19,00,16,27.5,76.1
11,20,00,25,27.4,76.3
11,21,00,19,27.4,76.5
11,22,00,25,27.3,76.5
11,23,00,29,27.3,76.8
11,24,00,18,27.3,76.9
11,25,00,18,27.2,77.1
11,26,00,20,27.2,77.3
11,27,00,22,27.2,77.4
11,28,00,26,27.2,77.5
11,29,00,17,27.2,77.5
11,30,00,14,27.2,77.6
11,31,00,22,27.2,77.9
11,32,00,18,27.2,77.9
11,33,00,29,27.2,77.9
11,34,00,26,27.2,78
11,35,00,19,27.2,78.2
11,36,00,32,27.2,78
11,37,00,40,27.2,78.2
11,38,00,26,27.2,78.4
11,39,00,30,27.2,78.4
11,40,00,27,27.2,78.8
11,41,00,28,27.2,78.4
11,42,00,23,27.2,78.8
11,43,00,24,27.2,78.9
11,44,00,28,27.2,79
11,45,00,29,27.2,79
11,46,00,24,27.2,78.9
11,47,00,33,27.2,78.8
11,48,00,25,27.3,78.9
11,49,00,27,27.2,79
11,50,00,21,27.2,79
11,51,00,7,27.2,79.1
11,52,00,19,27.2,79.2
11,53,00,25,27.2,79.2
11,54,00,29,27.2,79.2
11,55,00,23,27.3,79.2
11,56,00,27,27.3,79.3
11,57,00,23,27.3,79.5
11,58,00,17,27.3,79.8
11,59,00,30,27.2,80
12,00,00,20,27.3,79.9
12,01,00,26,27.3,79.6
12,02,00,23,27.3,79.8
12,03,00,22,27.3,79.6
12,04,00,35,27.3,79.7
12,05,00,30,27.3,79.8
12,06,00,27,27.3,79.9
12,07,00,15,27.3,80
12,08,00,22,27.3,80.1
12,09,00,11,27.3,79.9
12,10,00,27,27.3,80.1
12,11,00,15,27.3,80
12,12,00,33,27.3,80.1
12,13,00,33,27.3,80.1
12,14,00,19,27.3,80
12,15,00,18,27.3,79.9
12,16,00,27,27.4,80
12,17,00,35,27.4,79.9
12,18,00,24,27.4,80.1
12,19,00,40,27.3,80.2
12,20,00,28,27.3,80.3
12,21,00,28,27.3,80.4
12,22,00,23,27.3,80.2
12,23,00,23,27.3,80.2
12,24,00,25,27.4,80.3
12,25,00,27,27.4,80.2
12,26,00,20,27.4,80.2
12,27,00,26,27.4,80.3
12,28,00,33,27.4,80.3
12,29,00,28,27.4,80.2
12,30,00,28,27.4,80.3
12,31,00,19,27.4,80.3
12,32,00,35,27.4,80.4
12,33,00,27,27.4,80.3
12,34,00,15,27.4,80.3
12,35,00,29,27.4,80.1
12,36,00,26,27.5,80.3
12,37,00,25,27.5,79.5
12,38,00,24,27.5,79.9
12,39,00,21,27.6,79.5
12,40,00,24,27.6,79.5
12,41,00,24,27.5,79.6
12,42,00,31,27.5,79.7
12,43,00,19,27.5,79.6
12,44,00,28,27.5,79.8
12,45,00,16,27.5,79.8
12,46,00,22,27.5,79.8
12,47,00,24,27.5,79.9
12,48,00,22,27.5,79.9
12,49,00,21,27.5,79.9
12,50,00,19,27.5,80
12,51,00,26,27.5,79.8
12,52,00,23,27.5,79.9
12,53,00,27,27.5,79.9
12,54,00,27,27.5,79.8
12,55,00,22,27.5,79.6
12,56,00,9,27.5,79.6
12,57,00,22,27.5,79.4
12,58,00,33,27.5,79.8
12,59,00,18,27.5,79.6
13,00,00,15,27.5,79.6
13,01,00,21,27.5,79.4
13,02,00,28,27.5,79.2
13,03,00,13,27.5,79.3
13,04,00,19,27.5,79.4
13,05,00,17,27.5,79.5
13,06,00,13,27.5,79.6
13,07,00,23,27.5,79.6
13,08,00,22,27.5,79.6
13,09,00,23,27.5,79.7
13,10,00,27,27.5,79.7
13,11,00,26,27.5,79.7
13,12,00,15,27.5,79.6
13,13,00,16,27.5,79.8
13,14,00,23,27.5,79.8
13,15,00,24,27.5,79.7
13,16,00,25,27.5,79.7
13,17,00,25,27.5,79.8
13,18,00,35,27.5,79.8
13,19,00,34,27.5,79.7
13,20,00,33,27.5,79.7
13,21,00,19,27.5,79.7
13,22,00,30,27.5,79.6
13,23,00,18,27.5,79.6
13,24,00,26,27.5,79.4
13,25,00,19,27.5,79.4
13,26,00,24,27.5,79.4
13,27,00,20,27.5,79.4
13,28,00,23,27.5,79.2
13,29,00,27,27.6,79.3
13,30,00,21,27.5,79.4
13,31,00,28,27.5,79.5
13,32,00,20,27.5,79.6
13,33,00,31,27.5,79.7
13,34,00,15,27.5,79.8
13,35,00,9,27.5,79.7
13,36,00,30,27.5,79.6
13,37,00,22,27.5,79.6
13,38,00,26,27.5,79.4
13,39,00,19,27.5,79.3
13,40,00,33,27.5,79.4
13,41,00,10,27.5,79.3
13,42,00,23,27.5,79.3
13,43,00,19,27.5,79.2
13,44,00,17,27.5,79.3
13,45,00,20,27.5,79.3
13,46,00,19,27.5,79.2
13,47,00,26,27.5,79.1
13,48,00,24,27.5,79.2
13,49,00,17,27.5,79.2
13,50,00,14,27.5,79.3
13,51,00,24,27.5,79.4
13,52,00,15,27.5,79.4
13,53,00,34,27.5,79.2
13,54,00,26,27.5,79.5
13,55,00,13,27.5,79.4
13,56,00,21,27.5,79.4
13,57,00,14,27.5,79.3
13,58,00,16,27.5,79.2
13,59,00,22,27.5,79.4
14,00,00,21,27.5,79.4
14,01,00,20,27.5,79.4
14,02,00,21,27.5,79.5
14,03,00,19,27.5,79.5
14,04,00,22,27.5,79.6
14,05,00,13,27.5,79.5
14,06,00,18,27.5,79.7
14,07,00,15,27.5,79.6
14,08,00,17,27.5,79.7
14,09,00,15,27.5,79.8
14,10,00,19,27.4,79.8
14,11,00,16,27.4,79.9
14,12,00,13,27.4,80
14,13,00,18,27.4,80.3
14,14,00,16,27.4,80.3
14,15,00,19,27.4,81
14,16,00,18,27.4,81.4
14,17,00,22,27.4,81.9
14,18,00,30,27.4,82.2
14,19,00,19,27.4,81.8
14,20,00,11,27.3,82.5
14,21,00,22,27.3,82.7
14,22,00,21,27.3,82.8
14,23,00,13,27.3,82.9
14,24,00,10,27.2,83.9
14,25,00,17,27.2,84.1
14,26,00,23,27.2,84
14,27,00,20,27.2,84.2
14,28,00,15,27.2,85.2
14,29,00,16,27.2,85.2
14,30,00,16,27.1,85.2
14,31,00,24,27.1,85.1
14,32,00,14,27.1,84.8
14,33,00,17,27.1,85.2
14,34,00,16,27.2,84.8
14,35,00,24,27.2,84.6
14,36,00,25,27.1,85.1
14,37,00,7,27.1,84.8
14,38,00,17,27.1,84.5
14,39,00,17,27.1,85
14,40,00,22,27.1,85
14,41,00,24,27.1,84.9
14,42,00,21,27.1,84.8
14,43,00,25,27.2,84.6
14,44,00,21,27.2,84.4
14,45,00,29,27.2,84.5
14,46,00,17,27.2,84.2
14,47,00,21,27.1,83.9
14,48,00,28,27.2,84.3
14,49,00,8,27.1,84.6
14,50,00,20,27.1,84.4
14,51,00,32,27.1,84.7
14,52,00,12,27.1,84.6
14,53,00,20,27,85.3
14,54,00,18,27,85.4
14,55,00,29,27.1,85.3
14,56,00,22,27.1,85
14,57,00,19,27.1,85.4
14,58,00,24,27.1,85.4
14,59,00,25,27.1,84.8
15,00,00,20,27.1,85.5
15,01,00,15,27.1,85.7
15,02,00,32,27.1,85.4
15,03,00,17,27.1,85.8
15,04,00,19,27.1,85.5
15,05,00,14,27.1,85.7
15,06,00,17,27.1,85.7
15,07,00,17,27.1,85.8
15,08,00,6,27.1,86.1
15,09,00,19,27.1,85.8
15,10,00,22,27.1,86.3
15,11,00,25,27.1,86
15,12,00,14,27.1,86.5
15,13,00,20,27.1,86.5
15,14,00,30,27.1,86.4
15,15,00,9,27.1,86.1
15,16,00,21,27.1,85.9
15,17,00,27,27.1,86.4
15,18,00,24,27.1,86.4
15,19,00,23,27.1,86.3
15,20,00,19,27.1,86.4
15,21,00,19,27.1,86.1
15,22,00,16,27.1,86.4
15,23,00,7,27.1,86.1
15,24,00,33,27.1,86.1
15,25,00,12,27.1,85.8
15,26,00,11,27.1,85.5
15,27,00,10,27.1,85.7
15,28,00,15,27.1,85.7
15,29,00,20,27,85.6
15,30,00,11,27,85.7
15,31,00,20,27,85.8
15,32,00,22,27,85.9
15,33,00,14,27,86
15,34,00,17,27,85.8
15,35,00,12,27,85.5
15,36,00,20,27.1,85.3
15,37,00,16,27.1,85.4
15,38,00,16,27,85.6
15,39,00,26,27,85.6
15,40,00,28,27,85.4
15,41,00,25,27,85.5
15,42,00,21,27,85.4
15,43,00,17,27,85.3
15,44,00,17,27,84.9
15,45,00,25,27.1,84.4
15,46,00,10,27.1,84.8
15,47,00,26,27.1,84.5
15,48,00,19,27,84.6
15,49,00,22,27,84.6
15,50,00,22,27.1,84.6
15,51,00,19,27.1,84.6
15,52,00,16,27.1,84.7
15,53,00,16,27.1,84.9
15,54,00,19,27.1,85.2
15,55,00,12,27,85.1
15,56,00,24,27.1,85
15,57,00,20,27.1,84.8
15,58,00,17,27.2,84.6
15,59,00,24,27.2,84.5
16,00,00,27,27.2,84.3
16,01,00,31,27.2,84.5
16,02,00,22,27.1,84.7
16,03,00,14,27.1,84.9
16,04,00,20,27.1,85
16,05,00,22,27.1,84.9
16,06,00,9,27.1,84.5
16,07,00,17,27.1,84.5
16,08,00,16,27.1,84.5
16,09,00,7,27.1,84.5
16,10,00,23,27.1,84.5
16,11,00,24,27.1,84.5
16,12,00,12,27.1,84.8
16,13,00,19,27.1,85
16,14,00,20,27,85.1
16,15,00,8,27,85.2
16,16,00,11,27,85.1
16,17,00,16,27,84.6
16,18,00,25,27,84.2
16,19,00,22,27,84
16,20,00,18,27,84.2
16,21,00,23,26.9,84.3
16,22,00,15,26.9,84.4
16,23,00,21,26.9,84.4
16,24,00,15,26.9,84.1
16,25,00,13,26.9,83.9
16,26,00,20,26.9,83.8
16,27,00,21,26.9,83.8
16,28,00,16,26.9,83.6
16,29,00,22,26.9,83.7
16,30,00,15,26.9,83.9
16,31,00,23,26.9,83.4
16,32,00,18,26.9,83.6
16,33,00,16,26.9,83.3
16,34,00,21,26.9,83.8
16,35,00,11,26.9,83.4
16,36,00,11,26.9,83
16,37,00,17,26.8,83.3
16,38,00,13,26.8,83.3
16,39,00,15,26.8,83.1
16,40,00,18,26.8,83.2
16,41,00,5,26.8,83.4
16,42,00,14,26.8,83.2
16,43,00,22,26.8,83
16,44,00,12,26.8,83.2
16,45,00,24,26.8,83.1
16,46,00,20,26.8,83.1
16,47,00,9,26.9,82.9
16,48,00,25,26.8,83.2
16,49,00,10,26.8,83.4
16,50,00,10,26.8,83.1
16,51,00,12,26.9,82.9
16,52,00,9,26.8,83.2
16,53,00,23,26.9,83
16,54,00,26,26.8,83.3
16,55,00,15,26.8,83.1
16,56,00,17,26.8,83.3
16,57,00,12,26.6,83.8
16,58,00,18,26.4,84.5
16,59,00,29,26.1,85.1
17,00,00,18,26,85.9
17,01,00,20,26.1,85.7
17,02,00,13,26.2,85.3
17,03,00,27,26.3,84.7
17,04,00,18,26.4,84.7
17,05,00,13,26.5,84.6
17,06,00,10,26.6,84.4
17,07,00,27,26.6,84.2
17,08,00,14,26.6,84.2
17,09,00,14,26.4,84.3
17,10,00,17,26.3,85.4
17,11,00,17,26.2,85.4
17,12,00,20,26.1,85.5
17,13,00,20,25.9,86.2
17,14,00,14,25.8,86.7
17,15,00,8,25.9,86.4
17,16,00,16,25.9,86.4
17,17,00,23,26,86.4
17,18,00,18,26,86.4
17,19,00,24,25.9,86.5
17,20,00,22,25.9,86.6
17,21,00,16,25.9,86.7
17,22,00,25,25.9,86.5
17,23,00,19,26,86.3
17,24,00,13,25.9,86.6
17,25,00,23,26,86
17,26,00,10,26,86
17,27,00,18,26,85.2
17,28,00,19,26,85.1
17,29,00,10,25.9,84.6
17,30,00,22,25.9,85.2
17,31,00,16,25.9,84.8
17,32,00,18,25.9,83.8
17,33,00,16,25.7,84.4
17,34,00,17,25.7,84.3
17,35,00,25,25.7,84.5
17,36,00,13,25.5,84.4
17,37,00,20,25.3,84.6
17,38,00,7,25.3,85.1
17,39,00,10,25.3,85.2
17,40,00,22,25.4,85.1
17,41,00,27,25.5,84.6
17,42,00,24,25.5,84.1
17,43,00,16,25.5,84.2
17,44,00,25,25.6,84
17,45,00,23,25.7,83.7
17,46,00,23,25.6,83.2
17,47,00,24,25.6,83.4
17,48,00,23,25.6,83
17,49,00,21,25.5,83
17,50,00,15,25.5,82.5
17,51,00,15,25.4,83.2
17,52,00,16,25.4,83.3
17,53,00,12,25.6,82.8
17,54,00,18,25.7,82.4
17,55,00,14,25.7,82.5
17,56,00,24,25.7,82.4
17,57,00,12,25.8,82.3
17,58,00,13,25.7,82.8
17,59,00,13,25.8,82.6
18,00,00,10,25.7,82.3
18,01,00,20,25.6,83.3
18,02,00,16,25.7,83.3
18,03,00,31,25.7,82.8
18,04,00,14,25.5,82.6
18,05,00,16,25.2,82.9
18,06,00,14,25.2,83.3
18,07,00,18,25.3,83
18,08,00,13,25.5,82.9
18,09,00,17,25.6,82.5
18,10,00,27,25.7,82.2
18,11,00,21,25.8,81.9
18,12,00,11,25.9,81.4
18,13,00,20,25.9,81.6
18,14,00,11,26,81.5
18,15,00,15,26,81.5
18,16,00,17,26,81.4
18,17,00,24,26,81.6
18,18,00,13,26,81.6
18,19,00,17,26,81.6
18,20,00,18,26,81.7
18,21,00,14,26,81.8
18,22,00,17,26.1,81.7
18,23,00,24,26.1,81.6
18,24,00,23,26.1,81.6
18,25,00,13,26.2,81.5
18,26,00,24,26.2,81.4
18,27,00,11,26.2,81.2
18,28,00,14,26.2,81.1
18,29,00,15,26.3,81.1
18,30,00,19,26.3,81
18,31,00,23,26.3,80.9
18,32,00,16,26.3,81.1
18,33,00,16,26.2,81.4
18,34,00,17,26.2,81.5
18,35,00,29,26.2,81.6
18,36,00,24,26.2,81.7
18,37,00,16,26.2,81.6
18,38,00,9,26.2,81.5
18,39,00,25,26.2,81.4
18,40,00,15,26.3,81.3
18,41,00,16,26.2,81.3
18,42,00,21,26.3,81.4
18,43,00,13,26.2,81.3
18,44,00,7,26.3,81.3
18,45,00,18,26.3,81.2
18,46,00,13,26.3,81.2
18,47,00,15,26.3,81.3
18,48,00,6,26.3,81.2
18,49,00,14,26.3,81.1
18,50,00,21,26.3,81.1
18,51,00,28,26.3,81
18,52,00,23,26.3,81
18,53,00,21,26.3,80.9
18,54,00,24,26.3,80.9
18,55,00,29,26.3,80.8
18,56,00,14,26.3,80.8
18,57,00,16,26.3,80.9
18,58,00,14,26.3,80.9
18,59,00,14,26.3,81
19,00,00,20,26.3,81
19,01,00,17,26.3,81
19,02,00,19,26.2,81.1
19,03,00,14,26.2,81.1
19,04,00,15,26.2,81.3
19,05,00,18,26.2,81.3
19,06,00,13,26.2,81.3
19,07,00,17,26,81.9
19,08,00,22,25.6,83
19,09,00,22,25.5,83.7
19,10,00,21,25.5,83.7
19,11,00,12,25.3,84.4
19,12,00,10,25.3,84.6
19,13,00,16,25.4,84.3
19,14,00,25,25.5,84.2
19,15,00,29,25.5,83.9
19,16,00,20,25.7,83.5
19,17,00,34,25.7,83.2
19,18,00,14,25.7,83.1
19,19,00,24,25.6,83
19,20,00,17,25.6,83.2
19,21,00,22,25.6,82.9
19,22,00,22,25.4,83.3
19,23,00,23,25.3,83.6
19,24,00,12,25.2,84.1
19,25,00,13,25.2,84.3
19,26,00,19,25.4,84
19,27,00,19,25.5,83.6
19,28,00,23,25.6,83.3
19,29,00,25,25.6,83.1
19,30,00,16,25.6,83.1
19,31,00,14,25.6,83.2
19,32,00,22,25.3,83.6
19,33,00,24,25.1,84.4
19,34,00,14,24.9,85.1
19,35,00,35,24.9,85.2
19,36,00,23,25.1,84.9
19,37,00,23,25.3,84.3
19,38,00,18,25.4,84
19,39,00,26,25.5,83.6
19,40,00,19,25.5,83.5
19,41,00,17,25.2,84.2
19,42,00,11,25.2,84.6
19,43,00,19,25.3,84.4
19,44,00,27,25.3,84.5
19,45,00,18,25.5,84.1
19,46,00,24,25.6,83.7
19,47,00,19,25.7,83.3
19,48,00,19,25.7,83.1
19,49,00,31,25.8,82.9
19,50,00,21,25.8,82.8
19,51,00,15,25.9,82.6
19,52,00,25,25.9,82.7
19,53,00,17,25.9,82.6
19,54,00,10,25.9,82.5
19,55,00,21,25.9,82.4
19,56,00,14,26,82.4
19,57,00,20,26,82.4
19,58,00,12,26,82.4
19,59,00,18,26,82.4
20,00,00,7,26,82.5
20,01,00,22,26,82.3
20,02,00,20,26,82.4
20,03,00,17,26,82.7
20,04,00,20,25.9,82.8
20,05,00,20,26,82.8
20,06,00,31,26,82.8
20,07,00,12,26,82.7
20,08,00,21,25.9,82.9
20,09,00,15,25.9,83
20,10,00,30,25.9,82.9
20,11,00,14,25.9,83.3
20,12,00,23,25.9,83.3
20,13,00,19,25.9,83.5
20,14,00,17,25.9,83.4
20,15,00,21,25.7,83.9
20,16,00,14,25.7,84
20,17,00,20,25.7,83.8
20,18,00,23,25.7,83.6
20,19,00,16,25.5,84.3
20,20,00,21,25.3,85.1
20,21,00,29,25.4,84.9
20,22,00,14,25.4,84.7
20,23,00,18,25.5,84.6
20,24,00,30,25.6,84.3
20,25,00,12,25.7,84
20,26,00,26,25.7,83.8
20,27,00,23,25.8,83.8
20,28,00,11,25.8,83.5
20,29,00,18,25.7,83.5
20,30,00,17,25.4,84.5
20,31,00,26,25.3,85.1
20,32,00,25,25.4,84.6
20,33,00,23,25.5,84.4
20,34,00,28,25.6,84.3
20,35,00,15,25.6,84.1
20,36,00,8,25.7,83.9
20,37,00,12,25.8,83.7
20,38,00,11,25.8,83.6
20,39,00,21,25.8,83.6
20,40,00,12,25.8,83.5
20,41,00,25,25.8,83.3
20,42,00,15,25.8,83.2
20,43,00,16,25.8,83.2
20,44,00,21,25.9,83.2
20,45,00,21,25.9,83.1
20,46,00,20,25.9,83.1
20,47,00,31,25.9,83.1
20,48,00,22,25.9,83.3
20,49,00,26,25.9,83.1
20,50,00,28,25.8,83.2
20,51,00,24,25.7,83.5
20,52,00,14,25.7,83.7
20,53,00,11,25.7,83.8
20,54,00,16,25.8,83.6
20,55,00,23,25.8,83.4
20,56,00,14,25.7,83.5
20,57,00,23,25.7,83.5
20,58,00,19,25.7,83.4
20,59,00,13,25.8,83.3
21,00,00,10,25.8,83.3
21,01,00,28,25.8,83.2
21,02,00,15,25.8,83.2
21,03,00,30,25.8,83.2
21,04,00,15,25.8,83.1
21,05,00,16,25.8,83.1
21,06,00,23,25.8,83.1
21,07,00,12,25.9,82.8
21,08,00,13,25.9,82.9
21,09,00,17,25.8,83.1
21,10,00,12,25.6,83.4
21,11,00,29,25.6,83.7
21,12,00,19,25.6,83.8
21,13,00,28,25.7,83.6
21,14,00,26,25.7,83.4
21,15,00,22,25.7,83.4
21,16,00,11,25.7,83.3
21,17,00,14,25.6,83.6
21,18,00,20,25.6,83.7
21,19,00,18,25.7,83.5
21,20,00,20,25.7,83.3
21,21,00,26,25.7,83.3
21,22,00,20,25.8,83.2
21,23,00,12,25.8,83.2
21,24,00,15,25.8,83.1
21,25,00,10,25.8,83.1
21,26,00,21,25.8,83.1
21,27,00,20,25.8,82.9
21,28,00,27,25.8,82.9
21,29,00,25,25.8,82.7
21,30,00,19,25.8,82.7
21,31,00,17,25.8,83
21,32,00,28,25.8,83
21,33,00,23,25.7,83.2
21,34,00,20,25.7,83.5
21,35,00,14,25.7,83.6
21,37,00,9,25.8,82.9
21,38,00,17,25.8,82.8
21,39,00,21,25.9,82.6
21,40,00,32,25.8,82.5
21,41,00,13,25.8,82.5
21,42,00,19,25.8,82.5
21,43,00,13,25.8,82.6
21,44,00,13,25.8,82.5
21,45,00,24,25.8,82.5
21,46,00,17,25.9,82.4
21,47,00,14,25.8,82.6
21,48,00,14,25.8,82.8
21,49,00,21,25.8,82.8
21,50,00,13,25.8,82.9
21,51,00,26,25.8,82.9
21,52,00,19,25.8,82.8
21,53,00,8,25.8,82.8
21,54,00,14,25.9,82.7
21,55,00,11,25.9,82.6
21,56,00,22,25.9,82.5
21,57,00,16,25.9,82.3
21,58,00,27,25.7,83
21,59,00,13,25.2,84.2
22,00,00,12,25.2,84.7
22,01,00,21,25.4,84.4
22,02,00,28,25.5,83.7
22,03,00,14,25.5,83.5
22,04,00,14,25.6,83.4
22,05,00,20,25.6,83.3
22,06,00,14,25.6,83.2
22,07,00,21,25.6,83.2
22,08,00,14,25.6,83.3
22,09,00,9,25.6,83.1
22,10,00,18,25.6,83.1
22,11,00,18,25.7,82.7
22,12,00,16,25.7,82.8
22,13,00,13,25.6,82.8
22,14,00,23,25.6,82.9
22,15,00,9,25.6,82.8
22,16,00,13,25.6,82.9
22,17,00,14,25.6,82.8
22,18,00,24,25.6,82.8
22,19,00,19,25.6,82.8
22,20,00,13,25.6,82.6
22,21,00,14,25.6,82.7
22,22,00,17,25.6,82.6
22,23,00,16,25.6,82.5
22,24,00,17,25.6,82.3
22,25,00,11,25.4,82.6
22,26,00,19,25.4,82.7
22,27,00,8,25.5,82.9
22,28,00,19,25.6,82.5
22,29,00,27,25.6,82.3
22,30,00,22,25.4,82.5
22,31,00,19,25.3,82.8
22,32,00,23,25.1,83.6
22,33,00,13,25.2,83.6
22,34,00,25,25.3,83.4
22,35,00,22,25.4,83.2
22,36,00,20,25.5,82.9
22,37,00,15,25.5,82.7
22,38,00,22,25.6,82.5
22,39,00,22,25.6,82.5
22,40,00,18,25.7,82.1
22,41,00,20,25.7,81.7
22,42,00,20,25.4,82.2
22,43,00,19,25.1,83.2
22,44,00,25,25.1,83.3
22,45,00,19,25.2,83.3
22,46,00,23,25.3,83
22,47,00,10,25.4,82.7
22,48,00,10,25.5,82.5
22,49,00,10,25.5,82.3
22,50,00,17,25.6,82.1
22,51,00,15,25.6,82
22,52,00,20,25.6,82.1
22,53,00,7,25.6,82.1
22,54,00,16,25.6,82.1
22,55,00,25,25.6,82.2
22,56,00,20,25.6,82.1
22,57,00,12,25.6,82.2
22,58,00,13,25.6,82.2
22,59,00,23,25.6,82.3
23,00,00,20,25.6,82.5
23,01,00,16,25.6,82.5
23,02,00,13,25.6,82.5
23,03,00,20,25.6,82.4
23,04,00,14,25.6,82.6
23,05,00,13,25.6,82.5
23,06,00,15,25.6,82.4
23,07,00,14,25.7,82.2
23,08,00,12,25.7,82.1
23,09,00,25,25.7,82
23,10,00,15,25.7,81.9
23,11,00,30,25.7,81.8
23,12,00,21,25.7,81.9
23,13,00,13,25.7,81.8
23,14,00,16,25.7,81.8
23,15,00,19,25.7,81.7
23,16,00,10,25.7,81.7
23,17,00,16,25.7,81.7
23,18,00,23,25.7,81.7
23,19,00,9,25.7,81.8
23,20,00,17,25.7,81.8
23,21,00,17,25.7,81.8
23,22,00,22,25.7,81.9
23,23,00,12,25.7,81.9
23,24,00,19,25.7,82
23,25,00,17,25.7,82
23,26,00,16,25.7,82.1
23,27,00,19,25.7,82.1
23,28,00,23,25.6,82.4
23,29,00,14,25.5,82.5
23,30,00,11,25.2,83.7
23,31,00,16,25.1,84.1
23,32,00,20,25.1,84.1
23,33,00,19,25.3,84
23,34,00,13,25.3,83.7
23,35,00,18,25.4,83.3
23,36,00,15,25.5,82.9
23,37,00,29,25.5,82.9
23,38,00,18,25.5,82.9
23,39,00,12,25.5,82.7
23,40,00,16,25.5,82.6
23,41,00,24,25.4,83
23,42,00,20,25.4,83.1
23,43,00,11,25.4,83.3
23,44,00,11,25.4,83.5
23,45,00,18,25.4,83.4
23,46,00,16,25.4,83.5
23,47,00,10,25.4,83.6
23,48,00,10,25.4,83.5
23,49,00,19,25.4,83.4
23,50,00,15,25.5,83.5
23,51,00,17,25.5,83.8
23,52,00,19,25.4,83.9
23,53,00,11,25.4,84.2
23,54,00,14,25.3,84.2
23,55,00,13,25.3,84.3
23,56,00,15,25.3,84.3
23,57,00,21,25.3,84.2
23,58,00,17,25.4,84
23,59,00,28,25.4,83.8
