TIME,CPM,TEMP,HUM
00:00,14,25.4,85.7
00:01,21,25.4,85.6
00:02,18,25.4,85.8
00:03,13,25.3,85.8
00:04,13,25.3,85.9
00:05,21,25.3,85.9
00:06,16,25.4,85.8
00:07,13,25.4,85.9
00:08,25,25.4,85.8
00:09,19,25.4,85.7
00:10,18,25.5,85.5
00:11,11,25.5,85.5
00:12,15,25.5,85.4
00:13,14,25.5,85.3
00:14,18,25.5,85.4
00:15,30,25.6,85.1
00:16,31,25.6,84.9
00:17,14,25.5,84.9
00:18,9,25.5,85
00:19,24,25.4,85.2
00:20,12,25.4,85.3
00:21,17,25.4,85.2
00:22,21,25.4,85.2
00:23,12,25.4,85.3
00:24,21,25.4,85.4
00:25,20,25.3,85.3
00:26,16,25.3,85.4
00:27,12,25.3,85.6
00:28,24,25.3,85.6
00:29,16,25.3,85.7
00:30,22,25.3,85.5
00:31,14,25.4,85.4
00:32,20,25.4,85.2
00:33,13,25.5,85
00:34,18,25.5,84.9
00:35,9,25.5,84.6
00:36,21,25.5,84.5
00:37,14,25.5,84.5
00:38,24,25.5,84.7
00:39,18,25.5,84.6
00:40,25,25.4,84.8
00:41,13,25.4,84.9
00:42,25,25.3,85
00:43,32,25.3,85.1
00:44,19,25.3,85.1
00:45,8,25.3,85.2
00:46,19,25.3,85.2
00:47,12,25.3,85.3
00:48,19,25.3,85.1
00:49,12,25.3,85.1
00:50,27,25.3,85.3
00:51,17,25.4,85.1
00:52,31,25.5,84.7
00:53,6,25.4,84.5
00:54,15,25.4,84.5
00:55,13,25.4,84.8
00:56,14,25.3,84.9
00:57,14,25.3,85.1
00:58,26,25.3,85.2
00:59,9,25.3,85.2
01:00,21,25.3,85.3
01:01,13,25.3,85.3
01:02,13,25.3,85.1
01:03,21,25.3,84.8
01:04,9,25.3,84.9
01:05,28,25.3,85
01:06,15,25.4,85
01:07,26,25.4,84.8
01:08,14,25.4,84.6
01:09,12,25.4,84.6
01:10,15,25.5,84.2
01:11,25,25.5,84
01:12,11,25.5,84.2
01:13,12,25.5,84.2
01:14,20,25.5,84.2
01:15,17,25.5,84.1
01:16,20,25.4,84.2
01:17,36,25.4,84.3
01:18,16,25.4,84.3
01:19,17,25.4,84.2
01:20,20,25.3,84.4
01:21,5,25.3,84.7
01:22,16,25.4,84.7
01:23,11,25.4,84.4
01:24,16,25.4,84.2
01:25,20,25.4,84.2
01:26,20,25.4,84.3
01:27,17,25.4,84.3
01:28,14,25.5,84.1
01:29,17,25.4,84
01:30,13,25.4,84.1
01:31,19,25.4,84.3
01:32,19,25.4,84.3
01:33,10,25.4,84.1
01:34,18,25.4,84.3
01:35,23,25.3,84.4
01:36,20,25.3,84.5
01:37,20,25.4,84.5
01:38,25,25.4,84.3
01:39,22,25.4,84.1
01:40,26,25.5,83.9
01:41,20,25.5,83.9
01:42,20,25.5,83.8
01:43,17,25.5,83.8
01:44,17,25.5,83.8
01:45,21,25.5,84.1
01:46,28,25.5,83.8
01:47,30,25.4,83.9
01:48,12,25.4,84.2
01:49,25,25.3,84
01:50,24,25.3,84.3
01:51,15,25.2,84.4
01:52,13,25.2,84.5
01:53,19,25.3,84.3
01:54,36,25.3,84.1
01:55,14,25.2,84.2
01:56,18,25.2,84.6
01:57,14,25.2,84.6
01:58,32,25.2,84.7
01:59,26,25.2,84.6
02:00,25,25.2,84.3
02:01,27,25.2,84.4
02:02,12,25.2,84.2
02:03,14,25.2,84.3
02:04,18,25.1,84.5
02:05,19,25.1,84.6
02:06,14,25.1,84.2
02:07,25,25.1,84.5
02:08,27,25.1,84.6
02:09,17,25.1,84.6
02:10,13,25.1,84.6
02:11,13,25.1,84.5
02:12,18,25.1,84.4
02:13,12,25.2,84.3
02:14,23,25.2,84.3
02:16,16,25,84.9
02:17,19,25.1,84.7
02:18,35,25.1,84.5
02:19,20,25.1,84.6
02:20,20,25.1,84.5
02:21,20,25.2,84.2
02:22,11,25.2,84.2
02:23,22,25.2,84.4
02:24,13,25.2,84.3
02:25,23,25.2,84.4
02:26,26,25.2,84.4
02:27,28,25.2,84.3
02:28,18,25.2,84.3
02:29,18,25.3,84
02:30,23,25.3,83.8
02:31,14,25.2,84
02:32,24,25.2,84.2
02:33,11,25.1,84.4
02:34,15,25.1,84.5
02:35,21,25.2,84.4
02:36,18,25.2,84
02:37,21,25.2,84.1
02:38,13,25.1,84.1
02:39,8,25.2,83.8
02:40,10,25.2,83.8
02:41,22,25.2,83.7
02:42,14,25.2,83.9
02:43,12,25.2,84.2
02:44,26,25.2,83.7
02:45,11,25.2,83.5
02:46,12,25.1,84.1
02:47,25,25.1,83.9
02:48,21,25.1,83.9
02:49,20,25.1,83.8
02:50,18,25.1,83.8
02:51,20,25.1,83.6
02:52,17,25.1,83.8
02:53,22,25.1,83.4
02:54,18,25.1,83.5
02:55,12,25.1,83.5
02:56,18,25.1,83.7
02:57,20,25.1,83.8
02:58,16,25,83.9
02:59,13,25.1,84.1
03:00,20,25.1,84.1
03:01,18,25.1,83.9
03:02,21,25.1,83.9
03:03,17,25.2,83.9
03:04,21,25.3,83.3
03:05,23,25.3,83.2
03:06,23,25.3,83.1
03:07,10,25.2,83.1
03:08,19,25.2,83.2
03:09,22,25.1,83.5
03:10,16,25.1,83.6
03:11,11,25.2,83.5
03:12,19,25.3,83.1
03:13,28,25.3,82.9
03:14,17,25.3,83.2
03:15,11,25.3,83.1
03:16,22,25.4,82.7
03:17,29,25.4,82.8
03:18,28,25.4,82.2
03:19,15,25.4,82.3
03:20,19,25.3,82.5
03:21,24,25.4,82.3
03:22,19,25.4,81.8
03:23,17,25.3,82.2
03:24,17,25.2,82.5
03:25,14,25.2,83
03:26,17,25.2,82.9
03:27,21,25.2,82.5
03:28,17,25.2,82.5
03:29,11,25.1,83
03:30,16,25.1,83
03:31,16,25.2,82.6
03:32,14,25.2,82.6
03:33,20,25.2,82.6
03:34,18,25.2,82.8
03:35,13,25.3,82.6
03:36,13,25.2,82.8
03:37,30,25.2,83
03:38,16,25.2,82.7
03:39,28,25.2,82.6
03:40,11,25.1,82.9
03:41,22,25.1,83
03:42,20,25.2,82.9
03:43,19,25.1,82.7
03:44,19,25.1,83
03:45,13,25.1,83
03:46,12,25.2,82.9
03:47,16,25.2,82.9
03:49,14,25.3,82.3
03:50,21,25.4,82
03:51,19,25.3,81.7
03:52,21,25.2,82.2
03:53,17,25.2,82.1
03:54,18,25.2,82
03:55,28,25.2,82.4
03:56,18,25.3,82.2
03:57,22,25.3,81.7
03:58,23,25.2,82.2
03:59,23,25.1,82
04:00,18,25.1,82.5
04:01,15,25.2,82.5
04:02,36,25.2,82.1
04:03,10,25.2,82.3
04:04,11,25.1,82.4
04:05,21,25.2,81.8
04:06,17,25.1,82.3
04:07,18,25.1,82.5
04:08,15,25,82.5
04:09,13,25,82.7
04:10,14,25,82.8
04:11,14,25.1,82.7
04:12,32,25.1,82.4
04:13,12,25.1,82.6
04:14,24,25,82.5
04:15,19,25.1,82.4
04:16,13,25.1,81.9
04:17,12,25,82.2
04:18,13,25,82.1
04:19,21,25,82.5
04:20,18,25,82.6
04:21,9,25,82.2
04:22,14,25,82.4
04:23,19,25,82.7
04:24,29,25.1,82.3
04:25,25,25.1,82
04:26,15,25,82.1
04:27,21,25,82.4
04:28,19,25,82.4
04:29,16,25,82.5
04:30,23,25,82.7
04:31,14,25.1,82.6
04:32,14,25.1,82.1
04:33,19,25.2,82.2
04:34,20,25.2,82
04:35,13,25.2,82.1
04:36,17,25.1,81.9
04:37,18,25,82.2
04:38,23,25,82.3
04:39,17,25,82.4
04:40,21,25,82.4
04:41,19,25,82.4
04:42,23,25.1,82.2
04:43,15,25.1,81.8
04:44,21,25.1,81.7
04:45,13,25.2,81.6
04:46,14,25.2,81.6
04:47,18,25.2,81.6
04:48,20,25.2,81.9
04:49,18,25.2,81.7
04:50,10,25.2,81.7
04:51,15,25.3,81.7
04:52,13,25.3,81.4
04:53,27,25.2,81.8
04:54,21,25.2,81.9
04:55,19,25.2,81.9
04:56,9,25.2,81.6
04:57,13,25.2,81.5
04:58,20,25.2,81.6
04:59,18,25.1,81.5
05:00,5,25.2,81.5
05:01,8,25.2,81.6
05:02,22,25.2,81.4
05:03,18,25.2,81.3
05:04,14,25.2,81.4
05:05,20,25.1,81.6
05:06,19,25.1,81.3
05:07,17,25.1,81.4
05:08,16,25.1,81.5
05:09,22,25,81.4
05:10,19,25,81.3
05:11,16,25.1,81.3
05:12,18,25.1,81.2
05:13,21,25.1,81.2
05:14,33,25.1,81.3
05:15,19,25.1,81.2
05:16,15,25.1,81.1
05:17,19,25.1,81.1
05:18,14,25,81.1
05:19,12,25,81.1
05:20,21,25,81.3
05:21,25,25,81.1
05:22,16,25,81.2
05:23,26,25,81.2
05:24,9,24.9,81.3
05:25,22,24.9,81.1
05:26,12,24.9,81.2
05:27,14,24.9,81.5
05:28,19,25,81.5
05:29,17,24.9,81.4
05:30,20,24.9,81.4
05:31,19,24.9,81.5
05:32,14,24.9,81.5
05:33,17,24.9,81.3
05:34,21,24.9,81.3
05:35,14,25,81.3
05:36,18,25,81.2
05:37,14,25,81.1
05:38,12,25,81
05:39,15,24.9,81
05:40,10,24.9,80.9
05:41,15,24.9,81
05:42,24,24.9,80.9
05:43,22,24.8,81.2
05:44,23,24.9,81.2
05:45,20,25,80.8
05:46,23,25,80.7
05:47,14,25,81
05:48,16,25,81
05:49,19,24.8,81.1
05:50,21,24.5,81.5
05:51,16,24.4,81.7
05:52,18,24.4,81.8
05:53,18,24.4,82.2
05:54,14,24.5,82
05:55,26,24.5,82.4
05:56,11,24.5,82.1
05:57,21,24.5,82
05:58,16,24.6,82
05:59,21,24.6,82
06:00,18,24.4,82.7
06:01,18,24.4,82.9
06:02,17,24.5,82.5
06:03,23,24.5,82.4
06:04,13,24.5,82.6
06:05,16,24.4,82.6
06:06,22,24.2,83.3
06:07,17,24.2,83.7
06:08,15,24.3,83.4
06:09,7,24.3,83.3
06:10,26,24.1,83.7
06:11,25,24.2,83.9
06:12,18,24.3,83.3
06:13,22,24.3,83.2
06:14,18,24.4,82.9
06:15,10,24.5,82.1
06:16,20,24.4,81.5
06:17,18,24.5,81.3
06:18,26,24.6,81
06:19,21,24.6,80.9
06:20,26,24.6,80.7
06:21,23,24.7,80.4
06:22,21,24.7,80.4
06:23,16,24.7,80.5
06:24,32,24.7,80.4
06:25,23,24.8,79.9
06:26,22,24.8,79.9
06:27,20,24.8,79.7
06:28,20,24.9,79.4
06:29,23,24.9,79.6
06:30,20,24.9,79.3
06:31,11,25,79.5
06:32,18,24.9,79.6
06:33,19,24.9,79.7
06:34,11,25,79.8
06:35,23,25,80.2
06:36,26,25,80.1
06:37,18,25,79.9
06:38,12,24.9,79.8
06:39,22,25,79.7
06:40,21,24.9,79.8
06:41,25,24.9,80
06:42,21,25,80
06:43,13,25,80.2
06:44,35,25,80
06:45,23,25.1,79.5
06:46,16,25.1,79.3
06:47,24,25,79.7
06:48,15,25.1,79.1
06:49,17,25.1,79.3
06:50,31,25.1,79.6
06:51,14,25.1,79.6
06:52,6,25.1,79.8
06:53,16,25.1,79.9
06:54,11,25.1,79.8
06:55,21,25.1,79.8
06:56,14,25.1,80.1
06:57,26,25.1,80.2
06:58,16,25.1,80.3
06:59,14,25.1,80.4
07:00,24,25.1,80.4
07:01,16,25.1,80.3
07:02,18,25.1,80.5
07:03,21,25.1,80.4
07:04,13,25.2,80.3
07:05,17,25.2,80.5
07:06,17,25.2,80.7
07:07,18,25.2,80.6
07:08,22,25.2,80.6
07:09,20,25.2,80.4
07:10,22,25.2,80.5
07:11,25,25.2,80.2
07:12,20,25.2,80.5
07:13,20,25.3,80.3
07:14,21,25.3,80.4
07:15,16,25.3,80.2
07:17,22,25.2,80.8
07:18,23,25.2,80.8
07:19,14,25.3,80.6
07:20,22,25.3,80.5
07:22,16,25.3,80.6
07:23,18,25.3,80.4
07:24,9,25.3,80.4
07:25,21,25.4,80.1
07:26,17,25.3,80.2
07:27,29,25.3,80.5
07:28,20,25.3,80.6
07:29,13,25.4,80.4
07:30,17,25.3,80.4
07:31,19,25.3,80.6
07:32,17,25.3,80.5
07:33,13,25.3,80.7
07:34,24,25.3,80.7
07:35,18,25.4,80.5
07:36,24,25.3,80.5
07:37,19,25.4,80.5
07:38,15,25.4,80.6
07:39,21,25.4,80.4
07:40,15,25.4,80.4
07:41,15,25.4,80.9
07:42,11,25.3,81.1
07:43,31,25.3,81.1
07:44,7,25.3,81.1
07:45,26,25.4,80.9
07:46,19,25.4,81.1
07:47,20,25.4,81
07:48,21,25.4,81
07:49,31,25.4,81
07:50,20,25.4,80.7
07:51,24,25.4,81
07:52,20,25.4,80.9
07:53,22,25.4,80.9
07:54,31,25.4,80.9
07:55,22,25.4,81.1
07:56,14,25.5,80.8
07:57,19,25.5,80.9
07:58,17,25.5,80.8
07:59,9,25.5,80.9
08:00,18,25.4,81.1
08:01,24,25.4,81.1
08:02,11,25.5,81
08:03,20,25.4,81.2
08:04,22,25.4,81.3
08:05,34,25.4,81.4
08:06,27,25.3,81.4
08:07,19,25.3,81.6
08:08,27,25.3,81.7
08:09,29,25.3,81.8
08:10,19,25.3,81.9
08:11,13,25.3,81.9
08:12,18,25.3,81.9
08:13,20,25.3,81.8
08:14,22,25.3,81.9
08:15,26,25.3,82.1
08:16,16,25.3,82
08:17,22,25.3,82.2
08:18,18,25.3,82.2
08:19,17,25.3,82.2
08:20,19,25.3,82.3
08:21,19,25.4,82.1
08:22,14,25.3,82.3
08:23,6,25.3,82.3
08:24,26,25.4,82.4
08:25,24,25.4,82.4
08:26,21,25.4,82.3
08:27,21,25.4,82.2
08:28,15,25.5,82.2
08:29,27,25.5,82.3
08:30,27,25.5,82.4
08:31,26,25.5,82.5
08:32,30,25.5,82.5
08:33,23,25.5,82.4
08:34,15,25.5,82.2
08:35,13,25.5,82.5
08:36,18,25.5,82.6
08:37,20,25.5,82.5
08:38,26,25.6,82.3
08:39,18,25.6,82.2
08:40,23,25.5,82.4
08:41,26,25.6,82.4
08:42,12,25.6,82.3
08:43,19,25.6,82.5
08:44,10,25.6,82.3
08:45,21,25.6,82.2
08:46,18,25.6,82.3
08:47,16,25.6,82.4
08:48,24,25.7,82.3
08:49,23,25.7,82.4
08:50,26,25.7,82.3
08:51,34,25.7,82.4
08:52,26,25.7,82.2
08:54,32,25.7,82.2
08:55,14,25.7,82.2
08:56,22,25.7,82.2
08:57,22,25.7,82.1
08:58,33,25.7,82.1
08:59,15,25.7,82.1
09:00,29,25.7,82.4
09:01,32,25.7,82.4
09:02,32,25.7,82.2
09:03,25,25.7,82.2
09:04,17,25.7,82.2
09:05,27,25.7,82.1
09:06,15,25.7,82.2
09:07,29,25.8,82.2
09:08,15,25.8,82.2
09:09,22,25.8,82.1
09:10,20,25.8,82
09:11,20,25.8,82.1
09:12,21,25.8,82.2
09:13,17,25.8,81.8
09:14,24,25.8,81.8
09:15,17,25.8,81.5
09:16,28,25.9,81.1
09:17,21,25.9,80.9
09:18,27,25.8,80.6
09:19,40,25.9,80.4
09:20,13,25.9,80.8
09:21,25,25.9,80.7
09:22,23,25.8,80.5
09:23,18,25.8,80.6
09:24,11,25.8,80.5
09:25,17,25.9,80.5
09:26,27,25.9,80.5
09:27,37,25.9,80.6
09:28,32,25.9,80.5
09:29,23,25.9,79.8
09:30,15,25.9,80.1
09:31,33,25.9,80
09:32,23,25.9,80
09:33,16,25.9,79.5
09:34,25,25.9,79.3
09:35,28,26,79
09:36,18,26,78.8
09:37,22,26,78.8
09:38,26,26,78.9
09:39,24,26,78.5
09:40,20,26,78.6
09:41,24,26,78.7
09:42,17,26.1,78.4
09:43,9,26.1,78.2
09:44,9,26,78
09:45,18,26.1,77.8
09:46,40,26.1,77.9
09:47,25,26.1,77.8
09:48,23,26.1,77.8
09:49,25,26.1,77.9
09:50,40,26.1,77.9
09:51,29,26.1,78.3
09:52,45,26.1,78.2
09:53,22,26.1,78.2
09:54,28,26.1,78.3
09:55,22,26.1,77.9
09:56,28,26.1,77.9
09:57,26,26.2,78.1
09:58,30,26.2,77.7
09:59,23,26.2,77.7
10:00,27,26.2,77.7
10:01,48,26.2,78
10:02,16,26.2,78
10:03,33,26.2,78
10:04,19,26.2,78.1
10:05,29,26.3,78
10:06,13,26.2,78.1
10:07,22,26.2,78.2
10:08,17,26.2,78.4
10:09,33,26.2,78.5
10:10,26,26.2,78.5
10:11,24,26.3,78.4
10:12,25,26.3,78.5
10:13,29,26.3,78.7
10:14,26,26.3,78.7
10:15,36,26.3,78.5
10:16,29,26.3,78.5
10:17,31,26.3,78.6
10:18,17,26.3,78.7
10:19,25,26.3,78.5
10:20,29,26.3,78.4
10:21,26,26.3,78.6
10:22,15,26.3,78.6
10:23,35,26.3,78.5
10:24,29,26.4,78.5
10:25,20,26.4,78.6
10:26,29,26.4,78.7
10:27,25,26.4,79
10:28,19,26.4,78.8
10:29,13,26.4,78.8
10:30,21,26.4,78.6
10:31,29,26.4,78.7
10:32,18,26.4,78.9
10:33,13,26.4,78.4
10:34,16,26.4,78.4
10:35,16,26.4,78.4
10:36,26,26.4,78.2
10:37,25,26.4,78
10:38,24,26.4,77.8
10:39,28,26.4,78.1
10:40,22,26.4,77.8
10:41,24,26.4,77.3
10:42,33,26.4,78
10:43,27,26.4,77.3
10:44,36,26.5,77.4
10:45,33,26.5,77.4
10:46,27,26.5,76.8
10:47,21,26.5,76.4
10:48,22,26.6,75.8
10:49,23,26.6,75.7
10:50,8,26.6,75.9
10:51,21,26.6,75.7
10:52,43,26.6,75.6
10:53,28,26.6,75.4
10:54,14,26.6,75
10:55,20,26.6,74.9
10:56,32,26.6,75.2
10:57,25,26.6,74.3
10:58,29,26.6,75
10:59,26,26.6,74.8
11:00,21,26.6,75.2
11:01,16,26.6,75.3
11:02,24,26.6,75.6
11:03,13,26.6,75.8
11:04,24,26.6,75.7
11:05,17,26.6,75.9
11:06,22,26.6,75.9
11:07,30,26.6,76
11:08,27,26.6,75.9
11:09,35,26.6,76.1
11:10,31,26.6,76.5
11:11,29,26.6,76.3
11:12,34,26.6,76
11:13,24,26.6,76
11:14,36,26.6,76
11:15,22,26.6,76.1
11:16,21,26.6,75.8
11:17,31,26.7,75.9
11:18,42,26.7,75.8
11:19,35,26.7,75.6
11:20,20,26.7,75.5
11:21,25,26.7,75.8
11:22,16,26.7,75.4
11:23,21,26.8,75.3
11:24,19,26.8,75.3
11:25,13,26.8,74.9
11:26,32,26.8,75
11:27,20,26.8,74.3
11:28,29,26.8,74.6
11:29,33,26.8,74.3
11:30,40,26.8,74.4
11:31,13,26.8,74
11:32,21,26.9,74.2
11:33,24,26.9,73.7
11:34,42,26.9,73.7
11:35,31,26.9,74.3
11:36,22,26.9,74.1
11:37,27,26.8,73.8
11:38,23,26.8,73.9
11:39,31,26.8,74
11:40,38,26.9,73.9
11:41,37,26.9,73.9
11:42,21,27,73.4
11:43,33,27,73.6
11:44,29,26.9,73.6
11:45,34,27,73.4
11:46,17,27,73.4
11:47,17,27,73.8
11:48,25,27,73.5
11:49,24,27,73.8
11:50,29,27,73.5
11:51,23,27,73.6
11:52,28,27,73.3
11:53,27,27,73.4
11:54,21,27,73.6
11:55,34,27,73.3
11:56,20,27,73.6
11:57,32,27,73.6
11:58,26,27.1,73.4
11:59,14,27.1,73.1
12:00,12,27.1,73.1
12:01,17,27.1,72.8
12:02,18,27.1,73.2
12:03,21,27.1,73
12:04,19,27.1,72.7
12:05,36,27.1,72.9
12:06,20,27.1,72.9
12:07,19,27.1,72.6
12:08,21,27.1,72.7
12:09,13,27.1,72.8
12:10,33,27.1,72.3
12:11,19,27.1,72.7
12:12,11,27.1,72.9
12:13,15,27.1,72.6
12:14,18,27.1,72.9
12:15,15,27.1,72.4
12:16,25,27.1,72.7
12:17,26,27,73.2
12:18,29,27,73.1
12:19,11,27,72.6
12:20,21,27.1,72.8
12:21,22,27.1,72.9
12:22,26,27.1,72.8
12:23,24,27.1,72.9
12:24,21,27.1,72.7
12:25,17,27.1,73.1
12:26,14,27.1,72.8
12:27,21,27.1,73.3
12:28,30,27.1,73.2
12:29,21,27.1,73.1
12:30,21,27.1,73
12:31,23,27.1,73.1
12:32,25,27.1,73.1
12:33,22,27.1,73.2
12:34,16,27.1,73.1
12:35,13,27.1,72.9
12:36,24,27.1,72.9
12:37,23,27.2,72.6
12:38,19,27.2,72.4
12:39,19,27.2,72.8
12:40,23,27.2,72.5
12:41,24,27.3,72.6
12:42,22,27.3,72.9
12:43,17,27.3,72.3
12:44,10,27.3,72
12:45,21,27.3,71.7
12:46,17,27.3,71.8
12:47,17,27.3,71.6
12:48,24,27.3,71.6
12:49,14,27.3,71.7
12:50,18,27.3,71.2
12:51,15,27.3,71.5
12:52,21,27.2,71.4
12:53,21,27.3,71.8
12:54,16,27.3,71.6
12:55,18,27.3,71.3
12:56,20,27.3,71.5
12:57,10,27.4,71.1
12:58,14,27.4,71.1
12:59,14,27.4,71.1
13:00,26,27.4,70.5
13:01,27,27.4,70.9
13:02,30,27.4,70.9
13:03,10,27.4,70.7
13:04,38,27.4,71
13:05,21,27.4,70.8
13:06,22,27.4,70.6
13:07,8,27.3,70.8
13:08,17,27.3,71
13:09,15,27.3,71.1
13:10,13,27.3,71
13:11,23,27.3,71.3
13:12,20,27.3,71.3
13:13,23,27.4,70.8
13:14,17,27.4,71
13:15,21,27.4,71
13:16,21,27.3,71.4
13:17,21,27.3,71.4
13:18,22,27.3,71.5
13:19,18,27.4,71.4
13:20,10,27.4,71.4
13:21,13,27.3,71.5
13:22,17,27.3,71.6
13:23,21,27.3,71.7
13:24,19,27.3,71.8
13:25,18,27.3,71.7
13:26,18,27.3,71.7
13:27,16,27.3,72.1
13:28,26,27.3,71.9
13:29,14,27.3,72.3
13:30,24,27.3,72.2
13:31,18,27.3,72.3
13:32,15,27.3,72.4
13:33,14,27.3,72.4
13:34,18,27.4,72.2
13:35,20,27.4,72.1
13:36,12,27.4,72.2
13:37,13,27.4,72.3
13:38,22,27.3,72.5
13:39,27,27.3,72.5
13:40,14,27.3,72.5
13:41,11,27.3,72.4
13:42,23,27.4,72.6
13:43,9,27.3,72.7
13:44,22,27.3,72.5
13:45,31,27.3,72.7
13:46,11,27.3,72.5
13:47,18,27.3,72.6
13:48,23,27.3,72.6
13:49,23,27.3,72.7
13:50,15,27.3,72.4
13:51,23,27.3,72.4
13:52,27,27.3,72.4
13:53,15,27.3,72.6
13:54,24,27.3,72.5
13:55,19,27.3,72.5
13:56,12,27.3,72.5
13:57,14,27.3,72.6
13:58,27,27.3,72.6
13:59,15,27.3,72.7
14:00,11,27.3,72.7
14:01,13,27.3,72.6
14:02,21,27.3,72.6
14:03,15,27.3,72.8
14:04,15,27.3,72.8
14:05,24,27.3,72.8
14:06,13,27.3,72.9
14:07,22,27.3,73.2
14:08,34,27.3,72.9
14:09,26,27.3,73
14:10,22,27.3,73.3
14:11,15,27.3,73.1
14:12,13,27.3,73.2
14:13,21,27.3,73.3
14:14,10,27.3,73.4
14:15,24,27.3,73.4
14:16,30,27.3,73.5
14:17,18,27.3,73.6
14:18,22,27.3,73.6
14:19,21,27.4,73.6
14:20,15,27.4,73.5
14:21,24,27.4,73.5
14:22,20,27.4,73.6
14:23,17,27.4,73.7
14:24,27,27.4,73.9
14:25,10,27.4,73.8
14:26,22,27.4,73.8
14:27,30,27.4,73.8
14:28,16,27.4,73.9
14:29,18,27.4,73.8
14:30,21,27.4,73.8
14:31,17,27.4,73.8
14:32,18,27.4,73.9
14:33,16,27.4,74
14:34,30,27.4,74.1
14:35,26,27.4,74.1
14:36,24,27.4,74.1
14:37,22,27.5,74.2
14:38,11,27.5,74.3
14:39,11,27.4,74.4
14:40,20,27.4,74.3
14:41,25,27.5,74
14:42,20,27.5,74
14:43,22,27.5,73.7
14:44,30,27.5,74
14:45,17,27.5,73.9
14:46,26,27.5,74
14:47,14,27.6,73.8
14:48,19,27.6,73.6
14:49,17,27.6,73.4
14:50,17,27.5,73.7
14:51,17,27.6,73.5
14:52,20,27.5,73.8
14:53,22,27.5,74
14:54,17,27.5,73.5
14:55,19,27.5,73.7
14:56,13,27.5,73.7
14:57,14,27.5,73.5
14:58,19,27.5,73.9
14:59,16,27.5,73.7
15:00,19,27.5,73.5
15:01,23,27.5,73.2
15:02,34,27.5,73.2
15:03,19,27.5,73.5
15:04,18,27.5,73.5
15:05,30,27.5,73.6
15:06,22,27.5,73.4
15:07,17,27.5,73.4
15:08,17,27.5,73.5
15:09,11,27.5,73.5
15:10,19,27.5,73.6
15:11,19,27.5,73.6
15:12,15,27.5,73.4
15:13,17,27.5,73.8
15:14,12,27.6,73.7
15:15,18,27.6,73.4
15:16,15,27.6,73.5
15:17,23,27.6,73.5
15:18,18,27.6,73.5
15:19,33,27.6,73.4
15:20,18,27.6,73.5
15:21,18,27.6,73.6
15:22,18,27.6,73.7
15:23,21,27.6,73.6
15:24,26,27.6,73.7
15:25,10,27.5,73.8
15:26,24,27.5,74
15:27,19,27.5,74
15:28,17,27.5,74.2
15:29,19,27.5,74.2
15:30,19,27.5,74.2
15:31,26,27.6,74.2
15:32,16,27.6,74.3
15:33,15,27.5,74.3
15:34,17,27.6,74.3
15:35,12,27.6,74.4
15:36,18,27.6,74.3
15:37,29,27.6,74.4
15:38,22,27.6,74.5
15:39,21,27.6,74.4
15:40,16,27.6,74.4
15:41,15,27.6,74.5
15:42,21,27.6,74.6
15:43,17,27.6,74.6
15:44,12,27.6,74.6
15:45,18,27.6,74.7
15:46,11,27.6,74.7
15:47,27,27.6,74.6
15:48,25,27.6,74.7
15:49,14,27.6,74.7
15:50,24,27.6,74.8
15:51,26,27.7,74.8
15:52,27,27.6,75.1
15:53,18,27.6,75.3
15:54,16,27.6,75.4
15:55,21,27.6,75.5
15:56,14,27.6,75.6
15:57,23,27.5,75.5
15:58,19,27.5,75.6
15:59,28,27.5,75.8
16:00,27,27.5,76.2
16:01,24,27.5,76.2
16:02,20,27.5,76.3
16:03,15,27.5,76.3
16:04,22,27.6,76.4
16:05,12,27.6,76.4
16:06,23,27.6,76.4
16:07,13,27.6,76.5
16:08,15,27.6,76.5
16:09,16,27.6,76.7
16:10,17,27.6,76.8
16:11,20,27.6,76.6
16:12,22,27.6,76.7
16:13,27,27.6,76.6
16:14,13,27.6,76.6
16:15,18,27.6,76.8
16:16,13,27.5,76.9
16:17,22,27.5,76.9
16:18,20,27.5,77
16:19,20,27.5,77
16:20,28,27.6,76.8
16:21,27,27.6,76.7
16:22,11,27.6,76.6
16:23,24,27.6,76.7
16:24,13,27.6,76.8
16:25,24,27.6,76.8
16:26,19,27.6,76.9
16:27,15,27.6,76.8
16:28,18,27.6,76.7
16:29,29,27.6,76.7
16:30,16,27.6,76.6
16:31,19,27.6,76.7
16:32,10,27.6,76.7
16:33,26,27.6,76.8
16:34,9,27.6,77
16:35,24,27.6,77
16:36,21,27.6,77
16:37,18,27.6,77.1
16:38,16,27.6,77.2
16:39,12,27.6,77
16:40,18,27.6,77.2
16:41,16,27.6,77.4
16:42,17,27.6,77.5
16:43,21,27.6,77.6
16:44,14,27.6,77.8
16:45,20,27.6,78.2
16:46,18,27.7,79
16:47,14,27.7,78.3
16:48,21,27.7,78.5
16:49,15,27.6,79.3
16:50,21,27.6,79.8
16:51,25,27.6,79.4
16:52,13,27.5,79.8
16:53,19,27.5,80.1
16:54,20,27.5,80
16:55,26,27.5,80
16:56,27,27.4,80.4
16:57,20,27.4,80.2
16:58,16,27.4,80.6
16:59,17,27.4,80.6
17:00,17,27.4,80.6
17:01,18,27.3,80.6
17:02,24,27.3,80.7
17:03,19,27.2,80.7
17:04,17,27.2,80.7
17:05,28,27.2,80.8
17:06,11,27.2,80.8
17:07,14,27.3,80.9
17:08,30,27.2,80.8
17:09,21,27.2,80.7
17:10,15,27.2,80.7
17:11,12,27.3,80.6
17:12,13,27.3,80.6
17:13,16,27.3,80.5
17:14,20,27.3,80.5
17:15,17,27.3,80.6
17:17,11,27.1,81
17:18,15,27.2,80.9
17:19,15,27.2,80.7
17:20,17,27.3,80.8
17:21,7,27.3,80.5
17:22,15,27.3,80.4
17:23,19,27.3,80.6
17:24,15,27.3,80.7
17:25,12,27.2,80.7
17:26,13,27.2,80.7
17:27,15,27.2,80.8
17:28,15,27.2,81
17:29,33,27.2,80.9
17:30,22,27.2,81
17:31,20,27.2,81
17:32,19,27.1,81.5
17:33,19,27.1,81.4
17:34,22,27.2,81.3
17:35,23,27.2,81.2
17:36,24,27.2,81.5
17:37,18,27.1,81.8
17:38,21,27.1,82
17:39,16,27.1,82
17:40,15,27,82.2
17:41,26,27.1,82.2
17:42,25,27,82.2
17:43,14,27.1,82
17:44,14,27.1,81.7
17:45,16,27.2,81.4
17:46,14,27.2,81.3
17:47,19,27.1,81.4
17:48,22,27.1,81.5
17:49,11,27.2,81.4
17:50,9,27.1,81.4
17:51,26,27.1,81.5
17:52,13,27,81.6
17:53,17,27,81.7
17:54,13,27,82
17:55,15,27,82
17:56,25,27,81.8
17:57,9,27.1,81.7
17:58,15,27.1,81.6
17:59,14,27.1,81.6
18:00,21,27,82
18:01,9,27,82.1
18:02,16,27,82
18:03,19,27.1,81.9
18:04,15,27,82.2
18:05,17,27,82.1
18:06,24,27.1,81.8
18:07,19,27.1,81.7
18:08,15,27,81.7
18:09,20,26.9,81.6
18:10,23,26.9,81.8
18:11,27,26.9,81.8
18:12,7,26.8,81.8
18:13,20,26.7,82
18:14,21,26.6,82.5
18:15,22,26.6,82.7
18:16,20,26.7,82.5
18:17,6,26.7,82.6
18:18,18,26.7,82.4
18:19,21,26.8,82.4
18:20,10,26.8,82.1
18:21,11,26.8,82.4
18:22,15,26.8,82.4
18:23,23,26.8,82.3
18:24,21,26.9,82.1
18:25,17,26.8,82.3
18:26,13,26.8,82.2
18:27,13,26.9,82.2
18:28,17,26.9,82
18:29,19,26.9,82.1
18:30,17,26.9,82.1
18:31,18,26.9,82.4
18:32,18,26.9,82.2
18:33,15,26.9,82.6
18:34,23,26.9,82.5
18:35,24,26.9,82.4
18:36,19,26.9,82.4
18:37,24,26.9,82.5
18:38,22,26.9,82.4
18:39,14,26.8,82.3
18:40,16,26.9,82.3
18:41,13,26.9,82.3
18:42,21,26.9,82.2
18:43,19,26.9,82.1
18:44,19,27,82
18:45,26,27,81.8
18:46,31,27,82
18:47,18,26.9,82.1
18:48,13,27,82.1
18:49,14,27,82
18:50,20,27,82
18:51,14,27,82.3
18:52,21,27,82.5
18:53,22,26.9,82.4
18:54,15,26.9,82.3
18:55,12,26.9,82.5
18:56,14,26.9,82.5
18:57,10,26.9,82.5
18:58,20,26.9,82.4
18:59,17,27,82.2
19:00,17,27,82
19:01,16,27,82.1
19:02,21,27,82.2
19:03,18,27,82.2
19:04,20,26.9,82.6
19:05,17,26.9,82.7
19:06,7,26.9,82.9
19:07,12,26.9,83.6
19:08,21,26.8,84.2
19:09,16,26.8,84.1
19:10,17,26.8,84.2
19:11,16,26.8,84.8
19:12,27,26.8,85
19:13,13,26.9,85.1
19:14,8,26.8,85.4
19:15,29,26.8,85.7
19:16,18,26.8,85.4
19:17,10,26.7,85.8
19:18,20,26.6,85.5
19:19,12,26.4,85.3
19:20,13,26.3,85.7
19:21,15,26.4,85.4
19:22,14,26.5,85.2
19:23,16,26.5,85.2
19:24,21,26.5,85
19:25,19,26.6,84.6
19:26,19,26.5,84.9
19:27,19,26.5,84.7
19:28,20,26.4,85
19:29,10,26.3,85.7
19:30,20,26.4,85.2
19:31,13,26.3,85.6
19:32,10,26.3,85.6
19:33,32,26.4,85.1
19:34,19,26.5,84.8
19:35,8,26.5,85
19:36,21,26.4,85.3
19:37,17,26.3,85.9
19:38,11,26.3,85.8
19:39,14,26.3,85.8
19:40,21,26.3,86
19:41,26,26.3,86.4
19:42,25,26.2,86.3
19:43,17,26.2,86.7
19:44,21,26.3,86.4
19:45,22,26.4,86.3
19:46,23,26.2,86.6
19:47,18,26.2,86.7
19:48,26,26.3,86.3
19:49,15,26.3,86.2
19:50,24,26.2,86.6
19:51,18,26.2,86.7
19:52,13,26,87.1
19:53,14,26,87
19:54,17,26,87.1
19:55,17,25.9,87.4
19:56,24,26,87.5
19:57,17,26.1,87
19:58,19,26.2,86.5
19:59,16,26.3,86.5
20:00,11,26.2,86.3
20:01,23,26.2,86.3
20:02,6,26.2,86.3
20:03,22,26.2,86.2
20:04,20,26.2,86.3
20:05,17,26.3,86
20:06,18,26.2,86.2
20:07,15,26.2,86.4
20:08,23,26.2,86.1
20:09,28,26.3,85.7
20:10,23,26.1,85.8
20:12,22,25.9,86.2
20:13,17,25.8,86.9
20:14,14,25.7,86.1
20:15,22,25.7,85.7
20:16,15,25.7,85.3
20:17,10,25.8,84.6
20:18,22,25.9,84
20:19,14,25.9,83.4
20:20,9,25.9,83.6
20:21,18,25.9,82.9
20:23,17,25.6,83.4
20:24,17,25.5,83.4
20:25,14,25.5,83.2
20:26,21,25.6,82.8
20:27,17,25.6,82.4
20:29,11,25.7,81.3
20:30,24,25.7,81.2
20:31,17,25.7,81.1
20:32,20,25.6,81.2
20:33,15,25.6,81.2
20:34,17,25.6,81.8
20:35,17,25.6,81.8
20:36,20,25.5,82.1
20:37,12,25.5,81.8
20:38,21,25.5,82.2
20:39,17,25.6,81.6
20:40,19,25.5,81.7
20:41,19,25.6,81.6
20:42,21,25.4,82
20:43,23,25.5,81.4
20:44,16,25.5,80.9
20:45,16,25.5,80.9
20:46,11,25.4,81.2
20:47,20,25.5,81.3
20:48,11,25.4,81.5
20:49,16,25.4,81.7
20:50,12,25.4,82
20:51,22,25.2,82.3
20:53,25,25.4,82.5
20:54,20,25.5,82.2
20:55,18,25.5,82
20:56,22,25.6,81.8
20:57,17,25.7,81.4
20:58,19,25.8,81.2
20:59,23,25.8,81.1
21:00,17,25.8,80.8
21:01,17,25.9,80.7
21:02,14,25.9,80.5
21:03,18,26,80.4
21:04,23,26,79.9
21:05,12,26.1,80
21:06,13,25.9,80.4
21:07,25,25.9,80.9
21:08,17,25.9,80.7
21:09,15,25.9,80.7
21:10,23,25.9,81
21:11,15,25.8,81.1
21:12,14,25.8,81
21:13,23,25.9,81
21:14,22,26,80.6
21:15,7,26,80.6
21:16,10,26.1,80.4
21:17,19,26.1,80.4
21:18,24,26.1,80.4
21:19,17,26,80.6
21:20,25,26,80.6
21:21,22,26,80.7
21:22,13,25.9,80.6
21:23,8,25.7,81.1
21:24,21,25.6,81.4
21:25,23,25.6,81.5
21:26,15,25.6,81.2
21:27,23,25.6,81.2
21:28,17,25.6,81
21:29,17,25.6,81.1
21:30,13,25.6,81.1
21:31,22,25.5,81.3
21:32,9,25.6,81.2
21:33,21,25.6,81.2
21:34,17,25.5,81.6
21:35,10,25.5,81.7
21:36,18,25.6,81.3
21:37,25,25.7,80.9
21:38,20,25.7,80.8
21:39,16,25.7,80.9
21:40,15,25.7,80.8
21:41,15,25.8,80.7
21:42,18,25.8,80.7
21:43,18,25.8,80.7
21:44,22,25.8,80.6
21:45,13,25.8,80.6
21:46,12,25.7,80.9
21:47,24,25.7,81
21:48,21,25.6,81.1
21:49,11,25.6,81.3
21:50,18,25.7,81
21:51,15,25.8,80.7
21:52,25,25.8,80.3
21:53,21,25.8,80.2
21:54,12,25.7,80.5
21:55,12,25.8,80.4
21:56,30,25.8,80.3
21:57,24,25.7,80.7
21:58,27,25.6,81.3
21:59,22,25.5,81.5
22:00,24,25.5,81.5
22:01,15,25.6,80.9
22:02,15,25.7,80.7
22:03,12,25.7,80.4
22:04,10,25.8,80.3
22:05,18,25.7,80
22:06,11,25.8,79.9
22:07,23,25.8,79.8
22:08,11,25.8,80
22:09,29,25.7,80.4
22:10,20,25.8,80.3
22:11,24,25.8,79.9
22:12,13,25.8,80
22:13,19,25.8,80
22:14,21,25.9,79.9
22:15,26,25.9,79.9
22:16,28,25.8,80.1
22:17,23,25.8,80.3
22:18,14,25.7,80.6
22:19,17,25.7,80.6
22:20,22,25.7,80.8
22:21,21,25.8,80.8
22:22,25,25.8,80.8
22:23,19,25.8,81.2
22:24,28,25.8,81.1
22:25,13,25.7,81.1
22:26,13,25.7,81.2
22:27,16,25.7,80.9
22:28,22,25.6,81.4
22:29,20,25.6,81.4
22:30,18,25.5,81.7
22:31,21,25.6,81.4
22:32,24,25.5,81.6
22:33,17,25.5,81.8
22:34,17,25.5,81.9
22:35,32,25.5,81.9
22:36,16,25.6,81.7
22:37,26,25.6,81.9
22:38,24,25.5,82.2
22:39,15,25.4,82.6
22:40,15,25.3,82.9
22:41,11,25.4,82.7
22:42,17,25.5,82.6
22:43,16,25.6,82.2
22:44,32,25.7,81.9
22:45,15,25.7,81.8
22:46,16,25.6,82.1
22:47,9,25.6,82.3
22:48,14,25.7,82.1
22:49,10,25.7,81.9
22:50,19,25.8,81.5
22:51,17,25.9,81.1
22:52,13,25.9,81.2
22:53,26,25.9,81.2
22:54,17,25.9,81.5
22:55,23,25.8,81.6
22:56,22,25.8,81.7
22:57,27,25.8,81.7
22:58,20,26,81.7
22:59,13,26,81.3
23:00,15,26,81.2
23:01,15,26,81.3
23:02,14,26,81.4
23:03,12,26,81.6
23:04,21,25.9,81.7
23:05,17,26,81.5
23:06,22,25.9,81.5
23:07,14,25.9,81.5
23:08,26,25.9,81.7
23:09,11,25.9,81.8
23:10,15,25.9,81.7
23:11,23,25.9,81.7
23:12,23,25.9,81.8
23:13,23,25.9,81.9
23:14,18,25.9,81.9
23:15,14,25.9,82
23:16,19,25.8,82.1
23:17,22,25.8,82
23:18,12,25.8,82
23:19,13,25.8,82.1
23:20,14,25.8,82.1
23:21,21,25.8,82.1
23:22,15,25.9,82
23:23,16,25.9,82
23:24,24,25.9,81.9
23:25,22,25.9,81.8