TIME,CPM,TEMP,HUM
00:00,19,25.9,81
00:01,17,25.9,81.1
00:02,21,25.8,81
00:03,17,25.9,81.2
00:04,21,25.9,81.3
00:05,10,25.9,81
00:06,18,25.9,81.2
00:07,18,25.8,81.4
00:08,14,25.8,81.5
00:09,20,25.9,81.4
00:10,20,25.9,81.3
00:11,30,25.9,81.4
00:12,14,25.9,81.2
00:13,26,25.9,81.4
00:14,26,25.9,81.3
00:15,18,25.9,81.4
00:16,19,25.9,81.4
00:17,11,25.9,81.4
00:18,17,25.9,81.3
00:19,11,25.9,81.3
00:20,17,25.9,81.2
00:21,13,25.9,81.1
00:22,31,25.9,81.1
00:23,27,25.9,81.1
00:24,20,26,81
00:25,13,26,80.9
00:26,15,26,80.8
00:27,20,26,81
00:28,12,26,80.8
00:29,28,26,80.8
00:30,18,25.9,80.9
00:31,27,25.9,81.1
00:32,11,25.9,81.2
00:33,14,25.9,81.3
00:34,27,25.9,81.4
00:35,14,25.9,81.3
00:36,24,26,81.2
00:37,17,26,80.9
00:38,21,26,81
00:39,16,25.9,81.1
00:40,13,25.9,81.1
00:41,14,25.9,81.1
00:42,12,25.9,81.1
00:43,20,25.9,81.1
00:44,13,25.9,81.1
00:45,9,25.9,81.2
00:46,11,25.9,81.1
00:47,14,25.9,81
00:48,22,25.9,81
00:49,18,25.9,81
00:50,12,25.9,80.9
00:51,12,25.9,81
00:53,18,25.9,81.1
00:54,10,25.9,81.2
00:55,16,25.9,81.4
00:56,18,25.9,81.4
00:57,15,25.9,81.3
00:58,30,25.9,81.4
00:59,23,25.9,81.4
01:00,19,25.9,81.3
01:01,18,25.9,81.3
01:02,26,26,81.2
01:03,19,26,81.1
01:04,17,26,80.9
01:05,20,25.9,81.1
01:06,11,25.9,81.3
01:07,27,25.9,81.5
01:08,18,25.9,81.4
01:09,22,25.8,81.3
01:10,26,25.8,81.4
01:11,23,25.8,81.3
01:12,12,25.8,81.5
01:13,29,25.8,81.5
01:14,21,25.8,81.6
01:15,21,25.8,81.7
01:16,16,25.8,81.7
01:17,13,25.8,81.6
01:18,25,25.8,81.6
01:19,17,25.8,81.6
01:20,9,25.8,81.5
01:21,28,25.8,81.5
01:22,20,25.8,81.4
01:23,12,25.7,81.5
01:24,26,25.7,81.6
01:25,22,25.7,81.4
01:26,14,25.7,81.5
01:27,18,25.7,81.4
01:28,11,25.7,81.4
01:29,20,25.7,81.5
01:30,20,25.7,81.6
01:31,18,25.7,81.6
01:32,22,25.8,81.5
01:33,22,25.8,81.5
01:34,7,25.8,81.5
01:35,10,25.8,81.5
01:36,13,25.8,81.5
01:37,7,25.7,81.5
01:38,17,25.7,81.6
01:39,28,25.8,81.5
01:40,14,25.8,81.5
01:41,27,25.8,81.3
01:42,15,25.8,81.3
01:43,14,25.8,81.3
01:44,12,25.8,81.3
01:45,21,25.7,81.3
01:46,24,25.8,81.3
01:47,17,25.7,81.4
01:48,26,25.8,81.4
01:49,19,25.7,81.2
01:50,22,25.7,81.4
01:51,7,25.7,81.5
01:52,20,25.7,81.7
01:53,15,25.7,81.6
01:54,20,25.7,81.5
01:55,25,25.7,81.6
01:56,22,25.7,81.5
01:57,9,25.7,81.4
01:58,8,25.7,81.5
01:59,27,25.7,81.4
02:00,11,25.8,81.4
02:01,23,25.8,81.3
02:02,14,25.8,81.1
02:03,28,25.8,81.2
02:04,16,25.8,81.1
02:05,24,25.8,81.3
02:06,23,25.8,81.2
02:07,25,25.7,81.3
02:08,22,25.7,81.6
02:09,14,25.7,81.6
02:10,23,25.7,81.6
02:11,22,25.7,81.5
02:12,17,25.7,81.5
02:13,21,25.7,81.6
02:14,24,25.6,81.7
02:15,14,25.6,81.7
02:16,20,25.6,81.8
02:17,19,25.6,81.8
02:18,10,25.6,81.8
02:19,25,25.7,81.8
02:20,17,25.7,81.6
02:21,15,25.7,81.6
02:22,20,25.7,81.6
02:23,18,25.7,81.5
02:24,18,25.7,81.5
02:25,33,25.8,81.4
02:26,17,25.8,81.4
02:27,13,25.8,81.4
02:28,16,25.8,81.2
02:29,23,25.8,81.2
02:30,15,25.8,81.2
02:31,26,25.8,81
02:32,15,25.8,81.4
02:33,15,25.8,81.4
02:34,20,25.7,81.4
02:35,14,25.7,81.4
02:36,16,25.7,81.4
02:37,16,25.7,81.5
02:38,27,25.7,81.7
02:39,21,25.6,81.7
02:40,19,25.7,81.7
02:41,20,25.7,81.7
02:42,23,25.7,81.6
02:43,11,25.7,81.6
02:44,13,25.7,81.6
02:45,31,25.7,81.5
02:46,22,25.8,81.4
02:47,18,25.8,81.3
02:48,16,25.8,81.4
02:49,20,25.8,81.1
02:50,13,25.8,81.3
02:51,21,25.7,81.5
02:52,26,25.7,81.8
02:53,20,25.7,82
02:54,18,25.7,82.1
02:55,15,25.7,82
02:56,23,25.7,81.9
02:57,13,25.7,81.8
02:58,34,25.7,81.8
02:59,27,25.7,81.8
03:00,20,25.7,81.7
03:01,25,25.7,81.7
03:02,22,25.8,81.4
03:03,24,25.8,81.4
03:04,19,25.8,81.3
03:05,27,25.9,81.3
03:06,12,25.9,81.4
03:07,26,25.8,81.5
03:08,8,25.9,81.5
03:09,18,25.9,81.3
03:10,20,25.9,81.3
03:11,22,25.8,81.4
03:12,14,25.8,81.4
03:13,17,25.8,81.4
03:14,23,25.8,81.4
03:15,18,25.8,81.3
03:16,23,25.8,81.2
03:17,18,25.9,81.3
03:18,20,25.9,81.2
03:19,14,25.9,81.3
03:20,18,25.9,81.2
03:21,16,25.9,81.3
03:22,18,25.8,81.6
03:23,13,25.8,81.8
03:24,9,25.8,81.8
03:25,12,25.8,81.8
03:26,15,25.8,81.7
03:27,20,25.8,81.7
03:28,23,25.8,81.7
03:29,20,25.8,81.7
03:30,24,25.8,81.8
03:31,15,25.7,81.8
03:32,13,25.8,81.7
03:33,23,25.8,81.7
03:34,23,25.8,81.9
03:35,20,25.8,81.7
03:36,17,25.8,81.6
03:37,19,25.8,81.8
03:38,21,25.8,81.9
03:39,16,25.7,82
03:40,21,25.7,82
03:41,20,25.7,82
03:42,22,25.7,82
03:43,29,25.8,81.8
03:44,18,25.8,81.7
03:45,20,25.8,81.6
03:46,19,25.9,81.6
03:47,12,25.9,81.4
03:48,21,25.9,81.5
03:49,23,25.8,81.6
03:50,8,25.8,81.8
03:51,20,25.8,81.8
03:52,19,25.8,81.9
03:53,17,25.8,82
03:54,19,25.8,82
03:55,15,25.8,82
03:56,20,25.8,81.9
03:57,22,25.8,81.9
03:58,28,25.8,81.8
03:59,17,25.8,81.8
04:00,17,25.8,81.8
04:01,12,25.8,81.9
04:02,17,25.8,82
04:03,14,25.8,81.9
04:04,17,25.8,81.9
04:05,18,25.8,81.8
04:06,29,25.9,81.7
04:07,20,25.8,81.7
04:08,16,25.8,81.8
04:09,21,25.8,81.8
04:10,11,25.8,81.9
04:11,21,25.7,82
04:12,28,25.8,82
04:13,29,25.7,82
04:14,19,25.7,82.3
04:15,12,25.7,82.4
04:16,20,25.7,82.3
04:17,27,25.7,82.2
04:18,19,25.7,82.2
04:19,24,25.7,82.2
04:20,15,25.7,82.3
04:21,22,25.7,82.2
04:22,18,25.7,82.4
04:23,15,25.6,82.6
04:24,16,25.6,82.9
04:25,9,25.6,82.8
04:26,32,25.6,82.8
04:27,16,25.7,82.6
04:28,13,25.7,82.6
04:29,23,25.7,82.4
04:30,18,25.7,82.4
04:31,13,25.8,82.2
04:32,18,25.7,82.2
04:33,29,25.8,82.1
04:34,8,25.7,82.2
04:35,24,25.8,82
04:36,17,25.8,81.9
04:37,24,25.7,82.1
04:38,26,25.7,82.3
04:39,10,25.6,82.4
04:40,19,25.6,82.5
04:41,11,25.6,82.6
04:42,24,25.6,82.6
04:43,14,25.7,82.4
04:44,22,25.7,82.2
04:45,25,25.7,82.2
04:46,26,25.7,82.3
04:47,28,25.6,82.5
04:48,6,25.7,82.4
04:49,13,25.7,82.3
04:50,12,25.7,82.4
04:51,25,25.6,82.5
04:52,18,25.6,82.8
04:53,25,25.5,83.1
04:54,18,25.5,83.2
04:55,26,25.4,83.1
04:56,21,25.2,83.6
04:57,20,25.1,84.1
04:58,22,24.9,84.3
04:59,8,24.8,84.7
05:00,20,24.7,85.2
05:01,18,24.7,85.1
05:02,19,24.7,85.2
05:03,28,24.6,85.6
05:04,16,24.7,85.2
05:05,12,24.9,84.8
05:06,17,25,84.4
05:07,23,25,84.2
05:08,18,25.1,83.9
05:09,6,25,84.2
05:10,21,24.9,84.4
05:11,24,24.9,84.4
05:12,15,24.9,84.3
05:13,17,24.9,84.3
05:14,19,24.8,84.4
05:15,22,24.7,84.5
05:16,14,24.7,84.4
05:17,18,24.7,84.5
05:18,21,24.8,84.3
05:19,24,24.9,83.6
05:20,10,24.9,83.7
05:21,12,25,83.5
05:22,20,25.1,82.9
05:23,21,25.1,82.6
05:24,24,25.2,82.4
05:25,29,25.2,82.2
05:26,15,25.2,82.3
05:27,17,25.3,82.2
05:28,19,25.3,82.2
05:29,23,25.1,82.4
05:30,11,25.1,82.7
05:31,19,24.9,83
05:32,16,24.9,83.3
05:33,23,25,83.1
05:34,22,25,82.8
05:35,21,25,82.8
05:36,24,24.9,83.2
05:37,22,24.8,83.6
05:38,14,24.8,83.8
05:39,16,24.8,83.8
05:40,17,24.8,83.9
05:41,14,24.9,83.6
05:42,19,24.8,83.6
05:43,37,24.6,84.3
05:44,8,24.7,84.3
05:45,13,24.7,84.3
05:46,11,24.6,84.5
05:47,18,24.5,84.7
05:48,24,24.6,84.6
05:49,17,24.7,84
05:50,22,24.9,83.4
05:51,26,24.9,83.1
05:52,21,25,82.9
05:53,13,25,82.7
05:54,20,25,82.6
05:55,14,25,82.7
05:56,12,25.1,82.4
05:57,21,25,82.4
05:58,23,24.8,82.9
05:59,17,24.7,83.4
06:00,19,24.8,83.6
06:01,15,24.9,83.5
06:02,15,24.9,83.3
06:03,15,25,83.3
06:04,26,25,83.3
06:05,14,25.1,83.3
06:06,16,25.1,83
06:07,21,25.2,82.8
06:08,17,25.2,82.8
06:09,13,25.2,82.8
06:10,18,25.2,82.8
06:11,14,25.2,83
06:12,13,25.2,83.2
06:13,27,25.1,83.4
06:14,25,25.2,83.3
06:15,33,25.3,83.1
06:16,20,25.3,82.6
06:17,32,25.2,82.7
06:18,15,25.3,82.5
06:19,23,25.3,82.4
06:20,25,25.3,82.2
06:21,15,25.3,82.1
06:22,18,25.4,81.8
06:23,15,25.4,81.9
06:24,15,25.4,81.7
06:25,21,25.4,81.7
06:26,25,25.4,81.9
06:27,13,25.4,81.7
06:28,22,25.4,81.8
06:29,12,25.4,81.8
06:30,20,25.4,81.9
06:31,18,25.3,82.4
06:32,19,25.3,82.7
06:33,22,25.3,82.6
06:34,27,25.3,82.7
06:35,39,25.4,82.3
06:36,24,25.4,82.2
06:37,27,25.4,81.9
06:38,22,25.4,81.8
06:39,23,25.3,82.3
06:40,17,25.2,82.9
06:41,17,25.2,83.2
06:42,16,25.1,83.7
06:43,23,25.1,84
06:44,15,25.1,84.1
06:45,18,25.1,83.9
06:46,11,25.2,83.7
06:47,25,25.3,83.3
06:48,21,25.2,83.5
06:49,32,25.2,83.6
06:50,19,25.2,83.7
06:51,21,25.2,83.6
06:52,32,25.3,83.2
06:53,24,25.3,82.9
06:54,26,25.3,82.9
06:55,21,25.3,83
06:56,26,25.3,82.9
06:57,24,25.4,82.7
06:58,23,25.4,82.6
06:59,19,25.5,82.3
07:00,26,25.5,82.4
07:01,19,25.5,82.3
07:02,28,25.5,82.2
07:03,15,25.5,82.1
07:04,18,25.5,81.7
07:05,24,25.4,81.4
07:06,21,25.5,81.5
07:07,22,25.5,81.3
07:08,27,25.5,81
07:09,24,25.6,80.9
07:10,27,25.6,80.9
07:11,28,25.6,81
07:12,30,25.6,81.3
07:13,21,25.7,81.3
07:14,22,25.7,81.2
07:15,25,25.7,81
07:16,31,25.7,81.2
07:17,25,25.7,81.4
07:18,25,25.7,81.2
07:19,25,25.8,80.9
07:20,20,25.8,80.8
07:21,26,25.8,80.9
07:22,22,25.8,80.8
07:23,20,25.8,80.6
07:24,21,25.8,80.3
07:25,15,25.9,80.2
07:26,25,25.9,80
07:27,26,25.9,80.3
07:28,27,25.9,80.4
07:29,31,25.9,80.4
07:30,22,25.9,80.8
07:31,19,25.9,80.7
07:32,38,25.9,80.6
07:33,28,25.9,80.6
07:34,33,26,80.8
07:35,20,25.9,80.4
07:36,24,26,80.2
07:37,23,26,80.2
07:38,21,26,80.3
07:39,32,26,79.9
07:40,24,26,79.8
07:41,29,26,79.6
07:42,29,26,79.9
07:43,28,25.9,80
07:44,29,25.9,80.4
07:45,25,25.9,80.4
07:46,22,25.9,80.5
07:47,23,25.9,80.5
07:48,21,25.9,80.6
07:49,21,25.9,80.5
07:50,35,25.9,80.7
07:51,25,25.9,80.6
07:52,16,26,80.6
07:53,21,26,80.7
07:54,27,26,80.4
07:55,22,26,80.4
07:56,15,26,80.4
07:57,41,26,80.5
07:58,38,26,80.5
07:59,35,26,80.5
08:00,36,26,80.5
08:01,28,26,80.4
08:02,38,26,80.5
08:03,35,26.1,80.5
08:04,26,26.1,80.5
08:05,19,26.1,80.4
08:06,10,26.1,80.3
08:07,28,26.1,80.5
08:08,20,26.1,80.3
08:09,30,26.1,80.3
08:10,34,26.1,80.3
08:11,24,26.1,80.4
08:12,14,26,80.6
08:13,40,26,80.4
08:14,19,26.1,80.5
08:15,17,26.1,80.4
08:16,19,26.1,80.5
08:17,19,26,80.5
08:18,24,26.1,80.5
08:19,38,26.1,80.6
08:20,24,26.1,80.7
08:21,26,26.1,80.6
08:22,26,26.1,80.7
08:23,42,26.1,80.4
08:24,32,26.1,80.4
08:25,39,26.1,80.4
08:26,22,26.1,80.6
08:27,34,26.1,80.5
08:28,26,26.1,80.4
08:29,22,26.2,80.5
08:30,52,26.1,80.2
08:31,37,26.1,80.3
08:32,26,26.1,80.6
08:33,21,26.1,80.4
08:34,47,26.1,80.6
08:35,41,26.1,80.5
08:36,24,26.1,80.7
08:37,47,26.1,80.6
08:38,43,26.1,80.5
08:39,36,26.2,80.5
08:40,25,26.2,80.3
08:41,26,26.1,80.6
08:42,34,26.2,80.3
08:43,43,26.2,80.5
08:44,30,26.2,80.3
08:45,40,26.2,80.1
08:46,36,26.2,80.4
08:47,24,26.2,80.5
08:48,42,26.2,80.2
08:49,36,26.2,80.3
08:50,28,26.2,80.3
08:51,30,26.2,80.5
08:52,37,26.2,80.2
08:53,31,26.2,80.4
08:54,41,26.2,80.3
08:55,39,26.3,80.2
08:56,29,26.3,80.2
08:57,31,26.3,80.1
08:58,33,26.3,80.1
08:59,25,26.3,80.2
09:00,52,26.3,80.3
09:01,17,26.3,80.1
09:02,20,26.3,80.1
09:03,28,26.3,80
09:04,28,26.3,80
09:05,19,26.3,80
09:06,21,26.3,80.2
09:07,42,26.3,80.1
09:08,23,26.3,80.2
09:09,29,26.4,80.2
09:10,39,26.4,79.9
09:11,39,26.4,80
09:12,21,26.4,79.9
09:13,29,26.4,79.8
09:14,22,26.4,79.5
09:15,34,26.4,79.8
09:16,42,26.4,79.7
09:17,44,26.4,80
09:18,36,26.4,79.8
09:19,29,26.4,79.8
09:20,26,26.4,79.9
09:21,31,26.4,79.9
09:22,40,26.5,79.6
09:23,27,26.5,79.7
09:24,38,26.5,79.8
09:25,25,26.5,79.8
09:26,33,26.5,79.8
09:27,42,26.5,79.7
09:28,29,26.5,79.8
09:29,50,26.5,79.8
09:30,16,26.5,79.6
09:31,18,26.5,79.7
09:32,27,26.5,79.6
09:33,20,26.5,79.6
09:34,32,26.5,79.5
09:35,34,26.5,79.5
09:36,30,26.5,79.6
09:37,33,26.5,79.6
09:38,29,26.5,79.6
09:39,34,26.5,79.6
09:40,52,26.5,79.7
09:41,37,26.5,79.5
09:42,37,26.5,79.6
09:43,49,26.5,79.6
09:44,32,26.5,79.4
09:45,25,26.5,79.3
09:46,37,26.6,79.4
09:47,25,26.5,79.4
09:48,29,26.6,79.5
09:49,34,26.6,79.3
09:50,34,26.6,79.4
09:51,34,26.6,79.4
09:53,47,26.6,79.6
09:54,47,26.6,79.2
09:55,34,26.6,79.3
09:56,46,26.6,79.4
09:57,30,26.6,79.5
09:58,19,26.6,79.4
09:59,32,26.7,79.3
10:00,24,26.6,79.3
10:01,27,26.6,79.6
10:02,23,26.6,79.5
10:03,29,26.6,79.7
10:04,40,26.6,79.6
10:05,40,26.6,79.6
10:06,40,26.7,79.6
10:07,20,26.7,79.7
10:08,31,26.7,79.5
10:09,43,26.7,79.4
10:10,32,26.7,79.6
10:11,21,26.7,79.6
10:12,27,26.7,79.6
10:13,30,26.7,79.7
10:14,42,26.7,79.7
10:15,43,26.7,79.7
10:16,19,26.7,79.7
10:17,42,26.8,79.7
10:18,40,26.8,79.4
10:19,25,26.8,79.6
10:20,46,26.8,79.4
10:21,39,26.8,79.6
10:22,33,26.8,79.7
10:23,39,26.8,79.7
10:24,17,26.8,79.8
10:25,46,26.8,79.7
10:26,48,26.8,79.7
10:27,11,26.8,79.9
10:28,37,26.8,79.9
10:29,34,26.8,79.8
10:30,52,26.9,79.8
10:31,40,26.9,79.8
10:32,14,26.9,79.9
10:33,22,26.8,79.9
10:34,19,26.9,79.8
10:35,24,26.9,80
10:36,47,26.9,80
10:37,37,26.9,80
10:38,45,26.9,80
10:39,31,26.9,79.9
10:40,32,26.9,80
10:41,37,26.9,79.9
10:42,40,26.9,79.9
10:43,41,26.9,79.9
10:44,48,26.9,79.7
10:45,27,27,80
10:46,37,27,80
10:47,33,27,80
10:48,16,27,79.9
10:49,44,27,80
10:50,45,27,79.9
10:51,37,27,79.8
10:52,26,27,80
10:53,25,27,80
10:54,29,27,80
10:55,23,27,79.9
10:56,17,27,80
10:57,29,27,79.9
10:58,34,27,79.9
10:59,36,27,80
11:00,24,27,79.9
11:01,31,27,80
11:02,15,27,79.9
11:03,21,27,79.8
11:04,22,27,79.9
11:05,24,27.1,79.9
11:06,23,27.1,79.7
11:07,11,27.1,79.7
11:08,17,27.1,79.5
11:10,33,27,79.7
11:11,25,27,79.7
11:12,19,27,79.8
11:13,33,27,79.8
11:14,23,27.1,79.8
11:15,25,27.1,79.7
11:16,23,27.1,79.7
11:17,26,27.1,79.6
11:18,26,27.1,79.6
11:19,32,27.1,79.5
11:20,42,27.1,79.5
11:21,46,27.1,79.4
11:22,39,27.1,79.5
11:23,30,27.2,79.5
11:24,31,27.1,79.4
11:25,29,27.2,79.2
11:26,27,27.2,79.1
11:27,29,27.2,79.2
11:28,42,27.2,79.2
11:29,27,27.2,79.2
11:30,27,27.2,79.2
11:31,28,27.1,79.4
11:32,22,27.2,79.3
11:33,24,27.1,79.2
11:34,41,27.1,79.3
11:35,31,27.1,79.3
11:36,39,27.2,79.1
11:37,28,27.2,79.1
11:38,25,27.2,79
11:39,38,27.2,78.9
11:40,30,27.2,78.9
11:41,24,27.2,78.8
11:42,30,27.2,78.8
11:43,22,27.2,78.8
11:44,21,27.2,78.7
11:45,27,27.2,78.7
11:46,48,27.2,78.7
11:47,30,27.2,78.6
11:48,39,27.2,78.8
11:49,45,27.2,78.6
11:50,29,27.2,78.6
11:51,23,27.2,78.6
11:52,24,27.2,78.4
11:53,35,27.2,78.4
11:54,34,27.2,78.3
11:55,26,27.2,78.4
11:56,37,27.2,78.4
11:57,38,27.2,78.5
11:58,20,27.2,78.3
11:59,47,27.2,78.2
12:00,28,27.2,78.4
12:01,21,27.2,78.2
12:02,33,27.2,78.2
12:03,35,27.2,78.3
12:04,22,27.2,78.3
12:05,22,27.2,78.3
12:06,29,27.2,78.4
12:07,40,27.2,78.2
12:08,37,27.3,78.2
12:09,20,27.3,78.2
12:10,36,27.3,78.2
12:11,22,27.3,78.1
12:12,37,27.3,78.2
12:13,16,27.3,78.2
12:14,38,27.3,78.2
12:15,41,27.3,78.2
12:16,25,27.3,78.2
12:17,30,27.4,78.3
12:18,32,27.4,78.3
12:19,20,27.4,78.2
12:20,42,27.4,78.2
12:21,32,27.5,78.1
12:22,22,27.5,78.1
12:23,27,27.5,78.1
12:24,40,27.5,78.2
12:25,34,27.5,78.2
12:26,28,27.5,78.3
12:27,34,27.5,78.4
12:28,19,27.5,78.5
12:29,32,27.5,78.4
12:30,40,27.5,78.5
12:31,16,27.5,78.4
12:32,29,27.5,78.3
12:33,28,27.5,78.4
12:34,33,27.5,78.4
12:35,31,27.5,78.4
12:36,26,27.5,78.4
12:37,14,27.5,78.3
12:38,32,27.6,78.3
12:39,24,27.6,78.3
12:40,26,27.5,78.4
12:41,24,27.6,78.3
12:42,15,27.6,78.2
12:43,24,27.6,78.3
12:44,40,27.6,78.2
12:45,18,27.6,78
12:46,29,27.6,78.1
12:47,20,27.6,78.2
12:48,17,27.6,78
12:49,21,27.6,77.9
12:50,10,27.6,78.2
12:52,16,27.6,77.9
12:53,20,27.6,77.8
12:54,14,27.5,77.7
12:55,32,27.5,77.7
12:56,18,27.5,77.7
12:57,15,27.5,78
12:58,23,27.5,77.5
12:59,16,27.5,77.7
13:00,18,27.5,77.5
13:01,15,27.5,77.4
13:02,31,27.5,77.4
13:03,21,27.5,76.9
13:04,23,27.5,76.8
13:05,31,27.5,77.2
13:06,24,27.5,77.3
13:07,14,27.5,76.9
13:08,12,27.5,77.1
13:09,22,27.5,76.8
13:10,37,27.5,76.6
13:11,22,27.5,76.7
13:12,15,27.5,76.4
13:13,33,27.5,76.3
13:14,15,27.5,76.5
13:15,34,27.5,76.3
13:16,22,27.5,76.3
13:17,29,27.5,76.4
13:18,27,27.5,76.1
13:19,21,27.5,76.3
13:20,21,27.5,76.3
13:21,31,27.5,76.8
13:22,21,27.5,76.6
13:23,34,27.5,76
13:24,22,27.5,75.8
13:25,19,27.5,75.6
13:26,24,27.5,75.6
13:27,30,27.5,75.7
13:28,25,27.6,75.5
13:29,25,27.6,75.5
13:30,31,27.6,75.4
13:31,30,27.6,75.3
13:32,32,27.6,75.4
13:33,13,27.6,75.3
13:34,22,27.6,75.3
13:35,34,27.6,75.3
13:36,21,27.6,75.2
13:37,22,27.6,75.5
13:38,13,27.6,75.4
13:39,28,27.6,75.4
13:40,26,27.6,75.4
13:41,29,27.6,75.5
13:42,22,27.6,75.1
13:43,25,27.6,75.1
13:44,19,27.6,75.1
13:45,33,27.6,75
13:46,26,27.6,74.9
13:47,15,27.6,74.9
13:48,19,27.6,75
13:49,24,27.7,74.9
13:50,28,27.7,74.8
13:51,17,27.7,74.8
13:52,27,27.6,74.8
13:53,9,27.7,75
13:54,38,27.6,74.8
13:55,8,27.7,75
13:56,37,27.6,74.8
13:57,32,27.6,74.8
13:58,30,27.6,74.9
13:59,24,27.6,74.9
14:00,27,27.6,75
14:01,32,27.6,75
14:02,25,27.6,75
14:03,18,27.6,74.9
14:04,15,27.6,74.9
14:05,25,27.7,74.8
14:06,28,27.7,74.9
14:07,30,27.7,74.7
14:08,25,27.7,74.8
14:09,19,27.7,75
14:10,29,27.7,74.5
14:11,26,27.7,74.5
14:12,27,27.7,74.6
14:13,24,27.7,74.6
14:14,18,27.7,74.6
14:15,27,27.7,74.5
14:16,32,27.7,74.5
14:17,24,27.7,74.6
14:18,30,27.7,74.6
14:19,24,27.7,74.3
14:20,22,27.7,74.5
14:21,14,27.7,74.6
14:22,29,27.7,74.6
14:23,18,27.7,74.6
14:24,40,27.7,74.5
14:25,21,27.7,74.6
14:26,26,27.7,74.7
14:27,18,27.8,74.3
14:28,16,27.8,74.1
14:29,28,27.8,73.9
14:30,18,27.9,74.3
14:31,34,27.9,74.1
14:32,9,27.9,74.3
14:33,23,27.9,74
14:34,11,27.9,73.9
14:35,27,27.9,73.9
14:36,17,27.8,74.1
14:37,19,27.8,73.9
14:38,25,27.9,73.9
14:39,27,27.9,73.8
14:40,18,27.9,73.8
14:41,20,27.9,73.7
14:42,24,27.8,73.9
14:43,15,27.9,73.9
14:44,23,27.9,74
14:45,25,27.9,73.6
14:46,26,27.9,73.3
14:47,29,27.9,74
14:48,32,27.9,73.9
14:49,11,27.9,73.5
14:50,31,27.9,73.3
14:51,28,27.9,73.3
14:52,44,27.9,73.4
14:53,24,27.8,73.7
14:54,32,27.8,73.5
14:55,21,27.9,73.2
14:56,25,27.9,73
14:57,26,27.9,73
14:58,22,27.9,72.4
14:59,17,27.9,72.3
15:00,12,27.9,73.1
15:01,24,27.9,72.3
15:02,21,27.9,72.9
15:03,21,27.9,72.9
15:04,14,27.9,73
15:05,22,27.9,72
15:06,30,27.9,72.1
15:07,20,27.9,72.6
15:08,17,27.9,72.6
15:09,24,27.9,72.4
15:10,31,27.9,72.7
15:11,17,27.9,72.2
15:12,13,27.9,72.7
15:13,32,27.9,72.4
15:14,26,27.9,72.5
15:15,30,27.9,72.6
15:16,8,27.9,72.4
15:17,23,27.9,72.4
15:18,22,27.9,72.5
15:19,16,27.9,72.5
15:20,10,27.9,72.4
15:21,23,27.9,72.4
15:22,30,27.9,72.6
15:23,19,27.9,72.7
15:24,24,27.9,72.4
15:25,19,27.9,72.3
15:26,18,27.9,72.3
15:27,19,27.9,72.7
15:28,22,27.9,72.6
15:29,21,27.9,72.5
15:30,16,28,72.6
15:31,20,28,72.5
15:32,17,28,72.7
15:33,20,27.9,72.6
15:34,18,27.9,72.2
15:35,15,27.9,72.4
15:36,15,27.9,72.4
15:37,20,28,72.3
15:38,19,27.9,72.4
15:39,12,27.9,72.6
15:40,19,27.9,72.4
15:41,13,27.9,72.4
15:42,20,27.9,72.5
15:43,24,27.9,72.4
15:44,10,27.9,72.5
15:45,11,27.9,72.2
15:46,17,27.9,72
15:47,22,28,71.9
15:48,12,28,71.4
15:49,27,27.9,72
15:50,12,27.9,71.4
15:51,24,27.9,71.7
15:52,24,27.9,72.2
15:53,17,27.9,71.8
15:54,19,27.9,71.6
15:55,9,27.9,71.6
15:56,22,27.9,71.8
15:57,19,27.9,71.6
15:58,22,27.9,71.8
15:59,21,27.9,71.6
16:00,20,27.9,71.9
16:01,19,27.9,71.9
16:02,13,27.9,71.9
16:03,28,27.9,72.1
16:04,13,27.9,72.3
16:05,22,27.9,72.3
16:06,12,27.9,72.4
16:07,22,27.9,72.6
16:08,22,27.9,72.7
16:09,30,27.9,72.8
16:10,20,27.9,72.9
16:11,21,27.9,73
16:12,12,27.9,73.2
16:13,20,27.9,73.2
16:14,31,27.9,73.5
16:16,20,27.9,73.6
16:17,14,27.9,73.7
16:18,12,27.9,73.7
16:19,29,27.9,73.8
16:20,15,27.9,74.1
16:21,20,27.9,74.2
16:22,24,27.9,74.3
16:23,25,27.9,74.2
16:24,18,27.9,74.2
16:25,24,27.9,74.2
16:26,20,27.9,74.3
16:27,13,27.9,74.4
16:28,21,27.9,74.4
16:29,13,27.9,74.6
16:30,22,27.9,74.7
16:31,11,27.9,74.7
16:32,17,27.9,74.9
16:33,11,27.9,75
16:34,19,27.9,74.9
16:35,27,27.9,75
16:36,20,27.9,75.2
16:37,21,27.9,75.3
16:38,18,27.9,75.5
16:39,22,27.8,76.1
16:40,22,27.9,76.2
16:41,20,27.9,76.7
16:42,16,27.9,76.7
16:43,16,27.9,76.7
16:44,14,27.9,77.4
16:45,17,27.9,77.2
16:46,18,27.9,77.4
16:47,8,27.8,78.3
16:48,16,27.9,78.6
16:49,21,27.9,78.4
16:50,26,27.9,79.4
16:51,20,27.9,78.7
16:52,10,27.9,78.5
16:53,13,27.9,78.9
16:54,9,27.9,79.1
16:55,19,27.9,78.7
16:56,24,27.9,79
16:57,8,27.9,79.1
16:58,18,27.8,79.1
16:59,14,27.8,79.5
17:00,18,27.7,79.4
17:01,28,27.7,80.4
17:02,24,27.7,80.4
17:03,21,27.7,80.7
17:04,16,27.6,81
17:05,20,27.6,81.3
17:06,17,27.5,81.8
17:07,14,27.5,82.1
17:08,21,27.4,82.4
17:09,15,27.4,81.9
17:10,12,27.5,82
17:11,13,27.4,82.4
17:12,23,27.4,82.2
17:13,23,27.4,81.8
17:15,21,27.3,82.5
17:16,19,27.3,82.7
17:17,16,27.3,83.2
17:18,18,27.2,83.4
17:19,20,27.2,83
17:20,17,27.2,82.7
17:21,11,27.2,83
17:22,28,27.2,83
17:23,17,27.1,82.9
17:24,26,27.1,83
17:25,27,27.1,82.7
17:26,13,27.1,82.8
17:27,7,27.2,83.1
17:28,17,27.2,83
17:29,19,27.2,82.9
17:30,18,27.2,82.9
17:31,18,27.2,83.4
17:32,18,27.2,82.9
17:33,17,27.2,83
17:34,29,27.1,83.3
17:35,33,27.1,83.6
17:36,12,27.1,83.6
17:37,15,27.1,83.4
17:38,21,27.1,83.8
17:39,19,27.1,83.7
17:40,30,27.1,83.6
17:41,20,27.1,83.8
17:42,19,27.1,83.6
17:43,27,27.1,83.9
17:44,12,27.1,83.7
17:45,16,27,83.9
17:46,11,27,84.2
17:47,16,27,84.2
17:48,15,27,84
17:49,13,27,83.9
17:50,15,27,84
17:51,20,26.9,84
17:52,14,26.9,84.3
17:53,19,26.9,84.4
17:54,14,26.9,84.2
17:55,6,27,84.3
17:56,21,27,84.3
17:57,34,27,84.1
17:58,16,27,84
17:59,14,27,84
18:00,16,27,84.1
18:01,27,27,84.1
18:02,9,27,84.2
18:03,13,27,84.2
18:04,25,27,84.3
18:05,20,27,84.3
18:06,18,27,84.5
18:07,20,27,84.3
18:08,22,27,84.2
18:09,25,27.1,84.1
18:10,5,27.1,83.9
18:11,16,27.2,83.4
18:12,19,27.3,83.2
18:13,22,27.2,83.2
18:14,12,27.2,83.2
18:15,18,27.2,83.2
18:16,27,27.1,83.4
18:17,19,27.2,83.2
18:18,11,27.2,83.1
18:19,19,27.3,82.9
18:20,18,27.3,83
18:21,25,27.2,82.9
18:22,19,27.2,83
18:23,27,27.2,83.1
18:24,18,27.1,83.3
18:25,22,27.2,83
18:26,12,27.2,83
18:27,14,27.1,83.2
18:28,20,27.1,83.3
18:29,17,27,83.6
18:30,15,27,83.5
18:31,14,27,83.2
18:32,25,27,83.1
18:33,21,27.1,83.3
18:34,25,27,83.4
18:35,16,27,83.2
18:36,14,27,83.5
18:37,14,27.1,83.8
18:38,25,27.1,83.9
18:39,20,27.1,84
18:40,17,27.1,83.9
18:41,9,27.2,83.7
18:42,16,27.2,83.6
18:43,13,27.2,83.7
18:44,10,27.1,83.9
18:45,15,27.1,84
18:46,16,27.1,83.8
18:47,13,27.1,83.8
18:48,22,27.1,83.8
18:49,27,27.1,84
18:50,20,27,84.4
18:51,34,27,84.3
18:52,23,27.1,84
18:53,29,27.1,83.8
18:54,19,27,83.9
18:55,9,27.1,83.7
18:56,16,27.1,83.7
18:57,22,27.1,83.8
18:58,21,27.1,83.8
18:59,4,27.1,84.3
19:00,22,26.9,85
19:01,10,26.7,85.8
19:02,24,26.7,85.8
19:03,20,26.7,85.8
19:04,22,26.8,85.4
19:05,18,26.8,85.2
19:06,18,26.8,85.1
19:07,14,26.8,85.1
19:08,18,26.8,84.9
19:09,15,26.8,84.7
19:10,19,26.7,85
19:11,17,26.7,85.1
19:12,24,26.7,85.6
19:13,20,26.7,85.6
19:14,23,26.8,85.3
19:15,17,26.9,85
19:16,26,26.9,84.9
19:17,21,26.8,85
19:18,17,26.7,84.9
19:19,16,26.6,85.3
19:20,25,26.6,85
19:21,23,26.5,85.5
19:22,21,26.4,85.5
19:23,18,26.5,85.2
19:24,18,26.5,85.1
19:25,9,26.4,85.3
19:26,14,26.4,85.4
19:27,26,26.5,85
19:28,18,26.6,84.7
19:29,17,26.6,84.6
19:30,20,26.7,84.3
19:31,15,26.7,83.9
19:32,27,26.7,84
19:33,10,26.6,84
19:34,16,26.6,84.4
19:35,15,26.6,84.6
19:36,17,26.6,84.8
19:37,16,26.5,85.1
19:38,25,26.5,85.4
19:39,21,26.4,85.8
19:40,22,26.4,86.1
19:41,16,26.3,86.1
19:42,14,26.4,86
19:43,16,26.3,86
19:44,27,26.4,85.8
19:45,16,26.4,85.6
19:46,17,26.5,85.5
19:47,25,26.4,85.5
19:48,14,26.3,85.9
19:49,28,26.3,86
19:50,20,26.3,86.2
19:51,16,26.3,86.4
19:52,24,26.2,86.6
19:53,23,26.2,86.5
19:54,23,26.3,86.3
19:55,12,26.3,86.5
19:56,22,26.2,86.5
19:57,19,26.4,86.1
19:58,13,26.5,85.6
19:59,22,26.6,85.4
20:00,14,26.6,85.2
20:01,15,26.7,84.9
20:02,11,26.8,84.8
20:03,21,26.8,84.7
20:04,24,26.8,84.7
20:05,19,26.8,84.6
20:06,27,26.8,84.6
20:07,21,26.8,84.6
20:08,18,26.8,84.6
20:09,17,26.8,84.6
20:10,28,26.8,84.5
20:11,26,26.8,84.5
20:12,16,26.8,84.4
20:13,21,26.8,84.4
20:14,16,26.8,84.4
20:15,24,26.8,84.4
20:16,17,26.8,84.5
20:17,30,26.8,84.5
20:18,19,26.8,84.5
20:19,10,26.7,84.6
20:20,18,26.7,84.7
20:21,31,26.7,84.6
20:22,21,26.7,84.6
20:23,17,26.7,84.4
20:24,15,26.7,84.4
20:25,12,26.6,84.6
20:26,16,26.6,84.6
20:27,6,26.6,84.6
20:28,27,26.6,84.8
20:29,14,26.6,85.1
20:30,14,26.6,85.1
20:31,18,26.6,84.7
20:32,23,26.6,84.8
20:33,22,26.7,84.8
20:34,18,26.7,84.8
20:35,16,26.7,85
20:36,20,26.6,85.2
20:37,25,26.6,85.2
20:39,17,26.6,85.3
20:40,23,26.6,85.3
20:41,21,26.6,85.1
20:42,13,26.6,84.9
20:43,14,26.6,84.8
20:44,17,26.7,84.5
20:45,14,26.7,84.6
20:46,20,26.7,84.5
20:47,24,26.6,84.7
20:48,25,26.6,84.8
20:49,27,26.6,85.3
20:50,16,26.5,85.4
20:51,23,26.5,85.2
20:52,27,26.5,85.2
20:53,17,26.5,85
20:54,17,26.5,84.9
20:55,19,26.6,84.8
20:56,16,26.6,84.5
20:57,14,26.6,84.8
20:58,15,26.5,85.4
20:59,20,26.5,85.3
21:00,22,26.5,85.2
21:01,13,26.5,85.3
21:02,24,26.5,85.2
21:03,24,26.6,84.9
21:04,25,26.6,84.6
21:05,22,26.6,84.6
21:06,21,26.6,84.5
21:07,22,26.6,84.4
21:08,22,26.6,84.5
21:09,11,26.6,84.7
21:10,25,26.6,84.7
21:11,13,26.6,84.6
21:12,13,26.6,84.5
21:13,13,26.6,84.6
21:14,11,26.6,84.5
21:15,25,26.6,84.5
21:16,20,26.6,84.7
21:17,20,26.6,84.9
21:18,16,26.6,84.9
21:19,15,26.6,85
21:20,17,26.6,85
21:21,10,26.6,84.9
21:22,10,26.6,84.9
21:23,8,26.6,84.7
21:24,19,26.6,84.5
21:25,9,26.5,84.8
21:26,18,26.5,84.9
21:27,19,26.5,84.8
21:28,20,26.5,84.8
21:29,20,26.5,84.7
21:30,20,26.5,85
21:31,13,26.5,84.8
21:32,18,26.5,84.7
21:33,20,26.6,84.6
21:34,20,26.6,84.6
21:35,11,26.6,84.6
21:36,10,26.6,84.7
21:37,21,26.5,84.9
21:38,18,26.5,85
21:39,19,26.5,85
21:40,27,26.5,84.9
21:41,29,26.5,84.8
21:42,16,26.6,84.8
21:43,15,26.6,84.8
21:44,9,26.6,84.8
21:45,18,26.6,84.9
21:46,20,26.6,85
21:47,21,26.5,85
21:48,22,26.5,85.2
21:49,25,26.5,85.2
21:50,26,26.5,85.1
21:51,12,26.5,85.3
21:52,19,26.5,85.2
21:53,10,26.4,85.4
21:54,20,26.4,85.6
21:55,28,26.4,85.3
21:56,22,26.5,85.2
21:57,21,26.5,85.1
21:58,20,26.5,84.9
21:59,9,26.5,85.2
22:00,13,26.5,85.3
22:01,15,26.5,85.2
22:02,19,26.4,85.6
22:03,23,26.4,85.7
22:04,15,26.4,85.8
22:05,14,26.3,86
22:06,13,26.3,86
22:07,12,26.4,86.1
22:08,20,26.3,86.1
22:09,21,26.3,86.1
22:10,21,26.3,86.1
22:11,14,26.4,85.8
22:12,15,26.4,85.6
22:13,6,26.5,85.5
22:14,19,26.5,85.4
22:15,14,26.5,85.4
22:16,28,26.5,85.4
22:17,14,26.5,85.5
22:18,13,26.5,85.6
22:19,26,26.5,85.4
22:20,17,26.6,85.3
22:21,18,26.6,85.2
22:22,28,26.6,85.3
22:23,24,26.5,85.4
22:24,14,26.5,85.4
22:25,13,26.4,85.5
22:26,15,26.4,85.6
22:27,21,26.4,85.6
22:28,23,26.5,85.5
22:29,24,26.4,85.5
22:30,16,26.4,85.6
22:31,16,26.4,85.6
22:32,12,26.4,85.6
22:33,17,26.4,85.7
22:34,27,26.4,85.7
22:35,16,26.4,85.7
22:36,25,26.4,85.8
22:37,11,26.4,85.7
22:38,18,26.5,85.4
22:39,14,26.5,85.4
22:40,19,26.5,85.3
22:41,23,26.5,85.3
22:42,25,26.5,85.3
22:43,28,26.5,85.2
22:44,19,26.5,85.2
22:45,22,26.5,85.2
22:46,25,26.5,85.2
22:47,17,26.5,85.1
22:48,20,26.4,85.2
22:49,18,26.4,85.3
22:50,23,26.4,85.3
22:51,25,26.4,85.3
22:52,22,26.4,85.3
22:53,20,26.4,85.5
22:54,9,26.4,85.5
22:55,28,26.4,85.5
22:56,16,26.4,85.6
22:57,20,26.3,85.6
22:58,10,26.4,85.5
22:59,22,26.4,85.5
23:00,21,26.4,85.6
23:01,18,26.4,85.6
23:03,22,26.3,85.7
23:04,21,26.3,85.8
23:05,16,26.4,85.7
23:06,29,26.4,85.5
23:07,12,26.5,85.4
23:08,21,26.5,85.2
23:09,19,26.5,85.3
23:10,19,26.5,85.3
23:12,21,26.4,85.7
23:13,20,26.4,85.5
23:14,11,26.4,85.2
23:15,16,26.4,85.3
23:16,19,26.4,85.3
23:17,20,26.4,85.3
23:18,22,26.4,85.2
23:19,12,26.4,85.2
23:20,26,26.4,85.3
23:21,38,26.4,85.2
23:22,15,26.4,85.3
23:23,22,26.5,84.7
23:24,25,26.6,84.5
23:25,14,26.6,84.2
23:27,24,26.5,84.4
23:28,21,26.5,84.6
23:29,21,26.5,84.7
23:30,19,26.5,84.8
23:31,12,26.5,84.9
23:32,17,26.5,84.9
23:33,24,26.4,85.1
23:34,13,26.4,85.2
23:35,13,26.4,85.1
23:36,23,26.4,85.2
23:37,21,26.4,85.1
23:38,23,26.4,85.1
23:39,21,26.4,85.3
23:40,16,26.3,85.4
23:41,22,26.3,85.3
23:42,20,26.3,85.4
23:43,18,26.3,85.3
23:44,12,26.4,85.2
23:45,21,26.4,84.9
23:46,18,26.4,84.9
23:47,20,26.4,84.9
23:48,27,26.4,84.8
23:49,23,26.4,84.8
23:50,23,26.4,84.7
23:51,20,26.4,84.7
23:52,23,26.4,84.7
23:53,15,26.4,85
23:54,23,26.4,85
23:55,20,26.4,85.1
23:56,19,26.4,85.1
23:57,19,26.4,84.9
23:58,16,26.4,84.9
23:59,19,26.4,84.9