00,00,00,16,26.3,85
00,01,00,19,26.3,85
00,02,00,21,26.4,84.8
00,03,00,26,26.3,85
00,04,00,16,26.3,85
00,05,00,17,26.3,85.1
00,06,00,17,26.4,85
00,07,00,33,26.4,84.7
00,08,00,19,26.4,84.8
00,09,00,14,26.4,84.8
00,10,00,29,26.4,84.8
00,11,00,14,26.4,84.8
00,12,00,13,26.4,84.7
00,13,00,19,26.4,84.8
00,14,00,13,26.3,84.9
00,15,00,32,26.4,84.9
00,16,00,30,26.4,84.7
00,17,00,16,26.4,84.5
00,18,00,27,26.4,84.4
00,19,00,19,26.4,84.6
00,20,00,11,26.4,84.7
00,21,00,16,26.3,84.9
00,22,00,12,26.3,84.9
00,23,00,20,26.3,85
00,24,00,21,26.3,84.9
00,25,00,26,26.3,84.9
00,26,00,13,26.3,84.9
00,27,00,21,26.3,85
00,28,00,22,26.3,85.1
00,29,00,30,26.3,85
00,30,00,17,26.3,84.9
00,31,00,22,26.3,84.9
00,32,00,22,26.3,84.9
00,33,00,20,26.3,84.7
00,34,00,22,26.3,84.8
00,35,00,16,26.3,84.8
00,36,00,12,26.3,84.7
00,37,00,28,26.4,84.7
00,38,00,20,26.4,84.8
00,39,00,27,26.3,84.8
00,40,00,23,26.3,84.8
00,41,00,26,26.3,84.8
00,42,00,15,26.3,84.9
00,43,00,17,26.3,84.9
00,44,00,21,26.3,84.8
00,45,00,10,26.3,84.9
00,46,00,12,26.3,84.6
00,47,00,12,26.3,84.7
00,48,00,15,26.3,84.9
00,49,00,21,26.3,85
00,50,00,26,26.2,85
00,51,00,13,26.2,85.1
00,52,00,24,26.2,85.1
00,53,00,19,26.3,85
00,54,00,13,26.3,84.8
00,55,00,22,26.3,84.8
00,56,00,21,26.3,84.9
00,57,00,11,26.3,85
00,58,00,25,26.3,85
00,59,00,21,26.2,85
01,00,00,20,26.3,84.7
01,01,00,23,26.2,84.9
01,02,00,17,26.3,85.1
01,03,00,15,26.2,85.1
01,04,00,16,26.2,85.2
01,05,00,22,26.3,84.9
01,06,00,14,26.3,85
01,07,00,15,26.3,85.1
01,08,00,16,26.2,85.1
01,09,00,17,26.3,85.1
01,10,00,19,26.3,85
01,11,00,15,26.3,84.8
01,12,00,24,26.3,84.7
01,13,00,19,26.3,84.6
01,14,00,10,26.3,84.6
01,15,00,25,26.3,84.8
01,16,00,12,26.3,84.9
01,17,00,15,26.3,84.9
01,18,00,16,26.2,85
01,19,00,23,26.3,84.9
01,20,00,15,26.4,84.6
01,21,00,18,26.4,84.2
01,22,00,18,26.4,84.3
01,23,00,18,26.4,84.5
01,24,00,14,26.3,84.5
01,25,00,7,26.3,84.6
01,26,00,21,26.3,84.7
01,27,00,8,26.3,84.6
01,28,00,14,26.2,84.8
01,29,00,16,26.2,84.9
01,30,00,18,26.3,84.8
01,31,00,16,26.3,84.6
01,32,00,20,26.4,84.4
01,33,00,12,26.4,84.2
01,34,00,14,26.5,83.8
01,35,00,18,26.5,83.7
01,36,00,20,26.6,83.3
01,37,00,23,26.6,83.3
01,38,00,12,26.6,83.1
01,39,00,23,26.6,83.3
01,40,00,20,26.6,83.1
01,41,00,22,26.6,83.1
01,42,00,17,26.5,83.5
01,43,00,19,26.4,83.8
01,44,00,19,26.3,83.9
01,45,00,7,26.3,84
01,46,00,18,26.3,84.1
01,47,00,18,26.3,84.2
01,48,00,16,26.3,84.3
01,49,00,14,26.2,84.3
01,50,00,10,26.3,84
01,51,00,11,26.3,84.1
01,52,00,25,26.2,84.3
01,53,00,32,26.2,84.2
01,54,00,14,26.2,84.2
01,55,00,16,26.2,84.1
01,56,00,27,26.2,84.1
01,57,00,21,26.2,84.2
01,58,00,26,26.2,84
01,59,00,13,26.2,83.7
02,00,00,16,26.3,83.7
02,01,00,13,26.3,83.6
02,02,00,21,26.3,83.5
02,03,00,27,26.2,83.7
02,04,00,23,26.2,83.9
02,05,00,23,26.1,84.3
02,06,00,18,26.1,84.2
02,07,00,7,26.1,84.3
02,08,00,4,26.1,84.3
02,09,00,19,26.1,84.2
02,10,00,18,26.1,84.2
02,11,00,11,26.1,84.1
02,12,00,29,26.1,84.1
02,13,00,18,26.1,83.7
02,14,00,12,26.1,83.9
02,15,00,10,26.1,83.9
02,16,00,13,26.1,83.9
02,17,00,18,26.1,83.7
02,18,00,23,26.2,83.5
02,19,00,10,26.1,83.7
02,20,00,33,26.1,83.8
02,21,00,27,26.2,83.7
02,22,00,17,26.3,83.1
02,23,00,12,26.3,83
02,24,00,13,26.3,82.8
02,25,00,20,26.4,82.8
02,26,00,13,26.4,82.6
02,27,00,21,26.4,82.4
02,28,00,14,26.4,82.7
02,29,00,27,26.4,82.7
02,30,00,23,26.4,82.6
02,31,00,21,26.4,82.3
02,32,00,27,26.4,82.2
02,33,00,14,26.4,82.2
02,34,00,14,26.4,82.4
02,35,00,27,26.4,82.4
02,36,00,28,26.6,82
02,37,00,11,26.5,82
02,38,00,22,26.5,82.2
02,39,00,15,26.5,81.9
02,40,00,18,26.5,82
02,41,00,9,26.5,82.1
02,42,00,17,26.4,82.2
02,43,00,23,26.5,82.3
02,44,00,11,26.5,82.2
02,45,00,15,26.5,82.2
02,46,00,19,26.5,82.2
02,47,00,22,26.4,82.4
02,48,00,20,26.4,82.4
02,49,00,24,26.4,82.6
02,50,00,14,26.4,82.4
02,51,00,16,26.5,82.1
02,52,00,16,26.5,82
02,53,00,15,26.5,82
02,54,00,21,26.3,82.6
02,55,00,23,26.3,82.8
02,56,00,16,26.3,82.7
02,57,00,16,26.4,82.5
02,58,00,19,26.5,82.1
02,59,00,17,26.5,82.1
03,00,00,17,26.5,82
03,01,00,9,26.5,82.1
03,02,00,26,26.4,82.5
03,03,00,25,26.3,83
03,04,00,20,26.2,83.4
03,05,00,18,26.2,83.5
03,06,00,11,26.1,83.6
03,07,00,11,26.1,83.7
03,08,00,16,26.2,83.5
03,09,00,22,26.2,83.6
03,10,00,25,26.1,83.7
03,11,00,19,26.1,83.8
03,12,00,10,26,83.9
03,13,00,13,26,84
03,14,00,19,26,84.2
03,15,00,26,26,84.1
03,16,00,18,26,84.2
03,17,00,27,26,84.2
03,18,00,13,26,84.1
03,19,00,24,26,84.1
03,20,00,11,26.1,83.9
03,21,00,18,26.1,83.8
03,22,00,16,26,84
03,23,00,22,26,84.1
03,24,00,26,26.1,83.9
03,25,00,19,26.1,83.8
03,26,00,30,26.1,83.7
03,27,00,20,26.1,83.6
03,28,00,14,26.1,83.7
03,29,00,20,26.1,83.7
03,30,00,37,26.1,83.6
03,31,00,17,26.1,83.4
03,32,00,14,26.1,83.7
03,33,00,25,26.1,83.5
03,34,00,22,26.1,83.4
03,35,00,19,26.1,83.6
03,36,00,25,26.1,83.6
03,37,00,29,26.1,83.4
03,38,00,18,26.1,83.6
03,39,00,22,26.2,83.4
03,40,00,14,26.2,83.3
03,41,00,19,26.2,83.3
03,42,00,15,26.2,83.2
03,43,00,17,26.2,83.2
03,44,00,15,26.2,83
03,45,00,13,26.2,83
03,46,00,22,26.2,83.3
03,47,00,16,26.3,83
03,48,00,9,26.3,82.9
03,49,00,21,26.3,82.9
03,50,00,10,26.3,82.7
03,51,00,17,26.3,82.8
03,52,00,14,26.3,82.5
03,53,00,19,26.3,82.5
03,54,00,13,26.3,82.3
03,55,00,31,26.3,82.1
03,56,00,25,26.3,82.5
03,57,00,17,26.2,82.7
03,58,00,12,26.2,82.5
03,59,00,15,26.3,82.4
04,00,00,21,26.4,82.1
04,01,00,20,26.4,82.2
04,02,00,17,26.4,81.9
04,03,00,24,26.4,81.8
04,04,00,21,26.4,82
04,05,00,26,26.4,81.9
04,06,00,18,26.3,82
04,07,00,12,26.4,81.8
04,08,00,20,26.4,81.6
04,09,00,22,26.4,81.9
04,10,00,16,26.4,81.7
04,11,00,20,26.4,81.6
04,12,00,21,26.4,81.7
04,13,00,37,26.4,81.8
04,14,00,12,26.3,81.9
04,15,00,18,26.3,82.1
04,16,00,12,26.3,82.1
04,17,00,14,26.2,82.1
04,18,00,13,26.2,82.2
04,19,00,13,26.1,82.5
04,20,00,16,26,82.7
04,21,00,24,26,83
04,22,00,22,25.9,83.1
04,23,00,12,26,82.9
04,24,00,20,26,82.9
04,25,00,14,26,83.1
04,26,00,15,25.9,83.2
04,27,00,11,25.9,83.3
04,28,00,12,25.9,83.2
04,29,00,22,26,83.1
04,30,00,11,25.9,83.2
04,31,00,17,25.9,83.2
04,32,00,23,25.9,83.2
04,33,00,31,25.9,83.2
04,34,00,11,26,83.1
04,35,00,18,26,83.1
04,36,00,8,26.1,82.8
04,37,00,19,26,82.9
04,38,00,15,26,83
04,39,00,22,26,83
04,40,00,10,26,82.9
04,41,00,16,26,83
04,42,00,17,25.9,83.3
04,43,00,21,25.9,83.4
04,44,00,18,25.9,83.6
04,45,00,21,25.9,83.4
04,46,00,19,25.9,83.3
04,47,00,32,25.9,83.4
04,48,00,18,25.9,83.3
04,49,00,18,26,83
04,50,00,13,26,82.9
04,51,00,24,26,83
04,52,00,21,26,83.2
04,53,00,14,25.9,83.1
04,54,00,18,26,83.2
04,55,00,23,26,83
04,56,00,16,26,82.8
04,57,00,33,26.1,82.5
04,58,00,19,26.1,82.6
04,59,00,22,26.1,82.5
05,00,00,13,26.1,82.5
05,01,00,25,26.2,82.3
05,02,00,15,26.1,82.2
05,03,00,17,26.1,82.1
05,04,00,12,26.1,82.3
05,05,00,26,26,82.4
05,06,00,18,26.1,82.4
05,07,00,15,26,82.5
05,08,00,15,26.1,82.3
05,09,00,19,26.1,82.5
05,10,00,16,26.1,82.2
05,11,00,36,26.2,82
05,12,00,20,26.2,81.7
05,13,00,27,26.2,81.6
05,14,00,28,26.1,82
05,15,00,14,26.1,82.1
05,16,00,17,26.1,82.2
05,17,00,22,26.1,82.2
05,18,00,17,26.1,82.1
05,19,00,28,26.1,82.1
05,20,00,11,26.1,82
05,21,00,17,26.1,82.2
05,22,00,15,26.1,82
05,23,00,24,26.1,82
05,24,00,15,26.1,82
05,25,00,16,26.1,82
05,26,00,14,26,82.1
05,27,00,13,26.2,81.8
05,28,00,15,26.2,81.5
05,29,00,18,26.2,81.2
05,30,00,21,26.2,81.1
05,31,00,21,26.2,81.3
05,32,00,12,26.2,81.2
05,33,00,13,26.1,81.5
05,34,00,16,26.2,81.4
05,35,00,24,26.1,81.6
05,36,00,14,26,81.9
05,37,00,20,26.1,82
05,38,00,11,26.1,81.8
05,39,00,25,26,82
05,40,00,19,26,82.2
05,41,00,17,25.9,82.4
05,42,00,17,25.9,82.5
05,43,00,17,25.9,82.5
05,44,00,19,25.9,82.7
05,45,00,24,25.9,82.7
05,46,00,22,25.9,82.7
05,47,00,20,25.9,82.8
05,48,00,11,25.9,82.7
05,49,00,21,25.9,82.7
05,50,00,21,25.9,82.6
05,51,00,13,25.9,82.6
05,52,00,33,25.9,82.8
05,53,00,16,25.9,82.8
05,54,00,17,25.9,82.6
05,55,00,17,25.9,82.8
05,56,00,20,25.9,82.9
05,57,00,16,25.8,83.1
05,58,00,23,25.8,83.3
05,59,00,20,25.8,83.2
06,00,00,17,25.8,83.3
06,01,00,15,25.8,83.3
06,02,00,17,25.8,83.3
06,03,00,14,25.8,83.2
06,04,00,23,25.8,82.9
06,05,00,17,25.9,82.8
06,06,00,16,25.8,82.9
06,07,00,20,25.8,83
06,08,00,15,25.8,83.2
06,09,00,16,25.8,83.2
06,10,00,18,25.8,83.2
06,11,00,21,25.8,83.5
06,12,00,28,25.8,83.4
06,13,00,21,25.9,83.3
06,14,00,34,26,83
06,15,00,13,25.9,83
06,16,00,20,25.9,83
06,17,00,11,25.9,83.2
06,18,00,20,25.9,83.1
06,19,00,24,25.9,83.1
06,20,00,26,25.9,83.3
06,21,00,30,25.9,83.4
06,22,00,18,25.9,83.6
06,23,00,16,25.9,83.6
06,24,00,28,26,83.5
06,25,00,18,26.1,83.2
06,26,00,14,26.1,83.2
06,27,00,19,26.1,83.2
06,28,00,15,26.1,83.1
06,29,00,16,26.1,83
06,30,00,21,26.1,82.8
06,31,00,19,26,83
06,32,00,14,26.1,83
06,33,00,28,26.1,82.6
06,34,00,18,26.1,82.7
06,35,00,27,26,82.8
06,36,00,23,26,82.8
06,37,00,20,26,83
06,38,00,14,26,83.2
06,39,00,21,26,83.1
06,40,00,21,26,83
06,41,00,17,25.9,83.2
06,42,00,15,25.9,83.2
06,43,00,34,26,83
06,44,00,24,26,82.9
06,45,00,29,26.1,82.8
06,46,00,20,26.2,82.4
06,47,00,22,26.1,82.6
06,48,00,21,26,82.8
06,49,00,28,26,82.9
06,50,00,29,26,82.9
06,51,00,25,26,83.1
06,52,00,18,26,83.2
06,53,00,28,25.9,83.2
06,54,00,19,25.9,83.4
06,55,00,24,26,83.1
06,56,00,28,25.9,82.9
06,57,00,17,25.9,83
06,58,00,20,25.9,83
06,59,00,22,25.9,83.6
07,00,00,12,25.9,83.4
07,01,00,29,25.9,83.6
07,02,00,34,25.9,83.6
07,03,00,22,25.9,83.4
07,04,00,19,26,83.3
07,05,00,29,25.9,83.2
07,06,00,19,25.9,83.2
07,07,00,25,25.9,83.2
07,08,00,28,26,83.2
07,09,00,37,26,83
07,10,00,26,26,82.8
07,11,00,19,26.1,82.6
07,12,00,22,26,82.4
07,13,00,19,25.9,82.7
07,14,00,22,25.9,82.4
07,15,00,32,25.9,82.3
07,16,00,24,25.9,82.6
07,17,00,19,25.8,82.3
07,18,00,13,25.9,82.4
07,19,00,19,26,81.8
07,20,00,17,26,81.7
07,21,00,20,25.9,81.8
07,22,00,25,25.9,81.8
07,23,00,21,26,81.8
07,24,00,23,26,81.5
07,25,00,15,26,81.4
07,26,00,15,26.1,81.2
07,27,00,20,26.1,81.3
07,28,00,24,26.1,81.7
07,29,00,16,26,82.1
07,30,00,13,25.9,82.3
07,31,00,12,25.9,82.3
07,32,00,15,25.9,82.1
07,33,00,20,26,82.1
07,34,00,18,26,81.8
07,35,00,18,25.9,82.1
07,36,00,22,25.9,82.5
07,37,00,14,25.9,82.4
07,38,00,24,26,82.5
07,39,00,13,26,82.4
07,40,00,25,26.1,82.5
07,41,00,21,26.1,82.3
07,42,00,22,26,82.5
07,43,00,23,25.9,82.6
07,44,00,20,25.9,82.7
07,45,00,27,25.9,82.5
07,46,00,18,25.9,82.6
07,47,00,30,25.9,82.6
07,48,00,25,26,82.4
07,49,00,26,25.9,82.6
07,50,00,25,25.9,82.4
07,51,00,34,25.9,82.5
07,52,00,36,25.9,82.5
07,53,00,22,25.9,82.6
07,54,00,31,25.9,82.5
07,55,00,28,25.9,82.6
07,56,00,21,25.9,82.5
07,57,00,25,25.9,82.2
07,58,00,21,25.9,82.2
07,59,00,30,26,82.3
08,00,00,18,26,82
08,01,00,27,26,82.2
08,02,00,20,26.1,82.1
08,03,00,27,26,81.6
08,04,00,35,26.1,81.7
08,05,00,29,26.1,81.9
08,06,00,31,26.1,81.9
08,07,00,18,26.2,81.8
08,08,00,29,26.2,81.5
08,09,00,16,26.2,81.9
08,10,00,32,26.2,82.1
08,11,00,8,26.2,82
08,12,00,36,26.2,81.9
08,13,00,22,26.2,81.8
08,14,00,26,26.2,82
08,15,00,22,26.2,82
08,16,00,24,26.2,82
08,17,00,20,26.2,81.9
08,18,00,32,26.2,82
08,19,00,27,26.2,82
08,21,00,25,26.3,81.9
08,22,00,39,26.3,81.9
08,23,00,33,26.3,81.9
08,24,00,34,26.3,81.9
08,25,00,25,26.3,81.9
08,26,00,26,26.3,81.8
08,27,00,22,26.3,81.7
08,28,00,30,26.3,81.8
08,29,00,33,26.3,81.7
08,30,00,26,26.3,81.7
08,31,00,24,26.4,81.6
08,32,00,22,26.3,81.7
08,33,00,17,26.3,81.7
08,34,00,23,26.4,81.6
08,35,00,21,26.4,81.7
08,36,00,16,26.4,81.8
08,37,00,26,26.4,81.6
08,38,00,16,26.4,81.4
08,39,00,22,26.4,81.5
08,40,00,18,26.4,81.2
08,41,00,24,26.5,81.1
08,42,00,26,26.4,81.5
08,43,00,31,26.4,81.6
08,44,00,24,26.4,81.7
08,45,00,31,26.3,81.7
08,46,00,30,26.3,81.7
08,47,00,28,26.3,81.7
08,48,00,21,26.4,81.8
08,49,00,34,26.4,81.6
08,50,00,17,26.4,81.7
08,51,00,23,26.4,81.7
08,52,00,26,26.4,81.6
08,53,00,29,26.4,81.5
08,54,00,30,26.4,81.7
08,55,00,18,26.5,81.5
08,56,00,22,26.5,81.4
08,57,00,17,26.5,81.3
08,58,00,15,26.6,81.2
08,59,00,16,26.6,80.9
09,00,00,37,26.6,80.9
09,01,00,20,26.6,80.8
09,02,00,22,26.6,80.9
09,03,00,31,26.5,81.2
09,04,00,14,26.6,81.4
09,05,00,24,26.5,81
09,06,00,22,26.5,81.1
09,07,00,22,26.6,81.2
09,08,00,15,26.5,81.3
09,09,00,28,26.6,81.2
09,10,00,21,26.6,81.4
09,11,00,21,26.6,81.4
09,12,00,11,26.5,81.4
09,13,00,18,26.5,81.6
09,14,00,26,26.5,81.5
09,15,00,25,26.5,81.5
09,16,00,32,26.5,81.6
09,17,00,25,26.5,81.5
09,18,00,26,26.5,81.7
09,19,00,20,26.5,81.7
09,20,00,24,26.5,81.8
09,21,00,26,26.5,81.8
09,22,00,24,26.5,81.8
09,23,00,19,26.5,81.9
09,24,00,25,26.5,81.6
09,25,00,29,26.5,81.6
09,26,00,14,26.5,81.5
09,27,00,20,26.6,81.5
09,28,00,28,26.6,81.5
09,29,00,43,26.6,81.6
09,30,00,32,26.6,81.5
09,31,00,25,26.6,81.5
09,32,00,20,26.6,81.6
09,33,00,22,26.6,81.5
09,34,00,22,26.6,81.8
09,35,00,22,26.5,81.8
09,36,00,27,26.5,81.9
09,37,00,22,26.5,81.8
09,38,00,32,26.5,81.9
09,39,00,20,26.5,81.9
09,40,00,25,26.5,82
09,41,00,24,26.5,81.9
09,42,00,24,26.6,81.6
09,43,00,18,26.5,81.8
09,44,00,20,26.5,81.9
09,45,00,35,26.5,82
09,46,00,32,26.5,82
09,47,00,29,26.5,82.1
09,48,00,36,26.5,82.1
09,49,00,24,26.6,81.7
09,50,00,19,26.6,81.6
09,51,00,12,26.6,82
09,52,00,12,26.5,81.8
09,53,00,27,26.6,81.8
09,54,00,24,26.6,81.7
09,55,00,36,26.6,81.9
09,56,00,20,26.5,82.1
09,57,00,16,26.5,82
09,58,00,15,26.6,81.9
09,59,00,40,26.6,81.8
10,00,00,25,26.6,81.8
10,01,00,22,26.6,81.8
10,02,00,28,26.6,81.9
10,03,00,23,26.6,81.8
10,04,00,20,26.6,81.8
10,05,00,24,26.6,81.9
10,06,00,15,26.6,81.7
10,07,00,20,26.6,82
10,08,00,18,26.6,82
10,09,00,18,26.6,82
10,10,00,31,26.6,82
10,11,00,21,26.6,81.9
10,12,00,24,26.6,81.9
10,13,00,38,26.6,81.9
10,14,00,15,26.6,81.9
10,15,00,31,26.7,81.7
10,16,00,28,26.7,81.8
10,17,00,37,26.6,81.9
10,18,00,21,26.7,81.9
10,19,00,34,26.7,81.9
10,20,00,23,26.7,82
10,21,00,30,26.7,81.9
10,22,00,27,26.7,81.7
10,23,00,28,26.7,81.7
10,24,00,37,26.7,81.5
10,25,00,27,26.7,81.7
10,26,00,29,26.7,81.8
10,27,00,22,26.7,82
10,28,00,16,26.7,81.8
10,29,00,35,26.7,82
10,30,00,24,26.7,82
10,31,00,29,26.7,82
10,32,00,22,26.7,82.2
10,33,00,23,26.7,82
10,34,00,35,26.7,82
10,35,00,19,26.8,81.9
10,36,00,23,26.7,81.8
10,37,00,29,26.8,81.9
10,38,00,41,26.7,82
10,39,00,31,26.8,82
10,40,00,23,26.7,82
10,41,00,32,26.7,82
10,42,00,36,26.8,81.7
10,43,00,35,26.8,81.8
10,44,00,28,26.8,81.9
10,45,00,18,26.8,81.9
10,46,00,36,26.8,81.9
10,47,00,23,26.7,82
10,48,00,33,26.7,82
10,49,00,16,26.7,82
10,50,00,26,26.7,82.1
10,51,00,31,26.8,81.9
10,52,00,32,26.8,81.7
10,53,00,30,26.8,81.7
10,54,00,25,26.8,81.4
10,55,00,38,26.8,81.6
10,56,00,21,26.8,81.6
10,57,00,29,26.8,81.5
10,58,00,47,26.8,81.5
10,59,00,44,26.8,81.6
11,00,00,47,26.8,81.5
11,01,00,43,26.8,81.6
11,02,00,33,26.8,81.6
11,03,00,47,26.9,81.5
11,04,00,42,26.9,81.6
11,05,00,34,26.9,81.6
11,06,00,31,26.9,81.6
11,07,00,26,26.9,81.7
11,08,00,60,27,81.4
11,09,00,49,27,81.4
11,10,00,39,27,81.4
11,11,00,58,27,81.3
11,12,00,63,27,81.3
11,13,00,51,27,81.3
11,14,00,30,27,81.3
11,15,00,26,27,81.2
11,16,00,36,27,81.3
11,17,00,28,27,81.3
11,18,00,40,27,81.4
11,19,00,31,27,81.3
11,20,00,32,27,81.5
11,21,00,41,27,81.4
11,22,00,29,27,81.5
11,23,00,28,27,81.4
11,24,00,20,27,81.4
11,25,00,20,27,81.6
11,26,00,14,27,81.7
11,27,00,35,27,81.5
11,28,00,24,27,81.6
11,29,00,30,27,81.7
11,30,00,23,27,81.7
11,31,00,29,27,81.7
11,32,00,27,27,81.6
11,33,00,25,27,81.6
11,34,00,25,27,81.6
11,35,00,37,27,81.6
11,36,00,31,27,81.6
11,37,00,26,27,81.5
11,38,00,21,27,81.3
11,39,00,25,27,81.5
11,40,00,40,27,81.5
11,41,00,29,27,81.6
11,42,00,47,27.1,81.5
11,43,00,11,27.1,81.4
11,44,00,20,27.1,81.5
11,45,00,28,27.1,81.4
11,46,00,36,27.1,81.5
11,47,00,35,27,81.5
11,48,00,21,27,81.6
11,49,00,20,27,81.5
11,50,00,29,27,81.6
11,51,00,13,27,81.6
11,52,00,16,27,81.6
11,53,00,26,27,81.6
11,54,00,9,27,81.6
11,55,00,38,27.1,81.6
11,56,00,35,27.1,81.5
11,57,00,34,27.1,81.6
11,58,00,27,27.1,81.5
11,59,00,27,27.1,81.5
12,00,00,35,27.1,81.5
12,01,00,25,27.1,81.5
12,02,00,18,27.1,81.5
12,03,00,48,27.1,81.5
12,04,00,38,27.1,81.5
12,05,00,24,27.1,81.5
12,06,00,30,27.2,81.4
12,07,00,32,27.2,81.5
12,08,00,26,27.1,81.6
12,09,00,28,27.1,81.6
12,10,00,25,27.1,81.7
12,11,00,26,27.2,81.7
12,12,00,25,27.1,81.8
12,13,00,31,27.1,81.8
12,14,00,20,27.2,81.7
12,15,00,17,27.2,81.6
12,16,00,18,27.2,81.8
12,17,00,23,27.2,81.7
12,18,00,20,27.2,81.8
12,19,00,18,27.1,82.1
12,20,00,18,27.1,81.8
12,21,00,36,27.2,81.9
12,22,00,26,27.2,81.9
12,23,00,12,27.2,82
12,24,00,17,27.2,82.1
12,25,00,23,27.2,82.1
12,26,00,23,27.2,82
12,27,00,31,27.2,81.9
12,28,00,19,27.2,81.9
12,29,00,19,27.2,81.9
12,30,00,30,27.2,81.9
12,31,00,42,27.2,82
12,32,00,26,27.1,82.1
12,33,00,29,27.2,82.1
12,34,00,21,27.2,82.1
12,35,00,26,27.2,82
12,36,00,22,27.2,81.9
12,37,00,17,27.2,81.9
12,38,00,32,27.2,81.9
12,39,00,18,27.2,81.9
12,40,00,40,27.2,81.8
12,41,00,26,27.2,81.7
12,42,00,37,27.2,81.7
12,43,00,34,27.2,81.7
12,44,00,19,27.2,81.6
12,45,00,34,27.2,81.7
12,46,00,16,27.2,81.4
12,47,00,37,27.2,81.6
12,48,00,36,27.2,81.6
12,49,00,29,27.2,81.5
12,50,00,27,27.2,81.4
12,51,00,30,27.2,81.4
12,52,00,17,27.2,81.4
12,54,00,32,27.2,81.3
12,55,00,32,27.3,81.3
12,56,00,11,27.3,81.3
12,57,00,17,27.3,81.2
12,58,00,30,27.3,81.3
12,59,00,25,27.2,81.3
13,00,00,38,27.3,81.2
13,01,00,21,27.3,81.2
13,02,00,35,27.3,81.2
13,03,00,29,27.3,81.2
13,04,00,26,27.3,81.1
13,05,00,33,27.3,80.9
13,06,00,28,27.3,80.9
13,07,00,30,27.3,81
13,08,00,26,27.4,80.9
13,09,00,38,27.4,80.8
13,10,00,15,27.4,80.9
13,11,00,15,27.3,81
13,12,00,18,27.3,80.9
13,13,00,30,27.4,80.9
13,14,00,31,27.4,80.9
13,15,00,39,27.4,80.9
13,16,00,22,27.4,80.6
13,17,00,31,27.4,80.8
13,18,00,16,27.4,80.6
13,19,00,27,27.4,80.7
13,20,00,32,27.4,80.7
13,21,00,20,27.4,80.7
13,22,00,28,27.4,80.8
13,23,00,19,27.4,80.7
13,24,00,22,27.4,80.7
13,25,00,26,27.4,80.8
13,26,00,36,27.4,80.7
13,27,00,39,27.4,80.6
13,28,00,21,27.4,80.6
13,29,00,25,27.4,80.5
13,30,00,14,27.4,80.5
13,31,00,30,27.4,80.3
13,32,00,23,27.4,80.5
13,33,00,38,27.4,80.5
13,34,00,28,27.4,80.5
13,35,00,28,27.4,80.4
13,36,00,24,27.4,80.4
13,37,00,27,27.4,80.5
13,38,00,33,27.5,80.1
13,39,00,22,27.4,80.3
13,40,00,17,27.5,80.1
13,41,00,20,27.5,80.2
13,42,00,28,27.5,80.4
13,43,00,26,27.5,80.3
13,44,00,31,27.5,80.4
13,45,00,28,27.5,80.3
13,46,00,19,27.5,80.3
13,47,00,23,27.5,80.2
13,48,00,19,27.5,80.2
13,49,00,21,27.5,80.3
13,50,00,26,27.6,80.1
13,51,00,18,27.6,80.2
13,52,00,42,27.6,80.2
13,53,00,25,27.6,80.2
13,54,00,32,27.6,80.1
13,55,00,31,27.6,80.1
13,56,00,27,27.6,79.9
13,57,00,29,27.6,80
13,58,00,15,27.6,80.1
13,59,00,16,27.6,80
14,00,00,20,27.6,80
14,01,00,21,27.6,79.9
14,02,00,24,27.6,79.9
14,03,00,22,27.6,79.8
14,04,00,28,27.6,80.1
14,05,00,28,27.6,79.9
14,06,00,22,27.6,80.1
14,07,00,33,27.6,80
14,08,00,20,27.6,79.9
14,09,00,25,27.6,79.9
14,10,00,28,27.6,79.7
14,11,00,27,27.6,79.9
14,12,00,17,27.6,79.8
14,13,00,19,27.6,79.6
14,14,00,26,27.6,79.7
14,15,00,31,27.6,79.9
14,16,00,21,27.6,79.8
14,17,00,21,27.6,79.9
14,18,00,26,27.5,79.9
14,19,00,34,27.6,79.9
14,20,00,32,27.6,79.9
14,21,00,19,27.6,79.7
14,22,00,26,27.6,79.5
14,23,00,25,27.6,79.7
14,24,00,28,27.6,79.5
14,25,00,26,27.6,79.4
14,26,00,21,27.6,79.5
14,27,00,27,27.6,79.4
14,28,00,22,27.6,79.6
14,29,00,26,27.6,79.3
14,30,00,21,27.5,79.4
14,31,00,30,27.5,79.2
14,32,00,23,27.6,79.3
14,33,00,22,27.6,79.2
14,34,00,19,27.6,79.3
14,35,00,27,27.6,79.2
14,36,00,22,27.6,79
14,37,00,27,27.6,79.2
14,38,00,24,27.6,78.9
14,39,00,17,27.6,78.9
14,40,00,22,27.6,78.7
14,41,00,21,27.6,78.9
14,42,00,24,27.6,78.8
14,43,00,18,27.5,78.9
14,44,00,20,27.5,79
14,45,00,14,27.6,78.9
14,46,00,28,27.6,78.9
14,47,00,21,27.6,78.7
14,48,00,5,27.6,78.8
14,49,00,27,27.6,78.8
14,50,00,24,27.5,78.7
14,51,00,36,27.5,79
14,52,00,22,27.6,78.4
14,53,00,17,27.6,78.5
14,54,00,21,27.6,78.4
14,55,00,11,27.6,78.5
14,56,00,18,27.6,78.2
14,57,00,12,27.6,78.3
14,58,00,19,27.5,78.6
14,59,00,27,27.5,78.6
15,00,00,20,27.5,78.8
15,01,00,23,27.5,78.7
15,02,00,21,27.5,78.6
15,03,00,19,27.5,78.8
15,04,00,14,27.5,78.7
15,05,00,19,27.5,78.6
15,06,00,23,27.5,78.6
15,07,00,17,27.6,78.7
15,08,00,19,27.5,78.7
15,09,00,17,27.5,78.8
15,10,00,40,27.6,78.7
15,11,00,11,27.5,78.7
15,12,00,15,27.5,78.6
15,13,00,28,27.5,78.7
15,14,00,21,27.5,78.8
15,15,00,17,27.5,78.7
15,16,00,11,27.6,78.3
15,17,00,22,27.6,78.3
15,18,00,22,27.6,78.5
15,19,00,26,27.6,78.2
15,20,00,21,27.5,78.6
15,21,00,22,27.5,78.7
15,22,00,30,27.5,78.2
15,23,00,21,27.5,78.7
15,24,00,30,27.5,78.6
15,25,00,23,27.5,78.9
15,26,00,12,27.5,79
15,27,00,18,27.5,79
15,28,00,10,27.5,78.6
15,29,00,24,27.5,78.4
15,30,00,19,27.5,78.6
15,31,00,19,27.5,78.4
15,32,00,26,27.6,78.4
15,33,00,24,27.6,78.4
15,34,00,24,27.6,77.5
15,35,00,24,27.7,77.3
15,36,00,17,27.6,77.7
15,37,00,15,27.6,78.3
15,38,00,14,27.6,78
15,39,00,28,27.6,78.2
15,40,00,16,27.6,78.2
15,41,00,22,27.6,78.4
15,42,00,23,27.6,78.4
15,43,00,27,27.5,78.1
15,44,00,26,27.6,78.3
15,45,00,18,27.6,78.2
15,46,00,14,27.6,78.4
15,47,00,15,27.6,78.3
15,48,00,17,27.6,78.3
15,49,00,13,27.5,78.2
15,50,00,20,27.6,77.7
15,51,00,11,27.6,77.8
15,52,00,13,27.6,78.2
15,53,00,17,27.5,78.4
15,54,00,25,27.5,78.3
15,55,00,30,27.5,77.6
15,56,00,15,27.5,77.6
15,57,00,24,27.5,77.7
15,58,00,18,27.6,77.8
15,59,00,9,27.6,77.8
16,00,00,28,27.6,78.1
16,01,00,17,27.5,78
16,02,00,27,27.5,78.2
16,03,00,16,27.5,78.2
16,04,00,24,27.5,78.4
16,05,00,22,27.5,77.6
16,06,00,26,27.5,77.8
16,07,00,19,27.5,78.1
16,08,00,29,27.5,78.4
16,09,00,16,27.5,78.2
16,10,00,23,27.5,78.3
16,11,00,20,27.4,77.8
16,12,00,24,27.4,78.5
16,13,00,23,27.5,78
16,14,00,23,27.5,77.9
16,15,00,31,27.5,78.1
16,16,00,14,27.6,77.7
16,17,00,14,27.6,77.4
16,18,00,21,27.5,77.8
16,19,00,15,27.5,77.5
16,20,00,20,27.5,77.4
16,21,00,14,27.4,77.4
16,22,00,22,27.5,77.4
16,23,00,24,27.5,77.5
16,24,00,25,27.4,77.6
16,25,00,14,27.4,77.5
16,26,00,18,27.4,77.6
16,27,00,20,27.4,77.5
16,28,00,27,27.4,77.4
16,29,00,24,27.3,78.1
16,30,00,27,27.3,78.2
16,31,00,20,27.3,78
16,32,00,19,27.3,78.1
16,33,00,26,27.3,78.2
16,34,00,19,27.3,78.5
16,35,00,17,27.3,78.4
16,36,00,12,27.3,78.2
16,37,00,20,27.3,78.2
16,38,00,21,27.3,78.1
16,39,00,22,27.3,78
16,40,00,21,27.3,78
16,41,00,16,27.3,78.3
16,42,00,15,27.3,78.2
16,43,00,18,27.3,78
16,44,00,22,27.3,78.1
16,45,00,25,27.3,78
16,46,00,29,27.2,78.1
16,47,00,21,27.2,78.3
16,48,00,15,27.2,78.4
16,49,00,16,27.2,78.2
16,50,00,15,27.2,78
16,51,00,27,27.2,78.3
16,52,00,23,27.2,78.2
16,53,00,26,27.1,78.4
16,54,00,26,27.1,78.7
16,55,00,26,27.1,78.6
16,56,00,12,27.2,78.4
16,57,00,21,27.2,78.4
16,58,00,22,27.2,78.7
16,59,00,23,27.2,78.7
17,00,00,21,27.1,78.8
17,01,00,19,27.1,78.8
17,02,00,18,27.2,78.9
17,03,00,15,27.2,79
17,04,00,17,27.1,79.3
17,05,00,11,26.9,79.5
17,06,00,20,26.8,79.9
17,07,00,10,26.8,80.1
17,08,00,20,26.8,80.1
17,09,00,22,26.7,79.8
17,10,00,26,26.7,80.1
17,11,00,28,26.7,79.9
17,12,00,17,26.7,80
17,13,00,19,26.7,79.7
17,14,00,37,26.7,79.7
17,15,00,11,26.8,79.7
17,16,00,20,26.6,80.2
17,17,00,15,26.6,80.6
17,18,00,27,26.7,80.5
17,19,00,26,26.7,80.7
17,20,00,25,26.7,80.3
17,21,00,7,26.8,80.3
17,22,00,18,26.7,80.5
17,23,00,35,26.6,80.7
17,24,00,10,26.6,80.7
17,25,00,20,26.6,80.8
17,26,00,25,26.7,80.6
17,27,00,22,26.6,80.8
17,28,00,11,26.6,80.6
17,29,00,23,26.6,80.8
17,30,00,23,26.6,80.8
17,31,00,14,26.7,81
17,32,00,18,26.6,81.1
17,33,00,17,26.6,81.2
17,34,00,10,26.6,81.5
17,35,00,13,26.4,81.8
17,36,00,18,26.4,81.7
17,37,00,12,26.3,81.5
17,38,00,20,26.3,81.9
17,39,00,17,26.3,82
17,40,00,14,26.4,81.7
17,41,00,18,26.4,81.7
17,42,00,19,26.4,81.6
17,43,00,15,26.4,81.8
17,44,00,13,26.4,81.7
17,45,00,10,26.4,81.6
17,46,00,30,26.5,81.4
17,47,00,13,26.5,81.4
17,48,00,25,26.4,81.9
17,49,00,12,26.3,81.8
17,50,00,37,26.4,81.9
17,51,00,25,26.4,81.7
17,52,00,26,26.4,81.7
17,53,00,12,26.4,81.6
17,54,00,26,26.3,81.7
17,55,00,27,26.1,82.3
17,56,00,18,26.1,82.5
17,57,00,28,26.1,82.3
17,58,00,19,26.2,82.4
17,59,00,11,26.1,82.7
18,00,00,26,26.1,82.7
18,01,00,17,26.1,82.6
18,02,00,12,26,82.8
18,03,00,17,26.1,82.7
18,04,00,16,26,82.7
18,05,00,17,25.8,83.3
18,06,00,15,25.7,83.7
18,07,00,16,25.9,83.3
18,08,00,22,26,82.8
18,09,00,30,26.1,82.3
18,10,00,22,26,82.4
18,11,00,21,26.1,82.2
18,12,00,19,26.1,82.3
18,13,00,20,26.2,82.2
18,14,00,28,26.2,82.1
18,15,00,17,26.3,82.1
18,16,00,8,26.3,82.3
18,17,00,24,26.3,82.4
18,18,00,12,26.2,82.5
18,19,00,16,26.1,83
18,20,00,23,26.1,83.1
18,21,00,20,26.2,82.7
18,22,00,20,26.3,82.5
18,23,00,25,26.2,82.7
18,24,00,17,26.3,82.9
18,25,00,17,26.3,82.8
18,27,00,19,26.3,83
18,28,00,16,26.3,82.7
18,29,00,16,26.1,83.1
18,30,00,23,26.1,83.3
18,31,00,24,26,83.5
18,32,00,29,26.1,83.4
18,33,00,8,26.1,83.4
18,34,00,16,26,83.7
18,35,00,24,26,83.5
18,36,00,16,26.1,83.2
18,37,00,23,25.9,83.6
18,38,00,11,25.7,84.2
18,39,00,17,25.7,84.7
18,40,00,14,25.7,84.6
18,41,00,21,25.8,84.2
18,42,00,19,25.9,84.2
18,43,00,25,25.9,84
18,44,00,13,26,83.6
18,45,00,16,26.1,83.3
18,46,00,18,26.1,83.2
18,47,00,16,26.2,83.3
18,48,00,14,26.2,83.2
18,49,00,15,25.9,83.6
18,50,00,21,25.9,83.9
18,51,00,28,26,83.7
18,52,00,22,25.9,83.9
18,53,00,16,26,83.7
18,54,00,13,26.1,83.2
18,55,00,19,26,83.3
18,56,00,13,25.9,83.9
18,57,00,14,26,83.9
18,58,00,17,25.9,83.8
18,59,00,16,25.8,84
19,00,00,19,25.8,84.2
19,01,00,21,25.9,83.8
19,02,00,7,26,83.6
19,03,00,25,26.1,83.3
19,04,00,19,26,83.5
19,05,00,15,26,83.5
19,06,00,34,26,83.5
19,07,00,20,26,83.3
19,08,00,16,26.1,83.1
19,09,00,10,26.2,83
19,10,00,24,26.2,82.9
19,11,00,19,26.2,82.7
19,12,00,23,26.2,82.7
19,13,00,31,26.2,82.7
19,14,00,10,26.2,82.8
19,15,00,23,26.2,82.7
19,16,00,14,26.2,82.7
19,17,00,10,26.2,82.8
19,18,00,16,26.1,83.1
19,19,00,15,26.1,83.1
19,20,00,23,26.2,83
19,21,00,16,26.1,83
19,22,00,23,26,83.3
19,23,00,18,26,83.5
19,24,00,16,26,83.5
19,25,00,21,26,83.5
19,26,00,18,26,83.4
19,27,00,24,26,83.7
19,28,00,21,26,83.6
19,29,00,16,26.1,83.4
19,30,00,17,26.1,83
19,31,00,16,26,83.3
19,32,00,16,26,83.2
19,33,00,13,25.9,83.5
19,34,00,24,25.8,83.9
19,35,00,18,25.7,84.2
19,36,00,19,25.7,84.3
19,37,00,17,25.8,84.2
19,38,00,29,25.9,83.8
19,39,00,17,25.9,84.1
19,40,00,13,25.9,84
19,41,00,16,25.9,84.2
19,42,00,14,26,84.2
19,43,00,13,26.1,83.8
19,44,00,21,26.1,83.6
19,45,00,24,26.1,83.6
19,46,00,20,26,83.9
19,47,00,13,26.1,83.8
19,49,00,14,26.2,83.2
19,50,00,22,26.2,83.2
19,51,00,21,26.2,83.1
19,52,00,12,26.2,83
19,53,00,18,26.2,83
19,54,00,13,26.2,83.2
19,55,00,17,26.2,83.3
19,56,00,22,25.9,84
19,57,00,19,25.8,84.3
19,58,00,18,25.9,84.1
19,59,00,21,25.9,83.9
20,00,00,21,26,83.9
20,01,00,28,26,83.5
20,02,00,28,26,83.4
20,03,00,24,25.9,83.8
20,04,00,19,25.8,83.8
20,05,00,17,25.9,84
20,06,00,15,26,83.8
20,07,00,22,26.1,83.3
20,08,00,16,26.2,83.2
20,09,00,27,26.2,83.1
20,10,00,15,26.2,82.9
20,11,00,25,26.1,83.2
20,12,00,20,26.1,83.7
20,13,00,18,26,83.8
20,14,00,19,26.1,83.5
20,15,00,16,26.1,83.3
20,16,00,12,26.2,83.4
20,17,00,21,26.1,83.4
20,18,00,11,26.1,83.6
20,19,00,10,26.1,83.3
20,20,00,20,26,83.7
20,21,00,14,26,83.8
20,22,00,19,26.1,83.7
20,23,00,21,26.1,83.5
20,24,00,16,26.1,83.5
20,25,00,17,26.1,83.5
20,26,00,13,26.1,83.3
20,27,00,19,26.1,83.4
20,28,00,10,26.1,83.4
20,29,00,12,26.1,83.5
20,30,00,16,26.1,83.6
20,31,00,14,26.1,83.6
20,32,00,19,26.1,83.5
20,33,00,14,26.1,83.5
20,34,00,27,26.1,83.7
20,35,00,17,26,84.1
20,36,00,18,25.9,84.4
20,37,00,18,25.8,84.9
20,38,00,14,25.8,85.3
20,39,00,32,25.7,85.3
20,40,00,30,25.8,85.3
20,41,00,13,25.9,85
20,42,00,15,25.8,85
20,43,00,21,25.7,85.4
20,44,00,11,25.6,85.6
20,45,00,17,25.5,85.7
20,46,00,13,25.5,85.8
20,47,00,24,25.5,85.8
20,48,00,12,25.4,86.2
20,49,00,11,25.4,86.5
20,50,00,18,25.4,86.3
20,51,00,18,25.5,86.2
20,52,00,18,25.5,86.1
20,53,00,16,25.5,86.2
20,54,00,13,25.7,85.7
20,55,00,11,25.7,85.6
20,56,00,20,25.7,85.5
20,57,00,20,25.7,85.7
20,58,00,14,25.6,85.8
20,59,00,22,25.5,85.9
21,00,00,18,25.6,86
21,01,00,21,25.8,85.5
21,02,00,25,25.9,84.9
21,03,00,14,26,84.8
21,04,00,15,26,84.4
21,05,00,16,26.1,84.3
21,06,00,14,26,84.6
21,07,00,17,26.1,84.3
21,08,00,25,26.1,84.2
21,09,00,19,26,84.5
21,10,00,19,26.1,84.4
21,11,00,14,26.1,84.3
21,12,00,11,26.1,84.3
21,13,00,14,26.1,84.5
21,14,00,15,26.1,84.2
21,15,00,12,26.1,84.2
21,16,00,19,26.1,84.2
21,17,00,9,26,84.4
21,18,00,13,26,84.3
21,19,00,28,26,84.7
21,20,00,23,26,84.6
21,21,00,19,25.9,84.6
21,22,00,17,25.8,84.9
21,23,00,17,25.8,85.4
21,24,00,15,25.8,85.5
21,25,00,8,25.9,85.3
21,26,00,17,25.9,85.2
21,27,00,11,25.9,85
21,28,00,22,25.9,84.6
21,29,00,14,25.9,84.9
21,30,00,11,25.8,85
21,31,00,9,25.9,84.8
21,32,00,9,25.8,84.8
21,33,00,14,25.7,85.3
21,34,00,21,25.7,85.2
21,35,00,10,25.8,85.1
21,36,00,22,25.9,84.8
21,37,00,20,25.9,84.7
21,38,00,21,25.9,84.4
21,39,00,23,25.9,84.3
21,40,00,13,25.9,84.6
21,41,00,24,25.9,84.7
21,42,00,15,25.9,84.6
21,43,00,14,26,84.5
21,44,00,13,26,84.3
21,45,00,21,26,84.1
21,46,00,19,26,84.2
21,47,00,23,26,84.4
21,48,00,14,26,84.8
21,49,00,22,25.9,85.1
21,50,00,11,25.9,85.1
21,51,00,12,25.9,85.1
21,52,00,11,25.9,85
21,53,00,18,25.9,84.8
21,54,00,23,25.8,84.8
21,55,00,20,25.6,85.1
21,56,00,20,25.5,85.4
21,57,00,29,25.5,85.6
21,58,00,12,25.5,85.6
21,59,00,20,25.5,85.6
22,00,00,5,25.5,85.8
22,01,00,10,25.7,85.4
22,02,00,11,25.7,85.4
22,03,00,11,25.7,85.1
22,04,00,24,25.7,85.2
22,05,00,16,25.8,85
22,06,00,22,25.9,84.6
22,07,00,12,25.9,84.5
22,08,00,15,25.9,84.6
22,09,00,21,25.7,84.9
22,10,00,14,25.5,85.5
22,11,00,23,25.4,86.1
22,12,00,19,25.3,86.4
22,13,00,34,25.5,86.1
22,14,00,27,25.6,86
22,15,00,16,25.7,85.9
22,16,00,19,25.7,85.3
22,17,00,17,25.8,85
22,18,00,19,25.8,84.9
22,19,00,19,25.9,84.7
22,20,00,19,25.9,84.7
22,21,00,12,25.9,84.8
22,22,00,26,25.9,84.7
22,23,00,18,25.9,84.6
22,25,00,20,25.9,84.8
22,26,00,26,25.8,84.9
22,27,00,16,25.7,85.1
22,28,00,31,25.7,85.2
22,29,00,13,25.8,85
22,30,00,14,25.8,84.8
22,31,00,16,25.8,84.7
22,32,00,12,25.8,84.9
22,33,00,18,25.8,84.8
22,34,00,23,25.7,85.3
22,35,00,21,25.6,85.5
22,36,00,14,25.5,85.7
22,37,00,12,25.5,85.7
22,38,00,18,25.6,85.5
22,39,00,23,25.6,85.4
22,40,00,16,25.6,85.4
22,41,00,16,25.7,85.2
22,42,00,21,25.7,85.3
22,43,00,28,25.7,85.1
22,44,00,14,25.7,85
22,45,00,16,25.6,85.3
22,46,00,22,25.6,85.4
22,47,00,13,25.6,85.3
22,48,00,15,25.6,85.1
22,49,00,21,25.7,85
22,50,00,21,25.7,84.8
22,51,00,18,25.7,84.9
22,52,00,18,25.7,84.8
22,53,00,19,25.7,84.8
22,54,00,21,25.7,84.6
22,55,00,19,25.7,84.6
22,56,00,16,25.7,84.8
22,57,00,14,25.7,85
22,58,00,23,25.6,85.1
22,59,00,15,25.6,85.3
23,00,00,32,25.5,85.5
23,01,00,25,25.4,85.8
23,02,00,23,25.3,86
23,03,00,11,25.3,86
23,04,00,33,25.4,86
23,05,00,18,25.3,86.2
23,06,00,14,25.4,86
23,07,00,21,25.4,85.9
23,08,00,22,25.4,85.7
23,09,00,25,25.4,85.8
23,10,00,21,25.4,85.9
23,11,00,23,25.5,85.7
23,12,00,11,25.6,85.4
23,13,00,17,25.6,85.1
23,14,00,17,25.6,85.1
23,15,00,14,25.7,84.8
23,16,00,27,25.8,84.8
23,17,00,26,25.8,84.7
23,18,00,14,25.8,84.6
23,19,00,24,25.9,84.4
23,20,00,24,25.9,84.4
23,21,00,22,26,84
23,22,00,17,26,83.7
23,23,00,11,26,83.6
23,24,00,26,26,83.8
23,25,00,27,26,83.8
23,26,00,21,26,83.9
23,27,00,23,26,84
23,28,00,24,25.9,84.2
23,29,00,28,26,84
23,30,00,13,26.1,83.8
23,31,00,19,26.1,83.5
23,32,00,17,26.1,83.4
23,33,00,27,26.1,83.4
23,34,00,19,26,83.6
23,35,00,15,26,83.8
23,36,00,17,26,83.7
23,37,00,16,25.9,83.8
23,38,00,13,25.9,84
23,39,00,14,25.9,83.9
23,40,00,21,26,83.5
23,41,00,19,26.1,83.1
23,42,00,12,26.1,83
23,43,00,20,26.1,83.1
23,44,00,18,26.1,83
23,45,00,22,26.1,82.9
23,46,00,19,26.1,82.8
23,47,00,17,26.1,83
23,49,00,27,26.1,83.1
23,50,00,19,26,83.2
23,51,00,13,26,83.2
23,52,00,25,26,83.2
23,53,00,10,26,83.4
23,54,00,21,26,83.3
23,55,00,13,26,83.4
23,56,00,20,26,83.5
23,57,00,18,26,83.5
23,58,00,17,26,83.7
23,59,00,18,26,83.7
