00,00,00,19,25.3,81.7
00,01,00,16,25.3,81.6
00,02,00,24,25.3,81.7
00,03,00,23,25.4,81.5
00,04,00,20,25.2,81.8
00,05,00,15,25.2,82.1
00,06,00,12,25.2,82.0
00,07,00,13,25.2,81.9
00,08,00,16,25.3,81.7
00,09,00,25,25.3,81.7
00,10,00,9,25.3,81.7
00,11,00,24,25.4,81.5
00,12,00,22,25.4,81.3
00,13,00,36,25.4,81.2
00,14,00,16,25.4,81.3
00,15,00,15,25.4,81.2
00,16,00,14,25.4,81.2
00,17,00,13,25.4,81.3
00,19,00,18,25.4,81.3
00,20,00,26,25.4,81.2
00,21,00,19,25.4,81.1
00,22,00,12,25.5,80.8
00,23,00,21,25.4,80.8
00,24,00,21,25.4,81.0
00,25,00,14,25.4,81.1
00,26,00,13,25.4,81.1
00,27,00,22,25.4,81.0
00,28,00,15,25.3,81.2
00,29,00,29,25.3,81.3
00,30,00,23,25.4,81.3
00,31,00,17,25.4,81.1
00,32,00,16,25.4,81.1
00,33,00,15,25.4,81.0
00,34,00,23,25.4,81.1
00,35,00,17,25.3,81.3
00,36,00,16,25.3,81.3
00,37,00,17,25.3,81.3
00,38,00,26,25.3,81.4
00,39,00,13,25.3,81.5
00,40,00,21,25.3,81.5
00,41,00,17,25.2,81.7
00,42,00,27,25.2,81.6
00,43,00,16,25.3,81.5
00,44,00,27,25.3,81.5
00,45,00,18,25.2,81.7
00,46,00,13,25.2,81.7
00,47,00,32,25.3,81.4
00,48,00,24,25.3,81.4
00,49,00,18,25.2,81.5
00,50,00,20,25.2,81.6
00,51,00,24,25.3,81.5
00,52,00,11,25.3,81.5
00,53,00,12,25.3,81.4
00,54,00,17,25.3,81.0
00,55,00,18,25.3,81.2
00,56,00,20,25.3,81.4
00,57,00,22,25.3,81.3
00,58,00,18,25.3,81.3
00,59,00,12,25.2,81.4
01,00,00,24,25.3,81.4
01,01,00,11,25.3,81.3
01,02,00,22,25.3,81.2
01,03,00,17,25.3,81.2
01,04,00,10,25.3,81.1
01,05,00,17,25.3,81.1
01,06,00,27,25.2,81.0
01,07,00,14,25.2,81.3
01,08,00,12,25.1,81.6
01,09,00,8,24.9,81.9
01,10,00,20,24.6,82.7
01,11,00,16,24.7,82.9
01,12,00,26,24.8,82.6
01,13,00,19,24.8,82.5
01,14,00,16,24.9,82.4
01,15,00,12,24.9,82.2
01,16,00,17,25.0,81.9
01,17,00,18,25.1,81.6
01,18,00,20,25.1,81.4
01,19,00,23,25.2,81.2
01,20,00,17,25.2,81.2
01,21,00,20,25.1,81.3
01,22,00,28,25.0,81.6
01,23,00,15,24.9,81.7
01,24,00,11,24.9,81.6
01,25,00,17,25.0,81.6
01,26,00,12,25.1,81.4
01,27,00,21,25.1,81.3
01,28,00,24,25.1,81.3
01,29,00,20,25.1,81.2
01,30,00,16,25.1,81.0
01,31,00,15,25.1,81.0
01,32,00,24,25.2,80.8
01,33,00,16,25.2,80.7
01,34,00,15,25.2,80.7
01,35,00,26,25.2,80.7
01,36,00,21,25.2,80.8
01,37,00,17,25.2,80.7
01,38,00,26,25.2,80.7
01,39,00,8,25.3,80.5
01,40,00,20,25.3,80.5
01,41,00,15,25.2,80.5
01,42,00,24,25.2,80.5
01,43,00,26,25.2,80.6
01,44,00,15,25.2,80.5
01,45,00,16,25.2,80.6
01,46,00,15,25.2,80.7
01,47,00,12,25.2,80.5
01,48,00,7,25.2,80.6
01,49,00,14,25.3,80.5
01,50,00,19,25.3,80.6
01,51,00,23,25.2,80.6
01,52,00,15,25.2,80.7
01,53,00,16,25.2,80.7
01,54,00,15,25.3,80.5
01,55,00,19,25.3,80.5
01,56,00,16,25.3,80.5
01,57,00,15,25.3,80.5
01,58,00,27,25.2,80.4
01,59,00,32,25.1,80.8
02,00,00,33,25.1,81.1
02,01,00,21,25.0,81.3
02,02,00,22,25.0,81.2
02,03,00,23,25.0,81.3
02,04,00,17,25.1,81.3
02,05,00,20,25.1,81.2
02,06,00,21,25.1,80.9
02,07,00,31,25.1,80.9
02,08,00,12,24.8,81.7
02,09,00,25,24.6,82.2
02,10,00,19,24.4,83.2
02,11,00,23,24.4,83.3
02,12,00,13,24.6,82.8
02,13,00,10,24.7,82.5
02,14,00,16,24.7,82.0
02,15,00,12,24.4,83.0
02,16,00,26,24.2,83.7
02,17,00,13,24.2,83.8
02,18,00,19,24.4,83.3
02,19,00,19,24.6,82.8
02,20,00,12,24.7,82.4
02,21,00,22,24.8,81.9
02,22,00,21,24.9,81.7
02,23,00,28,24.9,81.5
02,24,00,23,25.0,81.2
02,25,00,22,24.8,81.4
02,26,00,17,24.6,82.1
02,27,00,27,24.7,82.1
02,28,00,25,24.8,81.8
02,29,00,11,24.8,81.6
02,30,00,22,24.9,81.5
02,31,00,14,24.9,81.4
02,32,00,18,24.9,81.3
02,33,00,11,24.9,81.2
02,34,00,20,24.9,81.1
02,35,00,23,24.9,80.9
02,36,00,16,24.9,80.9
02,37,00,25,24.9,81.0
02,38,00,15,24.9,81.0
02,39,00,26,25.0,80.9
02,40,00,14,25.0,80.8
02,41,00,18,25.0,80.7
02,42,00,14,25.1,80.5
02,43,00,11,25.1,80.5
02,44,00,16,25.1,80.4
02,45,00,24,25.1,80.4
02,46,00,15,25.1,80.4
02,47,00,36,25.1,80.4
02,48,00,23,25.1,80.4
02,49,00,11,25.1,80.2
02,50,00,12,25.1,80.5
02,51,00,10,25.1,80.3
02,52,00,17,25.1,80.4
02,53,00,18,25.1,80.3
02,54,00,22,25.1,80.3
02,55,00,13,25.1,80.2
02,56,00,19,25.1,80.1
02,57,00,8,25.1,80.0
02,58,00,18,25.1,79.9
02,59,00,24,25.1,79.8
03,00,00,21,25.1,80.0
03,01,00,17,25.1,79.9
03,02,00,14,25.1,79.7
03,03,00,19,25.1,79.8
03,04,00,16,25.1,79.9
03,05,00,19,25.1,80.0
03,06,00,21,25.0,80.1
03,07,00,18,25.1,79.9
03,08,00,15,25.0,79.9
03,09,00,20,25.0,80.2
03,10,00,19,25.0,80.2
03,11,00,8,25.0,80.3
03,12,00,31,25.0,80.3
03,13,00,24,25.0,80.3
03,14,00,23,25.0,80.2
03,15,00,24,25.1,80.1
03,16,00,15,25.0,79.7
03,17,00,20,24.9,80.1
03,18,00,11,24.8,80.5
03,19,00,15,24.6,80.9
03,20,00,13,24.6,81.2
03,21,00,17,24.6,81.3
03,22,00,12,24.7,81.1
03,23,00,11,24.7,80.9
03,24,00,18,24.8,80.9
03,25,00,15,24.8,80.8
03,26,00,15,24.8,80.8
03,27,00,10,24.8,80.9
03,28,00,23,24.8,80.6
03,29,00,20,24.6,80.7
03,30,00,15,24.6,80.9
03,31,00,18,24.6,81.0
03,33,00,12,24.7,81.1
03,34,00,18,24.7,81.1
03,36,00,9,24.7,80.9
03,37,00,20,24.7,80.9
03,38,00,17,24.7,80.8
03,39,00,21,24.7,80.7
03,41,00,19,24.7,80.7
03,42,00,16,24.7,80.8
03,43,00,25,24.6,80.9
03,45,00,35,24.6,80.8
03,46,00,23,24.5,81.1
03,47,00,11,24.4,81.5
03,48,00,16,24.4,81.4
03,49,00,21,24.5,81.2
03,50,00,15,24.6,81.2
03,51,00,8,24.6,81.2
03,52,00,16,24.6,81.0
03,53,00,25,24.6,80.9
03,54,00,23,24.7,80.7
03,55,00,9,24.7,80.4
03,56,00,13,24.7,80.3
03,57,00,18,24.5,80.7
03,59,00,25,24.4,81.6
04,00,00,9,24.5,81.3
04,01,00,7,24.3,81.0
04,02,00,23,23.9,82.3
04,03,00,12,24.0,82.5
04,05,00,19,24.1,82.1
04,06,00,12,24.2,82.0
04,07,00,15,24.4,81.7
04,08,00,18,24.5,81.3
04,09,00,19,24.5,81.0
04,10,00,6,24.6,80.9
04,11,00,34,24.3,81.1
04,12,00,22,23.9,82.2
04,13,00,12,23.7,82.7
04,14,00,17,23.8,83.2
04,15,00,12,23.9,83.0
04,16,00,11,24.1,82.5
04,17,00,15,24.2,82.1
04,18,00,19,24.3,81.6
04,19,00,21,24.4,81.2
04,20,00,18,24.5,81.0
04,21,00,13,24.6,80.5
04,22,00,21,24.6,80.4
04,23,00,26,24.7,80.1
04,24,00,17,24.6,80.1
04,25,00,19,24.6,80.1
04,26,00,24,24.6,80.5
04,27,00,27,24.6,80.4
04,28,00,18,24.6,80.3
04,29,00,30,24.7,80.3
04,30,00,24,24.7,79.8
04,31,00,22,24.7,79.8
04,32,00,18,24.3,80.7
04,33,00,23,24.3,81.0
04,34,00,14,24.4,81.0
04,35,00,17,24.5,80.7
04,36,00,19,24.6,80.5
04,37,00,15,24.6,80.4
04,38,00,14,24.6,80.2
04,39,00,21,24.7,80.0
04,40,00,15,24.5,80.2
04,41,00,15,24.5,80.4
04,42,00,20,24.5,80.4
04,43,00,19,24.5,80.4
04,44,00,20,24.2,81.0
04,45,00,20,24.1,81.6
04,46,00,15,24.2,81.2
04,47,00,12,24.3,80.9
04,48,00,16,24.4,80.6
04,49,00,17,24.4,80.9
04,50,00,24,24.3,80.8
04,51,00,18,24.0,81.8
04,52,00,17,24.0,81.7
04,53,00,16,24.1,81.5
04,54,00,21,24.1,81.5
04,55,00,14,24.2,81.3
04,56,00,14,24.2,81.2
04,57,00,19,24.0,81.1
04,58,00,21,23.8,81.9
04,59,00,9,23.9,81.9
05,00,00,17,24.0,81.6
05,01,00,13,24.1,81.5
05,02,00,19,24.1,81.3
05,03,00,23,24.2,81.1
05,04,00,17,24.2,80.9
05,05,00,12,24.2,80.8
05,06,00,27,24.0,81.5
05,07,00,31,24.1,81.5
05,08,00,15,24.2,81.2
05,09,00,18,24.2,81.2
05,10,00,24,24.2,80.9
05,11,00,15,24.2,80.9
05,12,00,19,24.2,81.1
05,13,00,16,24.0,81.3
05,14,00,16,24.0,81.6
05,15,00,15,24.1,81.2
05,16,00,17,24.0,81.1
05,17,00,17,23.8,81.8
05,18,00,21,23.8,82.0
05,19,00,18,23.9,81.9
05,20,00,17,24.0,81.5
05,21,00,24,23.9,81.3
05,22,00,18,23.7,82.2
05,23,00,25,23.7,82.4
05,24,00,17,23.8,81.9
05,25,00,24,23.7,82.1
05,26,00,9,23.4,82.8
05,27,00,16,23.4,83.4
05,28,00,29,23.4,83.2
05,29,00,9,23.6,83.0
05,30,00,9,23.7,82.8
05,31,00,8,23.7,82.1
05,32,00,10,23.6,82.7
05,33,00,17,23.7,82.7
05,34,00,24,23.8,82.0
05,35,00,26,23.7,82.4
05,36,00,14,23.8,82.0
05,37,00,19,24.0,81.5
05,38,00,18,24.1,81.3
05,39,00,19,24.1,80.9
05,40,00,11,24.2,80.8
05,41,00,24,24.2,80.7
05,42,00,11,23.9,81.5
05,43,00,17,23.9,81.8
05,44,00,17,24.0,81.7
05,45,00,15,24.1,81.4
05,46,00,14,24.1,81.1
05,47,00,28,24.2,80.8
05,48,00,19,24.1,80.7
05,49,00,16,23.9,81.7
05,50,00,26,24.0,81.6
05,51,00,23,24.1,81.1
05,52,00,18,24.2,80.8
05,53,00,16,24.2,80.7
05,54,00,17,24.1,80.6
05,55,00,24,23.9,81.1
05,56,00,9,23.9,81.4
05,57,00,26,24.0,81.4
05,58,00,15,24.1,81.2
05,59,00,24,24.2,80.8
06,00,00,22,24.1,80.9
06,01,00,27,23.9,81.4
06,02,00,22,24.1,81.1
06,03,00,19,24.2,80.9
06,04,00,19,24.2,80.7
06,05,00,13,24.3,80.4
06,06,00,22,24.3,80.7
06,07,00,15,24.3,81.1
06,08,00,21,24.3,80.9
06,09,00,15,24.4,80.7
06,10,00,25,24.3,80.7
06,11,00,25,24.0,81.8
06,12,00,15,23.6,83.0
06,13,00,26,23.4,83.8
06,14,00,28,23.5,84.1
06,15,00,19,23.7,83.6
06,16,00,8,23.8,83.0
06,17,00,27,24.0,82.4
06,18,00,15,24.2,82.0
06,19,00,12,24.3,81.5
06,20,00,9,24.3,81.2
06,21,00,20,24.4,81.1
06,22,00,9,24.5,80.9
06,23,00,14,24.5,80.7
06,24,00,16,24.6,80.6
06,25,00,36,24.6,80.7
06,26,00,17,24.6,80.7
06,27,00,25,24.6,80.9
06,28,00,18,24.6,80.8
06,29,00,20,24.6,80.6
06,30,00,23,24.7,80.4
06,31,00,7,24.7,80.3
06,32,00,32,24.7,80.4
06,33,00,16,24.7,80.3
06,34,00,19,24.7,80.3
06,35,00,17,24.7,80.5
06,36,00,14,24.7,80.4
06,37,00,31,24.7,80.5
06,38,00,28,24.7,80.5
06,39,00,14,24.7,80.3
06,40,00,24,24.7,80.5
06,41,00,13,24.7,80.7
06,42,00,25,24.7,80.5
06,43,00,28,24.7,80.5
06,44,00,21,24.8,80.3
06,45,00,17,24.8,80.5
06,46,00,21,24.8,80.6
06,47,00,25,24.8,80.7
06,48,00,19,24.8,80.9
06,49,00,26,24.7,81.0
06,50,00,26,24.7,81.1
06,51,00,18,24.7,80.9
06,52,00,27,24.8,81.0
06,53,00,17,24.8,81.1
06,54,00,17,24.8,81.0
06,55,00,27,24.8,81.0
06,56,00,22,24.8,81.0
06,57,00,20,24.8,81.0
06,58,00,19,24.8,81.1
06,59,00,18,24.9,80.9
07,00,00,19,24.9,80.9
07,01,00,18,24.9,80.6
07,02,00,16,24.9,80.6
07,03,00,28,24.9,80.7
07,04,00,22,24.8,81.0
07,05,00,29,24.9,80.9
07,06,00,28,24.9,80.8
07,07,00,23,24.9,80.8
07,08,00,31,24.9,81.2
07,09,00,20,24.8,81.6
07,10,00,15,24.8,81.6
07,11,00,24,24.9,81.5
07,12,00,29,24.9,81.5
07,13,00,24,24.9,81.5
07,14,00,20,24.9,81.1
07,15,00,31,25.0,80.9
07,16,00,24,24.9,81.0
07,17,00,16,24.9,81.2
07,18,00,19,24.9,81.5
07,19,00,20,24.9,81.1
07,20,00,27,25.0,81.1
07,21,00,29,25.0,80.9
07,22,00,14,25.0,81.0
07,23,00,19,24.9,81.2
07,24,00,29,24.9,81.3
07,25,00,20,25.0,81.3
07,26,00,18,25.0,81.1
07,27,00,36,25.1,81.1
07,28,00,23,25.0,81.0
07,29,00,26,25.0,81.2
07,30,00,19,25.0,81.3
07,31,00,22,24.9,81.6
07,32,00,20,25.0,81.8
07,33,00,32,25.0,82.0
07,34,00,28,25.0,81.9
07,35,00,26,25.0,81.9
07,36,00,27,25.0,82.1
07,37,00,27,25.0,82.0
07,38,00,42,25.0,82.0
07,39,00,24,25.0,82.2
07,40,00,15,25.0,82.3
07,41,00,29,25.0,82.3
07,42,00,30,25.0,82.4
07,43,00,21,25.0,82.5
07,44,00,28,25.0,82.8
07,45,00,23,25.0,82.5
07,46,00,27,25.1,82.5
07,47,00,30,25.1,82.5
07,48,00,34,25.1,82.5
07,49,00,29,25.0,82.7
07,50,00,32,25.0,82.9
07,51,00,32,25.0,83.0
07,52,00,42,25.0,82.8
07,53,00,37,25.1,82.9
07,54,00,21,25.1,82.9
07,55,00,27,25.1,82.7
07,56,00,47,25.1,82.9
07,57,00,19,25.1,82.9
07,58,00,36,25.1,82.9
07,59,00,26,25.1,82.9
08,00,00,27,25.1,82.8
08,01,00,20,25.1,82.9
08,02,00,31,25.1,83.0
08,03,00,40,25.1,83.0
08,04,00,30,25.1,82.9
08,05,00,30,25.1,82.8
08,06,00,38,25.1,82.7
08,07,00,29,25.2,82.8
08,08,00,41,25.2,82.6
08,09,00,24,25.2,82.5
08,10,00,29,25.2,82.7
08,11,00,37,25.2,82.6
08,12,00,23,25.2,82.5
08,13,00,20,25.2,82.5
08,14,00,20,25.3,82.4
08,15,00,21,25.3,82.2
08,16,00,21,25.3,82.1
08,17,00,40,25.3,82.1
08,18,00,31,25.3,82.1
08,19,00,26,25.3,82.1
08,20,00,45,25.4,81.9
08,21,00,27,25.4,82.0
08,22,00,31,25.4,82.1
08,23,00,33,25.4,82.0
08,24,00,29,25.4,82.0
08,25,00,29,25.4,81.9
08,26,00,27,25.4,81.9
08,27,00,34,25.4,81.9
08,28,00,42,25.4,81.5
08,29,00,27,25.4,80.8
08,30,00,31,25.4,80.3
08,31,00,27,25.4,79.9
08,32,00,24,25.5,79.8
08,33,00,42,25.5,80.0
08,34,00,17,25.5,80.3
08,35,00,29,25.5,79.7
08,36,00,31,25.5,79.7
08,37,00,33,25.6,79.7
08,38,00,35,25.6,79.4
08,39,00,26,25.6,79.5
08,40,00,26,25.7,79.7
08,41,00,33,25.7,80.0
08,42,00,29,25.7,80.2
08,43,00,46,25.8,80.5
08,44,00,43,25.8,80.4
08,45,00,41,25.9,80.2
08,46,00,18,25.9,80.2
08,47,00,31,25.9,80.4
08,48,00,52,25.9,80.4
08,49,00,34,25.9,80.5
08,50,00,31,26.0,80.8
08,51,00,40,26.0,81.1
08,52,00,31,26.0,81.1
08,53,00,36,26.0,81.2
08,54,00,39,26.1,81.0
08,55,00,29,26.1,80.8
08,56,00,27,26.1,81.0
08,57,00,43,26.1,80.5
08,58,00,37,26.2,80.0
08,59,00,44,26.2,80.1
09,00,00,41,26.2,80.1
09,01,00,28,26.2,80.2
09,02,00,22,26.3,79.4
09,03,00,40,26.3,78.8
09,04,00,32,26.3,77.8
09,05,00,31,26.4,78.0
09,06,00,35,26.4,78.2
09,07,00,17,26.4,77.8
09,08,00,22,26.4,77.8
09,09,00,30,26.4,77.6
09,10,00,29,26.4,77.7
09,11,00,31,26.4,78.1
09,12,00,35,26.5,78.2
09,13,00,39,26.5,77.7
09,14,00,21,26.5,77.3
09,15,00,32,26.5,77.1
09,16,00,38,26.6,76.9
09,17,00,28,26.6,77.1
09,18,00,27,26.7,77.3
09,19,00,54,26.7,76.8
09,20,00,26,26.7,76.5
09,21,00,40,26.7,76.5
09,22,00,34,26.7,76.2
09,23,00,32,26.7,76.2
09,24,00,33,26.7,77.0
09,25,00,29,26.8,77.4
09,26,00,29,26.8,77.5
09,27,00,36,26.8,77.8
09,28,00,29,26.8,77.4
09,29,00,26,26.7,77.9
09,30,00,44,26.7,77.5
09,31,00,35,26.8,77.8
09,32,00,36,26.9,77.2
09,33,00,31,26.8,77.1
09,34,00,43,26.8,77.2
09,35,00,45,26.8,77.7
09,36,00,38,26.8,76.9
09,37,00,49,26.8,76.5
09,38,00,47,26.8,77.3
09,39,00,54,26.8,77.6
09,40,00,22,26.9,77.2
09,41,00,60,26.9,76.5
09,42,00,29,26.9,77.0
09,43,00,50,26.8,75.9
09,44,00,37,26.8,76.5
09,45,00,31,26.8,76.3
09,46,00,32,26.8,75.8
09,47,00,41,26.8,75.5
09,48,00,39,26.8,75.8
09,49,00,18,26.8,75.6
09,50,00,36,26.9,75.8
09,51,00,30,26.8,75.8
09,52,00,35,26.8,75.9
09,53,00,28,26.8,75.7
09,54,00,33,26.8,75.8
09,55,00,36,26.8,75.6
09,56,00,56,26.9,75.2
09,57,00,31,26.9,75.4
09,58,00,38,26.9,75.3
09,59,00,19,26.9,75.1
10,00,00,25,26.9,75.2
10,01,00,42,27.0,75.1
10,02,00,46,27.0,75.1
10,03,00,24,27.1,75.0
10,04,00,29,27.2,75.2
10,05,00,27,27.2,75.1
10,06,00,38,27.2,75.4
10,07,00,34,27.3,75.2
10,08,00,33,27.3,75.1
10,09,00,40,27.5,75.0
10,10,00,22,27.6,74.6
10,11,00,14,27.5,74.8
10,12,00,42,27.5,75.1
10,13,00,32,27.5,75.0
10,14,00,29,27.6,73.0
10,15,00,29,27.7,73.4
10,16,00,18,27.7,71.7
10,17,00,36,27.8,70.8
10,18,00,36,27.8,70.6
10,19,00,28,27.8,71.0
10,20,00,29,27.8,71.6
10,21,00,34,27.7,72.0
10,22,00,13,27.8,72.9
10,23,00,40,27.8,73.0
10,24,00,26,27.8,74.1
10,25,00,29,28.0,74.2
10,26,00,23,28.0,73.4
10,27,00,23,28.0,73.5
10,28,00,32,28.0,73.8
10,29,00,22,28.0,73.8
10,30,00,25,28.1,73.0
10,31,00,19,28.2,72.6
10,32,00,33,28.2,72.8
10,33,00,31,28.1,73.2
10,34,00,14,28.1,73.5
10,35,00,38,28.2,72.5
10,36,00,24,28.3,72.1
10,37,00,29,28.4,71.5
10,38,00,19,28.3,71.7
10,39,00,21,28.2,72.2
10,40,00,15,28.2,72.3
10,41,00,23,28.2,72.5
10,42,00,31,28.2,72.6
10,43,00,11,28.1,72.8
10,44,00,14,28.0,73.4
10,45,00,27,28.0,73.6
10,46,00,24,27.9,73.6
10,47,00,19,27.9,72.3
10,48,00,31,27.9,72.1
10,49,00,23,27.9,72.4
10,50,00,15,27.9,72.5
10,51,00,21,27.9,72.7
10,52,00,26,27.9,72.7
10,53,00,31,27.9,72.5
10,54,00,36,27.9,72.6
10,55,00,21,27.9,72.2
10,56,00,26,27.9,72.2
10,57,00,22,27.9,71.9
10,58,00,20,27.9,71.8
10,59,00,19,27.9,72.1
11,00,00,22,28.0,72.4
11,01,00,21,28.0,72.9
11,02,00,22,28.0,73.5
11,03,00,17,28.0,73.2
11,04,00,27,28.0,72.7
11,05,00,22,28.1,72.0
11,06,00,28,28.1,71.9
11,07,00,25,28.1,72.3
11,08,00,30,28.0,73.1
11,09,00,14,27.9,73.5
11,10,00,30,27.8,74.1
11,11,00,17,27.7,74.2
11,12,00,22,27.6,74.5
11,13,00,28,27.5,75.1
11,14,00,20,27.4,75.3
11,15,00,13,27.3,75.9
11,16,00,17,27.3,75.8
11,17,00,18,27.3,75.9
11,18,00,20,27.2,76.3
11,19,00,21,27.2,76.4
11,20,00,23,27.1,76.4
11,21,00,28,27.1,76.5
11,22,00,20,27.1,76.6
11,23,00,24,27.1,76.7
11,24,00,36,27.1,76.8
11,25,00,28,27.1,76.9
11,26,00,33,27.2,76.8
11,27,00,31,27.1,76.9
11,28,00,26,27.1,77.0
11,29,00,33,27.1,77.1
11,30,00,33,27.1,77.2
11,31,00,38,27.1,77.3
11,32,00,29,27.1,77.5
11,33,00,25,27.1,77.3
11,34,00,35,27.1,77.4
11,35,00,23,27.1,77.4
11,36,00,32,27.1,77.3
11,37,00,26,27.1,77.4
11,38,00,36,27.1,77.5
11,39,00,36,27.1,77.8
11,40,00,31,27.1,77.7
11,41,00,18,27.1,77.7
11,42,00,20,27.1,77.8
11,43,00,28,27.1,77.7
11,44,00,18,27.1,77.7
11,45,00,35,27.1,77.7
11,46,00,20,27.2,77.7
11,47,00,21,27.2,77.7
11,48,00,35,27.2,77.6
11,49,00,22,27.2,77.5
11,50,00,30,27.2,77.6
11,51,00,29,27.2,77.6
11,52,00,32,27.2,77.6
11,53,00,29,27.2,77.5
11,54,00,24,27.2,77.5
11,55,00,31,27.2,77.5
11,56,00,25,27.2,77.6
11,57,00,14,27.2,77.5
11,58,00,24,27.2,77.5
11,59,00,27,27.3,77.5
12,00,00,28,27.3,77.5
12,01,00,27,27.2,77.5
12,02,00,27,27.2,77.4
12,03,00,24,27.2,77.5
12,04,00,22,27.2,77.4
12,05,00,20,27.2,77.2
12,06,00,21,27.2,77.3
12,07,00,16,27.2,77.4
12,08,00,25,27.2,77.2
12,09,00,24,27.2,77.2
12,10,00,35,27.3,77.2
12,11,00,23,27.2,77.1
12,12,00,18,27.2,77.1
12,13,00,24,27.2,77.1
12,14,00,18,27.3,77.0
12,15,00,27,27.3,76.9
12,16,00,19,27.3,76.9
12,17,00,21,27.3,76.8
12,18,00,38,27.3,76.7
12,19,00,26,27.3,76.5
12,20,00,29,27.3,76.2
12,21,00,27,27.3,76.3
12,22,00,27,27.3,76.8
12,23,00,30,27.3,76.6
12,24,00,29,27.3,76.9
12,25,00,34,27.3,76.8
12,26,00,21,27.3,76.8
12,27,00,18,27.3,76.7
12,28,00,28,27.3,76.3
12,29,00,18,27.3,76.5
12,30,00,25,27.4,76.3
12,31,00,19,27.4,76.7
12,32,00,27,27.4,76.2
12,33,00,15,27.4,76.6
12,34,00,23,27.4,76.6
12,35,00,28,27.4,76.7
12,36,00,26,27.3,75.9
12,37,00,22,27.4,76.5
12,38,00,20,27.4,75.6
12,39,00,19,27.3,76.2
12,40,00,26,27.3,76.4
12,41,00,25,27.4,75.8
12,42,00,18,27.4,76.2
12,43,00,27,27.4,76.3
12,44,00,22,27.4,75.5
12,45,00,18,27.5,74.7
12,46,00,12,27.5,74.8
12,47,00,29,27.5,74.9
12,48,00,19,27.5,74.9
12,49,00,32,27.5,75.5
12,50,00,27,27.5,75.4
12,51,00,22,27.5,75.4
12,52,00,19,27.5,75.3
12,53,00,15,27.5,75.6
12,54,00,12,27.4,75.6
12,55,00,30,27.4,75.9
12,56,00,15,27.4,75.7
12,57,00,11,27.4,75.3
12,58,00,13,27.4,75.8
12,59,00,16,27.4,76.0
13,00,00,22,27.4,75.7
13,01,00,22,27.4,75.3
13,02,00,18,27.4,75.5
13,03,00,17,27.4,75.7
13,04,00,24,27.4,75.7
13,05,00,15,27.4,75.8
13,06,00,18,27.4,75.5
13,07,00,23,27.4,75.6
13,08,00,24,27.4,75.9
13,09,00,17,27.4,75.5
13,10,00,19,27.4,75.5
13,11,00,18,27.4,75.7
13,12,00,17,27.4,75.8
13,13,00,20,27.4,75.0
13,14,00,19,27.5,74.9
13,15,00,17,27.4,75.3
13,16,00,29,27.4,75.5
13,17,00,8,27.4,75.5
13,18,00,17,27.4,75.7
13,19,00,14,27.4,75.8
13,20,00,20,27.4,75.9
13,21,00,13,27.4,76.0
13,22,00,12,27.5,76.1
13,23,00,13,27.5,76.3
13,24,00,19,27.4,76.4
13,25,00,21,27.4,76.6
13,26,00,19,27.4,77.2
13,27,00,16,27.4,77.1
13,28,00,15,27.4,77.1
13,29,00,10,27.4,77.8
13,30,00,21,27.4,78.0
13,31,00,14,27.4,78.2
13,32,00,23,27.3,78.6
13,33,00,19,27.4,78.7
13,34,00,13,27.3,79.0
13,35,00,13,27.3,79.1
13,36,00,12,27.3,79.2
13,37,00,19,27.3,79.4
13,38,00,12,27.4,79.4
13,39,00,20,27.4,79.6
13,40,00,27,27.3,80.1
13,41,00,14,27.3,80.4
13,42,00,21,27.3,80.1
13,43,00,21,27.3,80.0
13,44,00,19,27.4,80.1
13,45,00,21,27.3,80.3
13,46,00,21,27.3,80.4
13,47,00,16,27.3,80.1
13,48,00,28,27.3,80.6
13,49,00,13,27.3,81.0
13,50,00,28,27.3,80.9
13,51,00,17,27.3,81.1
13,52,00,26,27.3,81.3
13,53,00,20,27.3,81.5
13,54,00,22,27.3,81.3
13,55,00,17,27.3,81.3
13,56,00,21,27.3,81.7
13,57,00,22,27.2,81.5
13,58,00,21,27.2,81.7
13,59,00,16,27.3,81.7
14,00,00,18,27.3,81.6
14,01,00,22,27.2,81.7
14,02,00,20,27.3,81.8
14,03,00,20,27.2,81.6
14,04,00,24,27.3,81.9
14,05,00,23,27.3,81.9
14,06,00,17,27.3,81.9
14,07,00,13,27.3,81.7
14,08,00,27,27.3,82.1
14,09,00,35,27.3,82.0
14,10,00,33,27.3,81.4
14,11,00,19,27.3,81.9
14,12,00,39,27.3,81.8
14,13,00,20,27.3,82.0
14,14,00,30,27.4,82.1
14,15,00,12,27.4,81.4
14,16,00,20,27.4,81.7
14,17,00,20,27.3,82.0
14,18,00,19,27.4,82.0
14,19,00,21,27.4,82.4
14,20,00,22,27.4,82.3
14,21,00,23,27.4,82.4
14,22,00,28,27.4,82.2
14,23,00,23,27.4,82.2
14,24,00,28,27.4,82.3
14,25,00,34,27.4,82.2
14,26,00,28,27.4,82.2
14,27,00,25,27.4,82.6
14,28,00,19,27.4,82.5
14,29,00,25,27.4,82.4
14,30,00,25,27.5,82.6
14,31,00,17,27.5,82.4
14,32,00,22,27.5,82.2
14,33,00,17,27.5,82.0
14,34,00,20,27.5,81.7
14,35,00,34,27.5,81.9
14,36,00,30,27.5,81.9
14,37,00,24,27.5,81.8
14,38,00,26,27.5,81.9
14,39,00,16,27.5,82.0
14,40,00,32,27.5,81.8
14,41,00,28,27.5,81.8
14,42,00,29,27.6,81.7
14,43,00,28,27.6,81.6
14,44,00,23,27.6,81.6
14,45,00,14,27.6,81.7
14,46,00,24,27.6,81.5
14,47,00,13,27.7,81.5
14,48,00,23,27.7,80.5
14,49,00,28,27.8,80.5
14,50,00,30,27.8,80.5
14,51,00,26,27.8,80.2
14,52,00,24,27.8,80.1
14,53,00,35,27.8,80.3
14,54,00,17,27.8,80.5
14,55,00,16,27.8,80.5
14,56,00,11,27.8,80.7
14,57,00,27,27.8,80.8
14,58,00,11,27.8,80.6
14,59,00,22,27.8,80.7
15,00,00,24,27.8,80.7
15,01,00,20,27.8,80.7
15,02,00,24,27.8,80.7
15,03,00,25,27.8,80.7
15,04,00,24,27.8,80.8
15,05,00,25,27.9,81.2
15,06,00,20,27.9,81.2
15,07,00,22,27.9,81.0
15,08,00,28,27.8,81.3
15,09,00,13,27.8,81.5
15,10,00,19,27.8,81.8
15,11,00,21,27.8,81.7
15,12,00,32,27.8,81.7
15,13,00,18,27.8,81.9
15,14,00,26,27.8,82.0
15,15,00,27,27.8,81.9
15,16,00,15,27.8,82.0
15,17,00,15,27.8,81.9
15,18,00,24,27.7,82.2
15,19,00,20,27.8,82.4
15,20,00,26,27.8,82.2
15,21,00,18,27.7,82.2
15,22,00,10,27.7,82.3
15,23,00,18,27.7,82.1
15,24,00,19,27.8,82.3
15,25,00,23,27.7,82.1
15,26,00,15,27.8,82.0
15,27,00,20,27.8,82.1
15,28,00,23,27.8,82.0
15,29,00,24,27.8,82.0
15,30,00,13,27.7,82.1
15,31,00,18,27.7,81.9
15,32,00,15,27.7,81.8
15,33,00,19,27.7,82.0
15,34,00,27,27.7,82.0
15,35,00,18,27.6,82.2
15,36,00,19,27.6,82.2
15,37,00,28,27.6,82.1
15,38,00,25,27.6,82.2
15,39,00,14,27.6,82.3
15,40,00,29,27.6,82.4
15,41,00,22,27.5,83.0
15,42,00,16,27.5,82.8
15,43,00,19,27.5,82.8
15,44,00,19,27.5,82.7
15,45,00,6,27.4,82.9
15,46,00,19,27.3,83.1
15,47,00,20,27.3,83.3
15,48,00,19,27.4,83.2
15,49,00,26,27.3,83.4
15,50,00,16,27.3,83.1
15,51,00,15,27.3,83.5
15,52,00,31,27.4,83.6
15,53,00,14,27.4,83.3
15,54,00,21,27.4,83.5
15,55,00,15,27.4,83.3
15,56,00,12,27.3,83.4
15,57,00,22,27.3,83.6
15,58,00,20,27.3,83.9
15,59,00,22,27.3,83.5
16,00,00,31,27.3,83.7
16,01,00,18,27.2,83.7
16,02,00,21,27.3,83.6
16,03,00,15,27.3,84.0
16,04,00,12,27.2,84.2
16,05,00,19,27.2,84.4
16,06,00,17,27.2,84.7
16,07,00,16,27.2,84.3
16,08,00,19,27.2,84.3
16,09,00,11,27.3,83.8
16,10,00,13,27.2,84.6
16,11,00,24,27.2,84.2
16,12,00,15,27.2,84.2
16,13,00,15,27.2,84.0
16,14,00,25,27.1,83.8
16,15,00,10,27.1,84.0
16,16,00,23,27.1,84.0
16,17,00,13,27.0,84.3
16,18,00,11,27.0,84.4
16,19,00,16,27.0,83.9
16,20,00,17,27.1,83.7
16,21,00,17,27.1,83.6
16,22,00,15,27.1,83.6
16,23,00,17,27.1,83.8
16,24,00,15,27.0,84.0
16,25,00,23,26.9,84.4
16,26,00,23,26.9,84.4
16,27,00,13,26.9,84.4
16,28,00,13,26.9,84.5
16,29,00,15,26.9,84.4
16,30,00,21,26.9,84.3
16,31,00,16,27.0,84.3
16,32,00,22,26.9,84.4
16,33,00,19,26.9,84.6
16,34,00,21,26.9,84.7
16,35,00,24,26.9,84.8
16,36,00,17,26.9,84.8
16,37,00,18,26.9,84.5
16,38,00,29,26.9,84.5
16,39,00,18,26.8,84.4
16,40,00,18,26.8,84.2
16,41,00,21,26.9,84.2
16,42,00,25,26.8,84.2
16,43,00,24,26.7,84.3
16,44,00,10,26.7,84.2
16,45,00,15,26.7,84.0
16,46,00,17,26.8,84.1
16,47,00,15,26.7,84.1
16,48,00,15,26.7,84.4
16,49,00,29,26.7,84.5
16,50,00,16,26.7,84.7
16,51,00,25,26.7,84.9
16,52,00,17,26.7,84.9
16,53,00,10,26.7,84.6
16,54,00,11,26.7,84.6
16,55,00,31,26.7,84.6
16,56,00,24,26.6,84.5
16,57,00,17,26.6,84.5
16,58,00,26,26.7,84.6
16,59,00,9,26.7,84.7
17,00,00,16,26.7,85.0
17,01,00,14,26.7,85.3
17,02,00,14,26.6,85.9
17,03,00,11,26.6,86.0
17,04,00,18,26.5,85.7
17,05,00,12,26.5,85.9
17,06,00,23,26.6,85.8
17,07,00,18,26.6,85.7
17,08,00,14,26.6,85.9
17,09,00,23,26.7,85.7
17,10,00,13,26.7,85.7
17,11,00,17,26.7,86.0
17,12,00,24,26.7,85.9
17,13,00,21,26.7,85.9
17,14,00,12,26.7,85.9
17,15,00,19,26.7,85.8
17,16,00,12,26.7,86.4
17,17,00,9,26.7,85.7
17,18,00,18,26.8,85.9
17,19,00,15,26.8,85.7
17,20,00,18,26.8,86.0
17,21,00,14,26.7,86.2
17,22,00,19,26.7,86.1
17,23,00,12,26.7,86.0
17,24,00,21,26.6,86.2
17,25,00,13,26.7,86.0
17,26,00,21,26.7,86.0
17,27,00,13,26.8,86.0
17,28,00,13,26.8,86.1
17,29,00,26,26.8,86.2
17,30,00,18,26.7,86.3
17,31,00,20,26.7,86.5
17,32,00,20,26.7,87.0
17,33,00,19,26.7,87.6
17,34,00,14,26.6,87.7
17,35,00,17,26.6,87.4
17,36,00,19,26.6,87.5
17,37,00,24,26.6,87.4
17,38,00,12,26.7,87.4
17,39,00,15,26.6,87.5
17,40,00,18,26.7,87.5
17,41,00,11,26.6,87.9
17,42,00,18,26.5,88.2
17,43,00,23,26.4,88.6
17,44,00,17,26.4,89.0
17,45,00,26,26.3,89.1
17,46,00,14,26.4,88.7
17,47,00,20,26.5,88.6
17,48,00,18,26.5,88.3
17,49,00,28,26.5,88.6
17,50,00,22,26.4,88.6
17,51,00,8,26.5,88.5
17,52,00,19,26.5,88.5
17,53,00,24,26.4,88.3
17,54,00,19,26.5,88.4
17,55,00,19,26.5,88.3
17,56,00,9,26.5,88.2
17,57,00,11,26.5,88.3
17,58,00,9,26.5,88.4
17,59,00,12,26.5,88.5
18,00,00,23,26.6,88.2
18,01,00,16,26.6,88.0
18,02,00,15,26.7,87.6
18,03,00,25,26.7,87.5
18,04,00,18,26.7,87.7
18,05,00,15,26.6,87.9
18,06,00,20,26.7,87.7
18,07,00,18,26.7,87.5
18,08,00,16,26.7,87.4
18,09,00,18,26.7,87.2
18,10,00,21,26.7,87.2
18,11,00,25,26.8,87.1
18,12,00,24,26.8,86.9
18,13,00,19,26.8,86.8
18,14,00,18,26.8,87.0
18,15,00,17,26.8,86.9
18,16,00,23,26.8,87.2
18,17,00,16,26.8,87.1
18,18,00,19,26.8,87.4
18,19,00,0,26.8,87.5
18,20,00,19,26.8,87.3
18,21,00,20,26.8,87.1
18,22,00,19,26.8,87.0
18,23,00,31,26.8,87.1
18,24,00,28,26.7,87.4
18,25,00,19,26.8,87.3
18,26,00,22,26.7,87.3
18,27,00,29,26.8,87.0
18,28,00,24,26.6,87.3
18,29,00,27,26.6,87.1
18,30,00,22,26.6,87.4
18,31,00,13,26.6,87.3
18,32,00,13,26.7,87.0
18,33,00,11,26.6,87.2
18,34,00,29,26.7,87.0
18,35,00,26,26.6,87.0
18,36,00,12,26.5,87.1
18,37,00,25,26.5,87.6
18,38,00,18,26.5,87.6
18,39,00,11,26.5,87.4
18,40,00,24,26.4,87.8
18,41,00,22,26.4,87.5
18,42,00,19,26.4,87.1
18,43,00,10,26.4,87.3
18,44,00,24,26.4,87.4
18,45,00,14,26.5,87.1
18,46,00,20,26.5,87.0
18,47,00,20,26.5,86.8
18,48,00,19,26.6,86.4
18,49,00,16,26.5,86.5
18,50,00,11,26.5,86.5
18,51,00,12,26.4,87.0
18,52,00,30,26.4,86.8
18,53,00,7,26.3,86.9
18,54,00,22,26.4,86.7
18,55,00,16,26.3,86.5
18,56,00,25,26.3,86.7
18,57,00,17,26.3,87.2
18,58,00,17,26.4,87.0
18,59,00,28,26.4,87.1
19,00,00,22,26.4,86.8
19,01,00,17,26.4,86.3
19,02,00,20,26.4,86.1
19,03,00,14,26.4,86.5
19,04,00,22,26.3,86.8
19,05,00,15,26.3,86.9
19,06,00,23,26.3,86.9
19,07,00,20,26.3,86.7
19,08,00,10,26.3,86.6
19,09,00,21,26.4,86.4
19,10,00,20,26.4,86.2
19,11,00,17,26.5,85.8
19,12,00,29,26.5,85.7
19,13,00,15,26.5,85.8
19,14,00,11,26.4,86.1
19,15,00,29,26.3,86.4
19,16,00,25,26.2,86.5
19,17,00,12,26.2,87.0
19,18,00,12,26.3,87.1
19,19,00,25,26.4,86.6
19,20,00,20,26.4,86.7
19,21,00,12,26.3,86.5
19,22,00,20,26.4,86.0
19,23,00,25,26.4,86.0
19,24,00,16,26.4,85.8
19,25,00,16,26.4,85.5
19,26,00,18,26.5,85.5
19,27,00,20,26.5,85.2
19,28,00,19,26.4,85.3
19,29,00,21,26.5,85.2
19,30,00,21,26.5,85.3
19,31,00,22,26.4,85.4
19,32,00,10,26.5,85.1
19,33,00,15,26.5,85.0
19,34,00,16,26.5,85.0
19,35,00,17,26.6,84.9
19,36,00,17,26.6,85.1
19,37,00,6,26.5,85.2
19,38,00,23,26.5,85.3
19,39,00,14,26.5,85.5
19,40,00,23,26.5,85.4
19,41,00,17,26.5,85.5
19,42,00,15,26.5,85.7
19,43,00,17,26.5,85.7
19,44,00,9,26.5,85.4
19,45,00,21,26.5,85.1
19,46,00,19,26.5,85.2
19,47,00,24,26.5,85.4
19,48,00,20,26.4,85.4
19,49,00,20,26.4,85.5
19,50,00,21,26.4,86.0
19,51,00,28,26.4,85.7
19,52,00,18,26.4,85.4
19,53,00,21,26.4,85.2
19,54,00,13,26.4,85.7
19,55,00,17,26.4,85.6
19,56,00,12,26.4,85.8
19,57,00,16,26.4,85.9
19,58,00,23,26.4,85.7
19,59,00,25,26.4,85.7
20,00,00,17,26.4,85.8
20,01,00,12,26.4,85.7
20,02,00,27,26.4,85.8
20,03,00,17,26.4,85.9
20,04,00,16,26.5,85.6
20,05,00,23,26.5,85.1
20,06,00,23,26.4,85.6
20,07,00,27,26.4,86.2
20,08,00,19,26.4,86.1
20,09,00,15,26.4,86.0
20,10,00,20,26.4,86.1
20,11,00,33,26.4,86.2
20,12,00,13,26.5,86.4
20,13,00,11,26.5,86.2
20,14,00,22,26.4,85.9
20,15,00,13,26.4,86.2
20,16,00,21,26.4,86.1
20,17,00,13,26.4,85.5
20,18,00,22,26.4,85.6
20,19,00,24,26.5,85.5
20,20,00,18,26.6,84.8
20,21,00,11,26.6,85.2
20,22,00,19,26.6,84.7
20,23,00,16,26.7,84.6
20,24,00,17,26.7,84.7
20,25,00,16,26.7,84.4
20,26,00,24,26.8,84.4
20,27,00,25,26.7,84.2
20,28,00,21,26.7,84.2
20,29,00,17,26.8,84.1
20,30,00,15,26.8,84.2
20,31,00,18,26.8,84.1
20,32,00,25,26.8,83.8
20,33,00,27,26.9,83.3
20,34,00,11,26.9,83.1
20,35,00,17,26.9,83.3
20,36,00,19,26.9,83.6
20,37,00,19,26.9,83.3
20,38,00,18,26.9,83.5
20,39,00,16,26.9,83.1
20,40,00,24,26.9,83.3
20,41,00,20,26.9,83.5
20,42,00,19,26.9,83.3
20,43,00,10,26.9,83.6
20,44,00,17,27.0,83.9
20,45,00,30,27.0,83.5
20,46,00,21,27.0,83.5
20,47,00,21,27.0,83.7
20,48,00,19,26.9,83.9
20,49,00,17,27.0,83.9
20,50,00,18,27.0,83.7
20,51,00,21,26.9,83.3
20,52,00,17,26.9,83.8
20,53,00,8,26.8,84.3
20,54,00,16,26.8,84.4
20,55,00,16,26.9,84.4
20,56,00,11,27.0,84.0
20,57,00,10,27.0,83.9
20,58,00,27,27.0,83.7
20,59,00,18,27.0,83.5
21,00,00,17,26.9,83.8
21,01,00,20,26.9,83.7
21,02,00,13,26.8,83.5
21,03,00,11,26.8,84.1
21,04,00,16,26.7,85.2
21,05,00,13,26.5,85.8
21,06,00,18,26.2,86.8
21,07,00,27,26.2,87.1
21,08,00,8,26.1,87.2
21,09,00,22,26.1,87.0
21,10,00,20,26.1,86.8
21,11,00,11,26.0,86.7
21,12,00,26,25.9,87.6
21,13,00,24,25.9,88.0
21,14,00,16,26.0,87.9
21,15,00,9,26.0,87.9
21,16,00,24,25.9,87.9
21,17,00,12,25.9,88.1
21,18,00,18,25.8,88.3
21,20,00,12,25.8,88.3
21,21,00,24,25.8,87.9
21,22,00,14,25.8,88.1
21,23,00,15,25.8,88.3
21,24,00,12,25.8,88.0
21,25,00,34,25.8,88.2
21,26,00,18,25.7,88.6
21,27,00,14,25.7,89.0
21,28,00,28,25.8,89.0
21,29,00,14,25.8,89.0
21,30,00,17,25.8,88.7
21,31,00,28,25.7,88.2
21,32,00,25,25.8,88.3
21,33,00,18,25.8,88.0
21,34,00,20,25.7,87.9
21,35,00,24,25.6,88.2
21,36,00,16,25.6,88.3
21,37,00,15,25.6,88.5
21,38,00,21,25.6,88.8
21,39,00,15,25.7,89.6
21,40,00,15,25.9,89.8
21,41,00,22,26.0,89.1
21,42,00,24,26.2,88.0
21,43,00,30,26.3,87.5
21,44,00,20,26.3,87.5
21,45,00,15,26.4,87.7
21,46,00,19,26.5,87.2
21,47,00,17,26.6,86.6
21,48,00,19,26.5,86.6
21,49,00,12,26.5,86.4
21,50,00,22,26.5,86.1
21,51,00,27,26.6,86.0
21,52,00,20,26.6,85.7
21,53,00,21,26.6,85.7
21,54,00,20,26.6,85.7
21,55,00,18,26.6,85.7
21,56,00,16,26.5,85.9
21,57,00,15,26.4,86.3
21,58,00,24,26.3,86.4
21,59,00,26,26.3,86.3
22,00,00,23,26.4,86.2
22,01,00,14,26.4,85.6
22,02,00,16,26.5,85.6
22,03,00,10,26.5,85.4
22,04,00,17,26.6,85.4
22,05,00,15,26.5,85.5
22,06,00,13,26.5,85.6
22,07,00,19,26.6,85.6
22,08,00,18,26.6,85.2
22,09,00,20,26.7,84.7
22,10,00,20,26.6,84.8
22,11,00,19,26.6,85.1
22,12,00,20,26.6,85.1
22,13,00,19,26.6,85.1
22,14,00,10,26.6,85.0
22,15,00,14,26.5,85.2
22,16,00,17,26.5,85.2
22,17,00,21,26.6,85.0
22,18,00,22,26.6,85.0
22,19,00,16,26.5,85.2
22,20,00,13,26.4,85.5
22,21,00,19,26.5,85.9
22,22,00,21,26.4,85.8
22,23,00,22,26.4,86.0
22,24,00,24,26.5,86.0
22,25,00,20,26.4,85.9
22,26,00,15,26.4,86.1
22,27,00,22,26.4,86.1
22,28,00,22,26.4,86.1
22,29,00,35,26.5,85.8
22,30,00,14,26.5,85.6
22,31,00,10,26.5,85.7
22,32,00,16,26.5,85.7
22,33,00,27,26.5,85.8
22,34,00,24,26.4,85.9
22,35,00,16,26.3,86.2
22,36,00,23,26.3,86.3
22,37,00,20,26.3,86.1
22,38,00,16,26.3,86.2
22,39,00,26,26.3,86.3
22,40,00,13,26.4,86.2
22,41,00,21,26.4,86.2
22,42,00,12,26.5,85.8
22,43,00,16,26.4,86.0
22,44,00,19,26.3,86.5
22,45,00,30,26.1,86.7
22,46,00,27,26.1,86.9
22,47,00,19,26.0,87.0
22,48,00,20,26.0,87.1
22,49,00,31,26.0,87.2
22,50,00,15,26.0,87.0
22,51,00,17,26.1,86.7
22,52,00,26,26.1,86.6
22,53,00,17,26.1,86.5
22,54,00,20,26.1,86.4
22,55,00,8,26.1,86.6
22,56,00,29,26.1,86.3
22,57,00,16,26.1,86.4
22,58,00,29,26.2,86.2
22,59,00,28,26.1,86.1
23,00,00,11,26.1,86.3
23,01,00,20,26.0,86.6
23,02,00,17,26.0,86.6
23,03,00,20,26.0,86.4
23,04,00,11,26.0,86.3
23,05,00,15,26.0,86.6
23,06,00,13,26.0,86.3
23,07,00,12,26.0,86.2
23,08,00,14,26.0,86.1
23,09,00,20,26.0,86.2
23,10,00,20,26.0,86.1
23,11,00,29,26.1,86.0
23,12,00,17,26.1,85.9
23,13,00,12,26.1,85.8
23,14,00,19,26.2,85.8
23,15,00,24,26.1,85.6
23,16,00,9,26.1,86.0
23,17,00,21,26.1,86.0
23,18,00,12,26.2,85.7
23,19,00,18,26.1,85.8
23,20,00,17,25.9,86.2
23,21,00,29,25.9,86.6
23,22,00,18,25.8,86.9
23,23,00,12,25.9,86.7
23,24,00,20,25.9,86.8
23,25,00,11,25.9,86.9
23,26,00,10,25.8,86.8
23,27,00,11,25.8,87.2
23,28,00,13,25.7,87.3
23,29,00,15,25.8,87.2
23,30,00,25,25.8,87.1
23,31,00,10,25.8,87.0
23,32,00,21,25.9,86.6
23,33,00,22,25.9,86.5
23,34,00,25,26.0,86.4
23,35,00,18,26.0,86.3
23,36,00,26,26.1,86.1
23,37,00,22,26.1,85.9
23,38,00,21,26.1,85.8
23,39,00,22,26.0,85.9
23,40,00,23,26.0,86.0
23,41,00,23,26.0,86.0
23,42,00,12,26.1,85.6
23,43,00,27,26.1,85.4
23,44,00,30,26.0,85.6
23,45,00,20,25.9,85.8
23,46,00,23,25.9,86.0
23,47,00,22,25.9,86.1
23,48,00,20,25.9,85.9
23,49,00,13,26.0,85.8
23,50,00,14,26.0,85.8
23,51,00,17,26.0,85.9
23,52,00,20,26.0,86.0
23,53,00,21,26.0,85.9
23,54,00,29,26.0,86.1
23,55,00,16,26.0,86.0
23,56,00,9,26.0,85.9
23,57,00,18,26.0,85.5
23,58,00,16,26.0,85.4
23,59,00,25,26.0,85.2
