00,00,00,28,25.7,86.6
00,01,00,21,25.7,86.3
00,02,00,21,25.7,86.4
00,03,00,18,25.7,86.4
00,04,00,14,25.6,86.7
00,05,00,12,25.6,87
00,06,00,17,25.6,86.8
00,07,00,18,25.4,87.3
00,08,00,18,25.4,87.4
00,09,00,20,25.5,86.9
00,10,00,15,25.6,86.7
00,11,00,16,25.6,86.5
00,12,00,23,25.5,86.4
00,13,00,16,25.3,87
00,14,00,19,25.3,87.2
00,15,00,18,25.4,87
00,16,00,20,25.4,87.1
00,17,00,23,25.5,87
00,18,00,25,25.5,86.9
00,19,00,11,25.5,86.7
00,20,00,25,25.5,86.7
00,21,00,22,25.6,86.5
00,22,00,21,25.5,86.6
00,23,00,29,25.5,86.7
00,24,00,10,25.5,86.7
00,25,00,23,25.6,86.4
00,26,00,16,25.6,86
00,27,00,17,25.7,85.8
00,28,00,25,25.7,85.7
00,29,00,12,25.8,85.5
00,30,00,17,25.7,85.8
00,31,00,10,25.7,85.9
00,32,00,20,25.8,85.8
00,33,00,19,25.8,85.7
00,34,00,17,25.9,85.4
00,35,00,24,25.8,85.7
00,36,00,16,25.8,85.7
00,37,00,24,25.8,85.5
00,38,00,16,25.7,85.7
00,39,00,15,25.8,85.8
00,40,00,17,25.8,85.7
00,41,00,18,25.8,85.5
00,42,00,12,25.8,85.4
00,43,00,28,25.8,85.4
00,44,00,15,25.9,85.2
00,45,00,12,25.9,85.2
00,46,00,14,25.8,85.4
00,47,00,23,25.8,85.6
00,48,00,11,25.7,85.8
00,49,00,18,25.7,85.7
00,50,00,25,25.7,85.6
00,51,00,13,25.7,85.7
00,52,00,9,25.8,85.5
00,53,00,16,25.8,85.5
00,54,00,20,25.8,85.4
00,55,00,9,25.8,85.4
00,56,00,21,25.7,85.5
00,57,00,15,25.7,85.4
00,58,00,28,25.7,85.5
00,59,00,13,25.7,85.6
01,00,00,19,25.7,85.5
01,01,00,16,25.7,85.6
01,02,00,16,25.8,85.5
01,03,00,24,25.8,85.1
01,04,00,18,25.8,85.2
01,05,00,10,25.8,85.3
01,06,00,16,25.8,85.3
01,07,00,23,25.7,85.3
01,08,00,20,25.7,85.3
01,09,00,14,25.7,85.3
01,10,00,16,25.7,85.2
01,11,00,15,25.7,85.3
01,12,00,11,25.7,85.3
01,13,00,12,25.8,85.1
01,14,00,25,25.8,84.8
01,15,00,24,25.8,84.9
01,16,00,21,25.8,84.9
01,17,00,12,25.8,85.1
01,18,00,22,25.7,85.3
01,19,00,20,25.7,85.3
01,20,00,19,25.7,85.3
01,21,00,15,25.7,85.1
01,22,00,18,25.7,85.1
01,23,00,20,25.7,85.1
01,24,00,17,25.8,85
01,25,00,16,25.7,85
01,26,00,10,25.7,85.1
01,27,00,19,25.8,84.9
01,28,00,21,25.8,84.6
01,29,00,17,25.8,84.6
01,30,00,17,25.8,84.7
01,31,00,24,25.8,84.7
01,32,00,20,25.8,84.8
01,33,00,18,25.8,85
01,34,00,23,25.7,84.9
01,35,00,17,25.8,84.9
01,36,00,22,25.8,84.9
01,37,00,19,25.7,84.9
01,38,00,21,25.7,84.9
01,39,00,7,25.7,84.9
01,40,00,23,25.8,84.8
01,41,00,18,25.8,84.6
01,42,00,21,25.8,84.7
01,43,00,17,25.8,84.7
01,44,00,29,25.8,84.7
01,45,00,22,25.8,84.7
01,46,00,18,25.8,84.7
01,47,00,15,25.7,84.8
01,48,00,21,25.8,84.9
01,49,00,14,25.8,84.6
01,50,00,22,25.8,84.6
01,51,00,14,25.8,84.5
01,52,00,26,25.8,84.5
01,53,00,18,25.9,84.3
01,54,00,15,25.9,84.5
01,55,00,14,25.8,84.5
01,56,00,10,25.8,84.5
01,57,00,26,25.8,84.4
01,58,00,12,25.9,84.3
01,59,00,8,25.9,84.3
02,00,00,20,25.9,84.1
02,01,00,19,25.9,84.2
02,02,00,19,25.9,84.1
02,03,00,18,25.9,84.2
02,04,00,38,25.9,84.2
02,05,00,24,25.9,84.2
02,06,00,23,25.8,84.3
02,07,00,17,25.8,84.4
02,08,00,14,25.8,84.5
02,09,00,27,25.8,84.3
02,10,00,20,25.8,84.4
02,11,00,19,25.8,84.5
02,12,00,12,25.7,84.4
02,13,00,20,25.7,84.5
02,14,00,15,25.7,84.6
02,15,00,18,25.7,84.5
02,16,00,24,25.7,84.4
02,17,00,24,25.7,84.6
02,18,00,22,25.7,84.7
02,19,00,17,25.7,84.8
02,20,00,18,25.7,84.7
02,21,00,18,25.7,84.7
02,22,00,24,25.7,84.6
02,23,00,30,25.7,84.5
02,24,00,21,25.7,84.5
02,25,00,25,25.7,84.4
02,26,00,17,25.8,84.4
02,27,00,18,25.8,84.4
02,28,00,12,25.8,84.3
02,29,00,26,25.8,84.2
02,30,00,18,25.8,84.2
02,31,00,30,25.8,84.2
02,32,00,16,25.8,84.2
02,33,00,20,25.8,84.2
02,34,00,29,25.8,84.2
02,35,00,14,25.8,84.1
02,36,00,9,25.8,84.2
02,37,00,15,25.8,84.1
02,38,00,22,25.8,84.1
02,39,00,9,25.8,84.1
02,40,00,14,25.8,84.2
02,41,00,17,25.8,84.3
02,42,00,13,25.8,84.2
02,43,00,20,25.8,84.2
02,44,00,13,25.9,84
02,45,00,16,25.9,83.9
02,46,00,19,25.9,84
02,47,00,21,25.8,84.2
02,48,00,18,25.8,84.3
02,49,00,15,25.7,84.4
02,50,00,19,25.8,84.4
02,51,00,13,25.9,84
02,52,00,19,25.9,84
02,53,00,15,25.9,84
02,54,00,19,25.9,83.8
02,55,00,15,25.9,83.9
02,56,00,30,25.9,83.7
02,57,00,20,25.9,83.7
02,58,00,16,25.9,83.9
02,59,00,29,25.9,83.9
03,00,00,13,25.8,84
03,01,00,22,25.8,84.1
03,02,00,16,25.8,84.1
03,03,00,16,25.8,84
03,04,00,24,25.8,84
03,05,00,26,25.8,84.1
03,06,00,14,25.9,83.8
03,07,00,6,25.8,84
03,08,00,21,25.8,84.1
03,09,00,17,25.8,84.2
03,10,00,10,25.8,84.3
03,11,00,26,25.8,84
03,12,00,12,25.8,84.1
03,13,00,17,25.8,84.2
03,14,00,18,25.8,84.4
03,15,00,11,25.8,84.3
03,16,00,20,25.8,84.3
03,17,00,24,25.8,84.1
03,18,00,10,25.8,84.2
03,19,00,10,25.9,84
03,20,00,17,25.8,84.1
03,21,00,20,25.8,84.1
03,22,00,19,25.8,84.2
03,23,00,11,25.8,84.1
03,24,00,22,25.8,84
03,25,00,13,25.8,84.2
03,26,00,19,25.8,84.3
03,27,00,14,25.8,84.2
03,28,00,22,25.8,84.1
03,29,00,22,25.8,84.3
03,30,00,24,25.8,84.3
03,31,00,19,25.7,84.4
03,32,00,9,25.7,84.4
03,33,00,18,25.7,84.5
03,34,00,20,25.7,84.4
03,35,00,14,25.7,84.5
03,36,00,20,25.7,84.3
03,37,00,13,25.8,84.3
03,38,00,18,25.8,84.3
03,39,00,20,25.8,84.2
03,40,00,20,25.8,84.1
03,41,00,17,25.8,84.1
03,42,00,19,25.8,84.2
03,43,00,22,25.8,84.2
03,44,00,6,25.8,84
03,45,00,22,25.8,84.1
03,46,00,8,25.8,84.1
03,47,00,17,25.7,84.3
03,48,00,18,25.8,84.3
03,49,00,11,25.8,84
03,50,00,18,25.9,83.8
03,51,00,16,25.9,83.8
03,52,00,24,25.9,83.8
03,53,00,24,25.8,84.1
03,54,00,13,25.8,84.1
03,55,00,26,25.8,84.1
03,56,00,23,25.8,84.1
03,57,00,24,25.8,83.9
03,58,00,16,25.8,83.8
03,59,00,10,25.8,83.8
04,00,00,17,25.9,83.7
04,01,00,10,25.8,83.6
04,02,00,19,25.8,83.9
04,03,00,29,25.8,83.9
04,04,00,15,25.8,83.9
04,05,00,18,25.8,83.9
04,06,00,15,25.8,83.8
04,07,00,22,25.8,83.8
04,08,00,19,25.8,83.8
04,09,00,20,25.8,83.7
04,10,00,13,25.8,83.8
04,11,00,20,25.7,83.9
04,12,00,19,25.7,84.2
04,13,00,13,25.7,84.2
04,14,00,13,25.7,84.1
04,15,00,23,25.7,84.1
04,16,00,27,25.7,84.2
04,17,00,23,25.7,84.2
04,18,00,20,25.7,84.1
04,19,00,27,25.7,84.1
04,20,00,14,25.7,84.1
04,21,00,15,25.7,84.3
04,22,00,21,25.7,84.4
04,23,00,18,25.7,84.2
04,24,00,13,25.7,84.3
04,25,00,24,25.6,84.4
04,26,00,22,25.7,84.2
04,27,00,14,25.7,84.1
04,28,00,18,25.7,84.1
04,29,00,20,25.7,84.2
04,30,00,16,25.7,84.1
04,31,00,17,25.7,84.1
04,32,00,23,25.7,84.2
04,33,00,15,25.7,84
04,34,00,18,25.8,83.8
04,35,00,10,25.7,83.9
04,36,00,14,25.7,83.9
04,37,00,11,25.7,83.6
04,38,00,24,25.7,83.7
04,39,00,10,25.7,83.8
04,40,00,22,25.7,83.9
04,41,00,14,25.8,83.7
04,42,00,19,25.8,83.7
04,43,00,17,25.8,83.5
04,44,00,14,25.8,83.7
04,45,00,21,25.8,83.7
04,46,00,6,25.7,83.7
04,47,00,19,25.8,83.7
04,48,00,20,25.8,83.6
04,49,00,19,25.8,83.5
04,50,00,9,25.8,83.4
04,51,00,14,25.8,83.5
04,52,00,26,25.8,83.6
04,53,00,15,25.8,83.7
04,54,00,17,25.7,83.9
04,55,00,27,25.7,83.9
04,56,00,19,25.7,83.9
04,57,00,15,25.7,84
04,58,00,13,25.7,84.1
04,59,00,7,25.7,84
05,00,00,10,25.8,83.8
05,01,00,10,25.8,83.7
05,02,00,12,25.8,83.6
05,03,00,15,25.8,83.6
05,04,00,20,25.7,83.8
05,05,00,27,25.7,83.9
05,06,00,23,25.7,83.9
05,07,00,22,25.8,83.7
05,08,00,24,25.8,83.8
05,09,00,16,25.8,83.7
05,10,00,11,25.7,83.7
05,11,00,15,25.8,83.7
05,12,00,33,25.7,83.7
05,13,00,11,25.7,83.9
05,14,00,20,25.8,83.8
05,15,00,19,25.7,83.8
05,16,00,26,25.7,83.9
05,17,00,8,25.7,84
05,18,00,13,25.7,84
05,19,00,19,25.7,84
05,20,00,19,25.7,83.9
05,21,00,11,25.7,84
05,22,00,28,25.7,84
05,23,00,20,25.7,84
05,24,00,14,25.7,84.1
05,25,00,17,25.7,84
05,26,00,13,25.7,84
05,27,00,15,25.7,83.9
05,28,00,13,25.7,83.9
05,29,00,13,25.7,83.9
05,30,00,22,25.7,84.1
05,31,00,19,25.7,84.1
05,32,00,25,25.7,84.2
05,33,00,11,25.7,84.2
05,34,00,18,25.6,84.4
05,35,00,17,25.7,84.4
05,36,00,18,25.7,84.3
05,37,00,23,25.7,84.2
05,38,00,24,25.7,84.1
05,39,00,18,25.7,84.2
05,40,00,21,25.7,84.4
05,41,00,19,25.6,84.5
05,42,00,18,25.7,84.5
05,43,00,18,25.7,84.4
05,44,00,10,25.6,84.5
05,45,00,21,25.7,84.4
05,46,00,17,25.8,84.2
05,47,00,11,25.8,84.1
05,48,00,15,25.7,84.3
05,49,00,19,25.7,84.2
05,50,00,12,25.7,84.2
05,51,00,11,25.8,84.1
05,52,00,16,25.8,84.1
05,53,00,29,25.7,84.3
05,54,00,14,25.7,84.5
05,55,00,22,25.7,84.6
05,56,00,9,25.7,84.7
05,57,00,15,25.7,84.7
05,58,00,23,25.8,84.4
05,59,00,21,25.8,84.3
06,00,00,16,25.8,84.2
06,01,00,22,25.8,84
06,02,00,25,25.8,83.9
06,03,00,19,25.8,84
06,04,00,9,25.8,84.2
06,05,00,13,25.7,84.1
06,06,00,4,25.8,84.1
06,07,00,20,25.8,84.1
06,08,00,14,25.8,84.1
06,09,00,17,25.8,83.9
06,10,00,14,25.9,83.7
06,11,00,20,25.9,83.6
06,12,00,13,25.8,83.9
06,13,00,21,25.8,84
06,14,00,12,25.8,84.1
06,15,00,20,25.8,83.9
06,16,00,16,25.7,84
06,17,00,13,25.7,84.2
06,18,00,21,25.8,84.2
06,19,00,25,25.8,84.1
06,20,00,19,25.8,84.1
06,21,00,22,25.8,84.2
06,22,00,30,25.8,84.2
06,23,00,20,25.8,84.2
06,24,00,20,25.9,84
06,25,00,21,25.8,84
06,26,00,22,25.8,84.2
06,27,00,11,25.8,84.2
06,28,00,22,25.8,84.2
06,29,00,15,25.8,84.3
06,30,00,26,25.8,84.6
06,31,00,17,25.7,84.5
06,32,00,19,25.8,84.5
06,33,00,13,25.8,84.4
06,34,00,12,25.8,84.5
06,35,00,17,25.7,84.7
06,36,00,26,25.7,84.9
06,37,00,19,25.8,84.6
06,38,00,12,25.7,84.8
06,39,00,22,25.7,84.9
06,40,00,23,25.8,84.8
06,41,00,25,25.7,84.7
06,42,00,21,25.8,84.8
06,43,00,19,25.8,84.6
06,44,00,21,25.8,84.6
06,45,00,16,25.8,84.5
06,46,00,17,25.9,84.4
06,47,00,23,25.9,84.3
06,48,00,25,25.8,84.4
06,49,00,14,25.8,84.5
06,50,00,21,25.8,84.5
06,51,00,28,25.8,84.8
06,52,00,15,25.8,84.8
06,53,00,29,25.8,85.1
06,54,00,12,25.8,85.1
06,55,00,25,25.8,84.9
06,56,00,16,25.8,84.8
06,57,00,21,25.8,84.9
06,58,00,22,25.8,85
06,59,00,18,25.8,84.9
07,00,00,22,25.9,84.7
07,01,00,21,25.8,84.9
07,02,00,31,25.9,84.7
07,03,00,32,25.9,84.7
07,04,00,22,25.9,84.5
07,05,00,4,25.9,84.6
07,06,00,21,25.8,84.9
07,07,00,27,25.8,84.9
07,08,00,18,25.7,85
07,09,00,20,25.8,84.8
07,10,00,28,25.8,84.7
07,11,00,20,25.9,84.5
07,12,00,16,25.9,84.4
07,13,00,28,25.9,84
07,14,00,16,25.9,84.1
07,15,00,28,25.8,84.4
07,16,00,34,25.9,84.1
07,17,00,18,25.9,84.3
07,18,00,24,25.9,84.4
07,19,00,25,25.9,84.3
07,20,00,28,25.8,84.4
07,21,00,20,25.8,84.5
07,22,00,18,25.9,84.4
07,23,00,21,25.8,84.4
07,24,00,28,25.9,84.4
07,25,00,18,25.9,84.4
07,26,00,32,25.9,84.1
07,27,00,23,25.9,84.4
07,28,00,16,25.8,84.6
07,29,00,31,25.8,84.6
07,30,00,26,25.8,84.7
07,31,00,18,25.9,84.6
07,32,00,21,25.9,84.4
07,33,00,25,25.9,84.5
07,34,00,37,25.9,84.5
07,35,00,26,25.9,84.6
07,36,00,36,25.9,84.7
07,37,00,27,25.9,84.6
07,38,00,20,25.9,84.4
07,39,00,20,26,84.3
07,41,00,22,25.9,84.6
07,42,00,19,25.9,84.6
07,43,00,24,25.9,84.7
07,44,00,23,25.9,84.7
07,45,00,26,25.9,84.7
07,46,00,25,26,84.6
07,47,00,29,26,84.6
07,48,00,39,26,84.7
07,49,00,30,26,84.4
07,50,00,15,26,84.7
07,51,00,26,26,84.7
07,52,00,35,26,84.9
07,53,00,44,26.1,84.5
07,54,00,32,26,84.5
07,55,00,21,26,84.8
07,56,00,40,26,85.1
07,57,00,41,26,85.1
07,58,00,35,26,85.1
07,59,00,34,26,85.3
08,00,00,21,26,85.4
08,01,00,25,26,85.5
08,02,00,13,26,85.1
08,03,00,37,26,85.1
08,04,00,34,26,85.1
08,05,00,32,26,85.1
08,06,00,32,26,85
08,07,00,35,26,85.2
08,08,00,33,26,85.2
08,09,00,36,26,85.1
08,10,00,32,26,85.2
08,11,00,23,26,85.3
08,12,00,31,26,85.3
08,13,00,30,26.1,85.2
08,14,00,27,26.1,85.1
08,15,00,24,26.1,85
08,16,00,41,26.1,84.9
08,17,00,23,26.1,84.9
08,18,00,27,26.2,84.9
08,19,00,28,26.1,84.9
08,20,00,40,26.1,84.9
08,21,00,31,26.1,85
08,22,00,41,26.2,84.9
08,23,00,35,26.1,85.3
08,24,00,35,26.2,85.1
08,25,00,30,26.2,85.3
08,26,00,29,26.2,85.3
08,27,00,32,26.2,85.1
08,28,00,37,26.2,85
08,29,00,23,26.3,85.1
08,30,00,30,26.3,85.3
08,31,00,41,26.3,85.1
08,32,00,42,26.3,85.4
08,33,00,38,26.3,85
08,34,00,30,26.3,85.2
08,35,00,27,26.3,85.5
08,36,00,29,26.3,85.3
08,37,00,32,26.3,85.2
08,38,00,28,26.3,85.2
08,39,00,42,26.3,85.2
08,40,00,36,26.3,85.2
08,41,00,24,26.3,85.2
08,42,00,34,26.3,85.2
08,43,00,37,26.3,85
08,44,00,41,26.3,85.1
08,45,00,33,26.3,85.1
08,46,00,35,26.3,85.2
08,47,00,32,26.3,85.2
08,48,00,22,26.3,85.1
08,49,00,51,26.3,85.2
08,50,00,21,26.3,85.2
08,51,00,34,26.3,85.2
08,52,00,28,26.3,85.3
08,53,00,45,26.3,85.2
08,54,00,39,26.3,85
08,55,00,61,26.3,84.9
08,56,00,29,26.3,84.8
08,57,00,34,26.3,84.9
08,58,00,36,26.3,84.9
08,59,00,48,26.3,84.9
09,00,00,23,26.3,84.9
09,01,00,15,26.3,84.9
09,02,00,39,26.3,84.8
09,03,00,38,26.3,85
09,04,00,42,26.3,84.9
09,05,00,18,26.3,85
09,06,00,30,26.3,84.9
09,07,00,45,26.3,85
09,08,00,52,26.3,84.7
09,09,00,52,26.4,84.7
09,10,00,27,26.4,84.7
09,11,00,56,26.3,84.6
09,12,00,40,26.4,84.6
09,13,00,67,26.4,84.5
09,14,00,38,26.4,84.5
09,15,00,33,26.4,84.5
09,16,00,51,26.4,84.4
09,17,00,60,26.4,84.5
09,18,00,48,26.4,84.5
09,19,00,61,26.4,84.4
09,20,00,53,26.4,84.3
09,21,00,41,26.4,84.4
09,22,00,55,26.5,84.2
09,23,00,43,26.5,84.1
09,24,00,58,26.4,84
09,25,00,36,26.5,83.8
09,26,00,27,26.5,83.9
09,27,00,37,26.4,84
09,28,00,50,26.5,84
09,29,00,64,26.5,84.2
09,30,00,39,26.5,84.3
09,31,00,35,26.5,84.4
09,32,00,7,26.5,84.3
09,33,00,16,26.5,84.4
09,34,00,50,26.5,84.4
09,35,00,44,26.5,84.5
09,36,00,46,26.5,84.4
09,37,00,47,26.5,84.3
09,38,00,50,26.5,84.3
09,39,00,52,26.5,84
09,40,00,55,26.6,83.7
09,41,00,75,26.6,83.6
09,42,00,62,26.6,83.5
09,43,00,63,26.6,83.5
09,44,00,41,26.6,83.6
09,45,00,73,26.7,83.5
09,46,00,76,26.6,83.4
09,47,00,72,26.7,83.3
09,48,00,53,26.7,83.4
09,49,00,71,26.7,83.4
09,50,00,50,26.7,83.2
09,51,00,62,26.7,83
09,52,00,46,26.7,83.1
09,53,00,54,26.7,83.1
09,54,00,64,26.7,83.2
09,55,00,59,26.7,83.2
09,56,00,61,26.7,83.1
09,57,00,51,26.6,83.1
09,58,00,58,26.7,82.9
09,59,00,48,26.7,82.9
10,00,00,38,26.8,82.8
10,01,00,58,26.8,82.7
10,02,00,40,26.8,82.9
10,03,00,51,26.8,82.8
10,04,00,81,26.8,82.7
10,05,00,17,26.7,82.8
10,06,00,34,26.8,82.9
10,07,00,47,26.7,83
10,08,00,78,26.7,83
10,09,00,50,26.7,83
10,10,00,16,26.7,83.1
10,11,00,71,26.8,83
10,12,00,56,26.8,83
10,13,00,64,26.8,82.9
10,14,00,45,26.8,82.9
10,15,00,38,26.8,82.8
10,16,00,95,26.8,82.8
10,17,00,72,26.8,82.7
10,18,00,40,26.8,82.7
10,19,00,28,26.8,82.6
10,20,00,21,26.8,82.6
10,21,00,31,26.8,82.6
10,22,00,75,26.9,82.6
10,23,00,65,26.9,82.6
10,24,00,40,26.9,82.5
10,25,00,48,26.9,82.6
10,26,00,39,26.9,82.7
10,27,00,58,26.9,82.5
10,28,00,62,26.9,82.4
10,29,00,52,26.9,82.7
10,30,00,49,26.9,82.6
10,31,00,47,26.9,82.5
10,32,00,34,26.9,82.5
10,33,00,58,26.9,82.7
10,34,00,58,27,82.7
10,35,00,67,27,82.7
10,36,00,42,27,82.7
10,37,00,44,27,82.8
10,38,00,52,27,82.7
10,39,00,58,27,82.7
10,40,00,42,27,83
10,41,00,46,27,83
10,42,00,40,27,82.9
10,43,00,47,27,82.8
10,44,00,31,27,82.9
10,45,00,25,27,83
10,46,00,34,27,83.1
10,47,00,26,27,83
10,48,00,32,27,83.1
10,49,00,63,27.1,83.2
10,50,00,28,27.1,83.1
10,51,00,43,27.1,83.1
10,52,00,41,27.1,83.1
10,53,00,67,27.1,83.3
10,54,00,49,27.1,83
10,55,00,69,27.1,83.3
10,56,00,63,27.1,83.3
10,57,00,51,27.1,83.2
10,58,00,54,27.1,83.2
10,59,00,39,27.1,83.3
11,00,00,50,27.1,83.3
11,01,00,52,27.2,83.2
11,02,00,52,27.2,83.3
11,03,00,47,27.2,83.6
11,04,00,59,27.2,83.3
11,05,00,28,27.2,83.5
11,06,00,31,27.2,83.2
11,07,00,51,27.2,83
11,08,00,35,27.2,82.9
11,09,00,44,27.2,82.9
11,10,00,58,27.2,82.9
11,11,00,38,27.2,82.7
11,12,00,60,27.2,82.7
11,13,00,58,27.3,82.5
11,14,00,37,27.3,82.5
11,15,00,40,27.2,82.5
11,16,00,23,27.2,82.6
11,17,00,55,27.2,82.6
11,18,00,34,27.2,82.7
11,19,00,47,27.2,82.6
11,20,00,26,27.2,82.5
11,21,00,45,27.2,82.5
11,22,00,53,27.2,82.6
11,23,00,57,27.2,82.7
11,24,00,59,27.2,82.8
11,25,00,41,27.2,82.8
11,26,00,54,27.2,82.8
11,27,00,46,27.2,82.8
11,28,00,46,27.2,82.8
11,29,00,23,27.2,82.8
11,30,00,33,27.3,82.8
11,31,00,27,27.3,82.7
11,32,00,45,27.3,82.7
11,33,00,45,27.3,82.7
11,34,00,41,27.3,82.6
11,35,00,20,27.3,82.5
11,36,00,34,27.3,82.5
11,37,00,46,27.3,82.5
11,38,00,59,27.4,82.5
11,39,00,44,27.3,82.6
11,40,00,36,27.3,82.7
11,41,00,26,27.3,82.7
11,42,00,45,27.3,82.8
11,43,00,23,27.3,82.8
11,44,00,46,27.3,82.9
11,45,00,37,27.3,83
11,46,00,61,27.3,82.9
11,47,00,51,27.3,83
11,48,00,50,27.3,82.9
11,49,00,33,27.3,83
11,50,00,64,27.3,82.9
11,51,00,43,27.3,83
11,52,00,47,27.3,82.9
11,53,00,55,27.4,82.9
11,54,00,45,27.4,82.9
11,55,00,39,27.4,82.8
11,56,00,27,27.4,82.9
11,57,00,28,27.4,83
11,58,00,33,27.4,83
11,59,00,38,27.4,82.9
12,00,00,33,27.4,82.9
12,01,00,34,27.4,83
12,02,00,20,27.4,83
12,03,00,36,27.4,83
12,04,00,32,27.5,83
12,05,00,34,27.5,82.9
12,06,00,28,27.5,83
12,07,00,34,27.5,83
12,08,00,32,27.5,83.1
12,09,00,37,27.5,83.1
12,10,00,38,27.5,83
12,11,00,22,27.5,83.2
12,12,00,31,27.5,83.2
12,13,00,41,27.5,83.2
12,14,00,44,27.5,83.2
12,15,00,36,27.6,83
12,16,00,43,27.6,83
12,17,00,29,27.6,83
12,18,00,33,27.6,82.9
12,19,00,35,27.6,82.9
12,20,00,40,27.6,82.9
12,21,00,37,27.6,83
12,22,00,28,27.6,82.9
12,23,00,22,27.6,82.8
12,24,00,36,27.7,82.8
12,25,00,37,27.6,82.9
12,26,00,26,27.6,83
12,27,00,31,27.6,83.1
12,28,00,30,27.7,83.1
12,29,00,27,27.7,82.9
12,30,00,27,27.7,83.1
12,31,00,20,27.7,83
12,32,00,31,27.7,82.9
12,33,00,38,27.7,83
12,34,00,25,27.7,83
12,35,00,41,27.7,82.8
12,36,00,26,27.7,82.9
12,37,00,25,27.7,82.9
12,38,00,34,27.7,82.9
12,39,00,22,27.7,82.9
12,40,00,34,27.7,83
12,41,00,30,27.8,82.7
12,42,00,35,27.8,82.5
12,43,00,40,27.9,82.4
12,44,00,30,27.9,82.4
12,45,00,31,27.9,82.5
12,46,00,32,27.8,82.5
12,47,00,32,27.8,82.5
12,48,00,44,27.8,82.4
12,49,00,28,27.8,82.4
12,50,00,23,27.8,82.2
12,51,00,24,27.8,82.5
12,52,00,41,27.8,82.4
12,53,00,24,27.8,82.4
12,54,00,24,27.8,82.5
12,55,00,13,27.8,82.6
12,57,00,45,27.8,82.3
12,58,00,23,27.8,82.4
12,59,00,39,27.8,82.2
13,00,00,37,27.9,82.1
13,01,00,15,27.8,82.3
13,02,00,28,27.8,82.3
13,03,00,17,27.8,82.2
13,04,00,35,27.9,81.9
13,05,00,23,27.9,81.9
13,06,00,35,27.9,81.9
13,07,00,29,27.9,81.8
13,08,00,33,27.9,81.6
13,09,00,25,27.9,81.8
13,10,00,33,27.9,81.9
13,11,00,22,27.9,81.9
13,12,00,21,27.9,81.7
13,13,00,30,27.9,81.7
13,14,00,34,27.9,81.5
13,15,00,25,27.9,81.8
13,16,00,36,27.9,81.6
13,17,00,35,27.9,81.8
13,18,00,25,27.9,81.7
13,19,00,34,27.9,81.5
13,20,00,41,27.9,81.6
13,21,00,33,27.9,81.4
13,22,00,27,27.9,81.4
13,23,00,38,27.9,81.2
13,24,00,23,27.9,81.3
13,25,00,23,27.9,81.1
13,26,00,37,27.9,80.9
13,27,00,36,27.9,80.8
13,28,00,35,27.9,80.4
13,29,00,26,27.9,80.4
13,30,00,18,28,80.1
13,31,00,22,28,80.4
13,32,00,27,28,80.7
13,33,00,26,28,80.6
13,34,00,27,28,80.4
13,35,00,17,28,80.4
13,36,00,34,28,80.3
13,37,00,26,28,80.3
13,38,00,20,28,80.4
13,39,00,24,28,80.4
13,40,00,23,28,80.5
13,41,00,27,28,79.6
13,42,00,17,28,80.3
13,43,00,28,28,80
13,44,00,20,28,79.9
13,45,00,14,28,79.7
13,46,00,28,28,79.8
13,47,00,29,28,79.7
13,48,00,27,28,79.5
13,49,00,13,28,79.3
13,50,00,27,28,79.2
13,51,00,24,28,79.5
13,52,00,20,28,79.4
13,53,00,29,28,79.6
13,54,00,17,28,79.6
13,55,00,23,28,79.6
13,56,00,26,28,79.7
13,57,00,21,28,79.5
13,58,00,27,28,79.5
13,59,00,21,28,79.8
14,00,00,32,28,79.8
14,01,00,15,28,79.5
14,02,00,42,28,79.5
14,03,00,25,28,79.6
14,04,00,40,28,79.5
14,05,00,47,28,78.9
14,06,00,27,28,79.4
14,07,00,38,28,79.2
14,08,00,32,28,79.3
14,09,00,23,28,79.5
14,10,00,25,28,79.1
14,11,00,24,28,79
14,12,00,37,28.1,79.3
14,13,00,22,28.1,79.3
14,14,00,25,28.1,79.1
14,15,00,11,28.1,79.4
14,16,00,11,28.1,79.2
14,17,00,13,28,79.3
14,18,00,35,28.1,78.8
14,19,00,29,28.1,78.9
14,20,00,28,28.1,79
14,21,00,18,28.1,79
14,22,00,26,28.1,79.1
14,23,00,30,28.1,79.1
14,24,00,19,28.1,79.2
14,25,00,20,28.1,79.1
14,26,00,14,28.1,79.4
14,27,00,24,28.1,79.3
14,28,00,22,28.1,79.1
14,29,00,17,28.1,78.8
14,30,00,26,28.1,79
14,31,00,33,28.1,79
14,32,00,33,28.1,78.9
14,33,00,18,28.1,79
14,34,00,21,28.1,78.9
14,35,00,31,28.1,79.1
14,36,00,14,28.1,79.3
14,37,00,21,28.1,79.2
14,38,00,19,28.1,79.2
14,39,00,34,28.1,79
14,40,00,20,28.1,79.1
14,41,00,25,28.1,79.1
14,42,00,28,28.1,79.2
14,43,00,19,28.1,79.3
14,44,00,23,28.1,79.1
14,45,00,29,28.1,79.3
14,46,00,21,28.1,79.3
14,47,00,15,28.1,79.4
14,48,00,37,28.1,79.4
14,49,00,21,28.1,79.6
14,50,00,23,28.1,79.7
14,51,00,19,28.1,79.5
14,52,00,41,28.1,79.6
14,53,00,39,28.1,79.7
14,54,00,20,28.1,79.6
14,55,00,25,28.1,79.6
14,56,00,27,28.1,79.6
14,57,00,34,28.1,79.8
14,58,00,36,28.1,79.8
14,59,00,29,28.1,79.7
15,00,00,36,28.1,79.8
15,01,00,30,28.2,79.8
15,02,00,16,28.2,79.7
15,03,00,23,28.1,79.8
15,04,00,35,28.1,79.9
15,05,00,25,28.2,79.9
15,06,00,32,28.2,79.9
15,07,00,23,28.2,79.9
15,08,00,23,28.2,79.9
15,09,00,31,28.2,79.9
15,10,00,25,28.2,79.8
15,11,00,30,28.2,79.8
15,12,00,26,28.2,79.8
15,13,00,25,28.3,79.8
15,14,00,30,28.3,79.8
15,15,00,24,28.3,79.6
15,16,00,27,28.3,79.7
15,17,00,19,28.3,79.7
15,18,00,10,28.3,79.8
15,19,00,21,28.3,79.9
15,20,00,20,28.3,79.8
15,21,00,23,28.3,79.9
15,22,00,19,28.3,80
15,23,00,17,28.2,80
15,24,00,17,28.3,80
15,25,00,33,28.3,80.1
15,26,00,21,28.3,79.9
15,27,00,31,28.3,79.9
15,28,00,20,28.3,79.8
15,29,00,30,28.3,79.9
15,30,00,27,28.3,79.5
15,31,00,25,28.3,79.6
15,32,00,19,28.3,79.2
15,33,00,13,28.3,79.5
15,34,00,24,28.3,79.4
15,35,00,13,28.3,79.4
15,36,00,19,28.3,79.5
15,37,00,18,28.3,79.2
15,38,00,16,28.3,79.2
15,39,00,19,28.3,78.9
15,40,00,25,28.2,79
15,41,00,26,28.2,79.1
15,42,00,13,28.2,79.1
15,43,00,25,28.2,79.2
15,44,00,15,28.3,79.1
15,45,00,15,28.3,78.8
15,46,00,16,28.3,78.9
15,47,00,35,28.3,78.8
15,48,00,28,28.3,78.8
15,49,00,32,28.2,78.8
15,50,00,11,28.2,78.9
15,51,00,17,28.2,79.1
15,52,00,19,28.2,79.1
15,53,00,15,28.2,78.8
15,54,00,17,28.2,78.9
15,55,00,16,28.2,79
15,56,00,17,28.2,78.9
15,57,00,19,28.2,78.8
15,58,00,17,28.2,78.9
15,59,00,14,28.2,78.8
16,00,00,23,28.2,78.8
16,01,00,18,28.2,78.7
16,02,00,18,28.2,78.6
16,03,00,13,28.2,78.7
16,04,00,14,28.2,78.4
16,05,00,13,28.2,78
16,06,00,23,28.2,78.2
16,07,00,25,28.2,78.2
16,08,00,13,28.2,78.5
16,09,00,17,28.2,78.4
16,10,00,13,28.2,78.3
16,11,00,21,28.2,78.4
16,12,00,12,28.3,78.6
16,13,00,13,28.3,78.7
16,14,00,25,28.3,78.8
16,15,00,17,28.3,78.8
16,16,00,29,28.3,79.1
16,17,00,17,28.4,79.2
16,18,00,23,28.3,79.5
16,19,00,26,28.4,79.4
16,20,00,23,28.4,79.7
16,21,00,9,28.3,79.7
16,22,00,18,28.4,79.9
16,23,00,15,28.3,80
16,24,00,17,28.3,80.4
16,25,00,14,28.3,80.5
16,26,00,20,28.3,81
16,27,00,20,28.2,81.3
16,28,00,21,28.2,81.3
16,29,00,27,28.2,81.7
16,30,00,20,28.2,81.8
16,31,00,15,28.2,81.9
16,32,00,22,28.2,81.8
16,33,00,27,28.2,82.2
16,34,00,26,28.2,82.3
16,35,00,18,28.1,82.5
16,36,00,24,28.1,82.6
16,37,00,15,28,82.7
16,38,00,21,28,82.9
16,39,00,22,28,82.9
16,40,00,27,27.9,83
16,41,00,14,27.9,83.3
16,42,00,16,27.9,83
16,43,00,21,28,83.3
16,44,00,19,28,83.5
16,45,00,11,28,83.5
16,46,00,13,27.9,83.6
16,47,00,26,27.9,83.7
16,48,00,15,27.9,83.6
16,49,00,37,27.9,83.8
16,50,00,14,27.9,84
16,51,00,21,27.9,83.8
16,52,00,15,27.9,83.8
16,53,00,19,27.9,83.6
16,54,00,15,27.9,83.8
16,55,00,18,27.9,83.9
16,56,00,20,27.9,83.7
16,57,00,17,27.8,83.6
16,58,00,15,27.8,83.5
16,59,00,22,27.8,83.3
17,00,00,18,27.7,83.3
17,01,00,14,27.7,83.4
17,02,00,19,27.7,83.2
17,03,00,18,27.7,83.3
17,04,00,24,27.7,83.2
17,05,00,18,27.6,83.3
17,06,00,12,27.6,83.4
17,07,00,20,27.6,83.5
17,08,00,26,27.6,83.3
17,09,00,16,27.6,83.2
17,10,00,24,27.6,83.1
17,11,00,20,27.6,82.5
17,12,00,26,27.7,82.7
17,13,00,10,27.8,82.3
17,14,00,14,27.7,82.3
17,15,00,11,27.7,82.1
17,16,00,9,27.8,82.1
17,17,00,19,27.7,81.9
17,18,00,33,27.7,81.9
17,19,00,12,27.6,82.1
17,20,00,18,27.6,82
17,21,00,27,27.6,82.1
17,22,00,26,27.6,82
17,23,00,21,27.5,81.9
17,24,00,29,27.5,82.1
17,25,00,18,27.4,82.1
17,26,00,18,27.4,82.4
17,27,00,19,27.4,82.4
17,28,00,12,27.5,82.2
17,29,00,14,27.5,82.3
17,30,00,9,27.5,82.1
17,31,00,29,27.5,82.3
17,32,00,16,27.5,82.5
17,33,00,16,27.4,82.6
17,34,00,20,27.4,82.7
17,35,00,14,27.4,82.7
17,36,00,17,27.5,82.6
17,37,00,13,27.5,82.7
17,38,00,10,27.4,82.7
17,39,00,22,27.4,82.7
17,40,00,24,27.4,82.6
17,41,00,19,27.5,82.6
17,42,00,18,27.5,82.5
17,43,00,23,27.5,82.7
17,44,00,15,27.5,82.7
17,45,00,19,27.5,82.8
17,46,00,16,27.4,83
17,47,00,19,27.4,83
17,48,00,18,27.4,83.1
17,49,00,22,27.5,83
17,50,00,22,27.4,83
17,51,00,20,27.4,83.1
17,52,00,11,27.4,83
17,53,00,27,27.4,83.2
17,54,00,27,27.4,83.3
17,55,00,34,27.4,83.4
17,56,00,19,27.4,83.4
17,57,00,15,27.4,83.6
17,58,00,18,27.4,83.6
17,59,00,11,27.4,83.5
18,00,00,27,27.4,83.5
18,01,00,21,27.4,83.5
18,02,00,20,27.4,83.6
18,03,00,13,27.4,83.5
18,04,00,24,27.4,83.6
18,05,00,21,27.3,83.8
18,06,00,17,27.3,83.8
18,07,00,26,27.2,83.8
18,08,00,17,27.2,84
18,09,00,10,27.2,84.1
18,10,00,10,27.3,84
18,11,00,17,27.3,83.9
18,12,00,15,27.4,83.9
18,13,00,15,27.4,83.8
18,14,00,25,27.4,83.8
18,15,00,13,27.4,84
18,16,00,26,27.4,84.1
18,17,00,15,27.4,84
18,18,00,10,27.5,84.1
18,19,00,13,27.5,83.8
18,20,00,20,27.5,83.9
18,21,00,21,27.4,84
18,22,00,10,27.4,84.1
18,23,00,15,27.4,84.3
18,24,00,24,27.4,84.5
18,25,00,14,27.4,84.6
18,26,00,18,27.4,84.3
18,27,00,13,27.4,84.1
18,28,00,15,27.5,84.2
18,29,00,18,27.5,84.3
18,30,00,11,27.5,84.1
18,31,00,21,27.6,84.2
18,32,00,17,27.6,84.2
18,33,00,15,27.6,84
18,34,00,24,27.7,83.7
18,35,00,16,27.7,83.6
18,36,00,21,27.6,83.6
18,37,00,8,27.7,83.7
18,38,00,15,27.7,83.4
18,39,00,17,27.7,83.4
18,40,00,22,27.6,83.5
18,42,00,16,27.6,83.5
18,43,00,14,27.6,83.4
18,44,00,22,27.6,83.5
18,45,00,12,27.6,83.3
18,46,00,13,27.6,83.4
18,47,00,14,27.6,83.3
18,48,00,23,27.5,83.6
18,49,00,14,27.5,83.5
18,50,00,8,27.5,83.6
18,51,00,19,27.5,83.3
18,52,00,22,27.5,83.3
18,53,00,21,27.5,83.3
18,54,00,13,27.5,83.4
18,55,00,26,27.5,83.2
18,56,00,19,27.5,83.2
18,57,00,13,27.5,83.1
18,58,00,19,27.5,83
18,59,00,20,27.5,83.3
19,00,00,16,27.5,83.4
19,01,00,28,27.5,83.6
19,02,00,17,27.3,84
19,03,00,11,27.3,84.1
19,04,00,17,27.3,84.9
19,05,00,16,27.1,86.1
19,06,00,23,27.1,86.9
19,07,00,11,27.2,86.6
19,08,00,13,27.3,86.5
19,09,00,32,27.3,86.4
19,10,00,12,27.4,86.2
19,11,00,11,27.4,85.8
19,12,00,20,27.4,85.8
19,13,00,21,27.4,85.7
19,14,00,15,27.4,85.9
19,15,00,22,27.4,86.1
19,16,00,12,27.4,86
19,17,00,15,27.4,86
19,18,00,19,27.4,86
19,19,00,15,27.3,86.2
19,20,00,15,27.3,86.1
19,21,00,2,27.3,85.9
19,22,00,16,27.3,86
19,23,00,17,27.4,86
19,24,00,20,27.4,85.9
19,25,00,27,27.3,86.1
19,26,00,24,27.3,86
19,27,00,15,27.3,86.3
19,28,00,12,27.2,86.6
19,29,00,15,27.2,86.8
19,30,00,17,27.2,86.8
19,31,00,15,27.2,86.6
19,32,00,24,27.3,86.5
19,33,00,17,27.3,86.3
19,34,00,15,27.3,86.2
19,35,00,14,27.3,86.2
19,36,00,18,27.3,86.2
19,37,00,22,27.2,86.5
19,38,00,20,27.2,86.6
19,39,00,21,27.2,86.2
19,40,00,12,27.2,86.1
19,41,00,22,27.1,86
19,42,00,20,27,86.5
19,43,00,17,27.1,86.2
19,44,00,21,27.1,86.3
19,45,00,20,27.1,86.1
19,46,00,14,27.2,86
19,47,00,20,27.2,85.7
19,48,00,12,27.2,85.6
19,49,00,19,27.3,85.7
19,50,00,21,27.3,85.7
19,51,00,16,27.3,85.8
19,52,00,12,27.2,85.9
19,53,00,22,27.2,86.1
19,54,00,11,27.2,86.2
19,55,00,18,27.3,86.1
19,56,00,13,27.3,86.1
19,57,00,15,27.3,86
19,58,00,26,27.3,85.9
19,59,00,13,27.3,85.8
20,00,00,18,27.2,85.7
20,01,00,21,27.3,85.5
20,02,00,15,27.3,85.3
20,03,00,19,27.2,85.5
20,04,00,22,27.2,85.7
20,06,00,13,27.2,86.1
20,07,00,20,27.2,86.1
20,08,00,10,27.2,86.3
20,09,00,19,27.1,86.2
20,10,00,17,27.1,86.2
20,11,00,16,27.2,86.1
20,12,00,13,27.2,86.2
20,13,00,10,27.2,86.1
20,14,00,23,27.2,86.1
20,15,00,23,27.2,85.9
20,16,00,21,27.2,85.9
20,17,00,15,27.2,86.2
20,18,00,19,27.2,86
20,19,00,16,27.2,85.9
20,20,00,28,27.2,85.8
20,21,00,29,27.2,85.8
20,22,00,11,27.1,85.9
20,23,00,20,27.2,85.6
20,24,00,16,27.2,85.5
20,25,00,20,27.2,85.2
20,26,00,9,27.3,85
20,27,00,14,27.3,84.9
20,28,00,14,27.3,84.6
20,29,00,18,27.3,84.8
20,30,00,20,27.2,85
20,31,00,15,27.2,85.1
20,32,00,30,27.2,84.8
20,33,00,11,27.2,84.9
20,34,00,20,27.2,84.9
20,35,00,17,27.2,84.8
20,36,00,25,27.2,84.8
20,37,00,31,27.2,84.9
20,38,00,12,27.1,85
20,39,00,18,27.2,84.8
20,40,00,19,27.2,84.6
20,41,00,10,27.2,84.7
20,42,00,24,27.2,85
20,43,00,11,27.1,84.9
20,44,00,19,27.1,85.1
20,45,00,16,27.1,85
20,46,00,23,27.2,84.9
20,47,00,11,27.3,84.6
20,48,00,12,27.2,84.6
20,49,00,18,27.1,84.7
20,50,00,15,27.1,85
20,51,00,19,27.1,84.9
20,52,00,14,27.1,85
20,53,00,26,27.1,84.8
20,54,00,22,27.1,84.8
20,55,00,28,27.1,84.8
20,56,00,14,27.1,85
20,57,00,21,27.1,84.9
20,58,00,12,27.1,84.9
20,59,00,12,27,84.8
21,00,00,20,27.1,84.8
21,01,00,25,27.1,84.5
21,02,00,8,27.1,84.9
21,03,00,22,27.1,84.9
21,04,00,21,27.1,85
21,05,00,25,27.1,85
21,06,00,19,27.1,84.9
21,07,00,19,27.1,84.8
21,08,00,27,27.1,84.8
21,09,00,17,27.1,84.9
21,10,00,28,27.1,85
21,11,00,12,27.1,84.9
21,12,00,17,27.1,84.8
21,13,00,18,27.1,84.8
21,14,00,17,27,84.9
21,15,00,15,27,85
21,16,00,11,27,84.9
21,17,00,20,27,85
21,18,00,22,27,85.2
21,19,00,17,27,85.2
21,20,00,17,27,85.4
21,21,00,17,27,85.5
21,22,00,25,27,85.5
21,23,00,18,27,85.5
21,24,00,19,27,85.3
21,25,00,15,27.1,85
21,26,00,17,27.1,84.9
21,27,00,14,27.1,84.8
21,28,00,20,27.1,84.8
21,29,00,17,27.1,85.2
21,30,00,11,27,85.5
21,31,00,14,27,85.5
21,32,00,16,27,85.2
21,33,00,13,27,85
21,34,00,18,27,84.9
21,35,00,13,27,84.9
21,36,00,24,27,84.9
21,37,00,27,27,84.9
21,38,00,15,26.9,84.8
21,39,00,12,27,85
21,40,00,13,27,85.1
21,42,00,17,27,84.9
21,43,00,16,27.1,84.8
21,44,00,15,27.1,84.8
21,45,00,21,27.1,84.5
21,46,00,20,27.1,84.6
21,47,00,22,27.1,84.6
21,48,00,20,27.1,84.6
21,49,00,19,27.1,84.6
21,50,00,18,27,84.5
21,51,00,13,27,84.5
21,52,00,16,27.1,84.4
21,53,00,29,27,84.3
21,54,00,15,27,84.5
21,55,00,24,27,84.4
21,56,00,14,27,84.4
21,57,00,20,27,84.3
21,58,00,14,26.9,84.1
21,59,00,17,26.9,84.6
22,00,00,14,27,84.6
22,01,00,12,27,84.5
22,02,00,20,27,84.3
22,03,00,15,27,84.3
22,04,00,12,27,84.2
22,05,00,19,27,84.4
22,06,00,14,27,84.4
22,07,00,9,27,84.5
22,08,00,20,27,84.4
22,09,00,13,27,84.2
22,10,00,27,27,84
22,11,00,11,27,83.9
22,12,00,23,27,84.1
22,13,00,15,27,84
22,14,00,16,27,84.1
22,15,00,20,26.9,84
22,16,00,13,26.9,84
22,17,00,18,26.9,83.9
22,18,00,21,26.9,83.9
22,19,00,11,27,83.8
22,20,00,20,27.1,83.4
22,21,00,25,27.1,83.5
22,22,00,18,27,83.9
22,23,00,11,26.9,83.9
22,24,00,29,26.9,83.9
22,25,00,22,26.9,84.2
22,26,00,9,26.9,84.3
22,27,00,18,26.9,84.3
22,28,00,11,26.9,84.3
22,29,00,20,27,84.1
22,30,00,17,27,84
22,31,00,19,26.9,84
22,32,00,14,26.9,84.1
22,33,00,15,27,83.8
22,34,00,7,27,83.7
22,35,00,15,27,83.6
22,36,00,29,27.1,83.6
22,37,00,13,27,83.6
22,38,00,17,26.9,83.8
22,39,00,15,27,83.7
22,40,00,19,27,83.7
22,41,00,11,26.9,83.9
22,42,00,15,26.9,84.1
22,43,00,21,26.9,84.2
22,44,00,11,26.9,84.1
22,45,00,13,26.9,84.1
22,46,00,17,27,83.9
22,47,00,27,27,83.9
22,48,00,16,27,83.7
22,49,00,13,27,83.6
22,50,00,15,26.9,83.6
22,51,00,20,26.9,83.6
22,52,00,25,26.9,83.8
22,54,00,23,26.8,84
22,55,00,24,26.8,83.8
22,56,00,15,26.8,83.9
22,57,00,17,26.9,83.6
22,58,00,20,26.9,83.5
22,59,00,21,26.9,83.5
23,00,00,21,26.9,83.5
23,01,00,23,26.9,83.7
23,02,00,15,26.9,83.6
23,03,00,16,26.8,83.6
23,04,00,16,26.8,83.7
23,05,00,11,26.8,83.6
23,06,00,17,26.8,83.5
23,07,00,19,26.8,83.7
23,08,00,14,26.8,83.5
23,09,00,19,26.8,83.2
23,10,00,8,26.8,83.4
23,11,00,24,26.8,83.4
23,12,00,15,26.8,83.3
23,13,00,23,26.8,83.3
23,14,00,16,26.7,83.1
23,15,00,26,26.8,83.1
23,16,00,14,26.7,83.2
23,17,00,18,26.8,83.2
23,18,00,21,26.8,83.1
23,19,00,14,26.7,83
23,20,00,18,26.7,83.2
23,21,00,18,26.8,83.1
23,22,00,12,26.8,82.9
23,23,00,21,26.7,83
23,24,00,20,26.7,83
23,25,00,16,26.7,82.8
23,26,00,23,26.8,82.8
23,27,00,15,26.8,82.9
23,28,00,11,26.8,82.7
23,29,00,18,26.7,82.8
23,30,00,22,26.8,82.8
23,31,00,20,26.7,82.8
23,32,00,16,26.7,82.9
23,33,00,17,26.7,82.8
23,34,00,18,26.7,82.9
23,35,00,16,26.8,82.8
23,36,00,15,26.7,82.9
23,37,00,17,26.7,82.8
23,38,00,13,26.7,82.8
23,39,00,25,26.7,82.8
23,40,00,18,26.7,82.8
23,41,00,21,26.7,82.8
23,42,00,13,26.7,83
23,43,00,23,26.7,82.7
23,44,00,11,26.6,83
23,45,00,19,26.6,83
23,46,00,22,26.7,83
23,47,00,14,26.7,82.9
23,48,00,19,26.7,83
23,49,00,32,26.7,82.9
23,50,00,19,26.6,83
23,51,00,21,26.6,83.1
23,52,00,19,26.6,83.2
23,53,00,23,26.6,83.4
23,54,00,13,26.6,83.1
23,55,00,16,26.6,83.1
23,56,00,10,26.7,82.7
23,57,00,24,26.6,82.5
23,58,00,16,26.6,82.7
23,59,00,22,26.6,82.6
