00,00,00,16,26.6,82.7
00,01,00,25,26.6,82.9
00,02,00,27,26.6,82.9
00,03,00,19,26.6,82.9
00,04,00,22,26.6,82.8
00,05,00,12,26.6,82.7
00,06,00,15,26.5,82.9
00,07,00,19,26.5,83
00,08,00,26,26.6,82.9
00,09,00,16,26.6,82.8
00,10,00,22,26.6,82.9
00,11,00,16,26.6,82.8
00,12,00,17,26.6,82.7
00,13,00,21,26.5,82.9
00,14,00,13,26.5,82.7
00,15,00,10,26.5,82.8
00,16,00,34,26.6,82.8
00,17,00,15,26.5,82.9
00,18,00,24,26.6,82.8
00,19,00,17,26.6,82.7
00,20,00,29,26.6,82.7
00,21,00,12,26.6,82.5
00,22,00,13,26.6,82.6
00,23,00,12,26.5,82.8
00,24,00,21,26.4,83.1
00,25,00,17,26.4,83.1
00,26,00,14,26.4,83.2
00,27,00,21,26.4,83.1
00,28,00,15,26.5,83
00,29,00,21,26.5,82.8
00,30,00,29,26.5,82.8
00,31,00,10,26.5,82.6
00,32,00,16,26.5,82.5
00,33,00,20,26.5,82.6
00,34,00,13,26.5,82.7
00,35,00,23,26.5,82.7
00,36,00,13,26.6,82.5
00,37,00,20,26.5,82.5
00,38,00,17,26.5,82.5
00,39,00,11,26.5,82.6
00,40,00,31,26.5,82.7
00,41,00,29,26.5,82.9
00,42,00,16,26.5,82.8
00,43,00,24,26.5,82.7
00,44,00,20,26.5,82.6
00,45,00,14,26.5,82.6
00,46,00,18,26.5,82.5
00,47,00,14,26.4,82.6
00,48,00,22,26.4,82.8
00,49,00,21,26.4,83
00,50,00,13,26.3,83.1
00,51,00,28,26.4,82.9
00,52,00,19,26.4,82.8
00,53,00,17,26.4,82.7
00,54,00,13,26.4,82.8
00,55,00,23,26.5,82.6
00,56,00,24,26.5,82.4
00,57,00,31,26.5,82.5
00,58,00,18,26.5,82.6
00,59,00,18,26.5,82.3
01,00,00,24,26.4,82.4
01,01,00,20,26.5,82.4
01,02,00,22,26.5,82.3
01,03,00,20,26.4,82.2
01,04,00,16,26.4,82.3
01,05,00,12,26.4,82.3
01,06,00,7,26.4,82.3
01,07,00,24,26.4,82.2
01,08,00,12,26.4,82.3
01,09,00,13,26.5,82.3
01,10,00,14,26.4,82.1
01,11,00,18,26.4,82.3
01,12,00,32,26.4,82.4
01,13,00,12,26.5,82.3
01,14,00,16,26.4,82.4
01,15,00,25,26.4,82.3
01,16,00,26,26.4,82.2
01,17,00,26,26.5,82.3
01,18,00,12,26.5,82.4
01,19,00,21,26.5,82.2
01,20,00,20,26.5,82.3
01,21,00,19,26.5,82.2
01,22,00,18,26.5,82.5
01,23,00,13,26.5,82.5
01,24,00,18,26.5,82.5
01,25,00,14,26.5,82.6
01,26,00,26,26.4,82.7
01,27,00,27,26.5,82.5
01,28,00,22,26.5,82.4
01,29,00,23,26.5,82.4
01,30,00,15,26.5,82.4
01,31,00,9,26.5,82.3
01,32,00,15,26.5,82.4
01,33,00,15,26.5,82.4
01,34,00,16,26.5,82.5
01,35,00,17,26.5,82.5
01,36,00,17,26.5,82.5
01,37,00,19,26.5,82.5
01,38,00,16,26.5,82.5
01,39,00,17,26.5,82.4
01,40,00,13,26.5,82.6
01,41,00,18,26.5,82.7
01,42,00,15,26.5,82.6
01,43,00,18,26.5,82.6
01,44,00,29,26.5,82.6
01,45,00,17,26.4,82.5
01,46,00,18,26.4,82.7
01,47,00,13,26.4,82.7
01,48,00,23,26.4,82.6
01,49,00,14,26.4,82.6
01,50,00,21,26.4,82.6
01,51,00,28,26.4,82.5
01,52,00,22,26.4,82.6
01,53,00,18,26.4,82.5
01,54,00,18,26.4,82.6
01,55,00,14,26.4,82.6
01,56,00,21,26.5,82.4
01,57,00,22,26.5,82.5
01,59,00,18,26.5,82.5
02,00,00,21,26.5,82.5
02,01,00,26,26.4,82.5
02,02,00,13,26.4,82.6
02,03,00,24,26.4,82.6
02,04,00,12,26.5,82.3
02,05,00,24,26.5,82.4
02,06,00,18,26.5,82.3
02,07,00,14,26.6,82.1
02,08,00,16,26.5,82.2
02,09,00,22,26.5,82.3
02,10,00,22,26.5,82.4
02,11,00,18,26.5,82.5
02,12,00,15,26.4,82.6
02,13,00,13,26.5,82.3
02,14,00,25,26.5,82.4
02,15,00,17,26.4,82.7
02,16,00,13,26.4,82.7
02,17,00,16,26.4,82.6
02,18,00,17,26.4,82.6
02,19,00,13,26.4,82.6
02,20,00,24,26.4,82.5
02,21,00,25,26.4,82.3
02,22,00,13,26.4,82.2
02,23,00,15,26.4,82.3
02,24,00,15,26.4,82.3
02,25,00,14,26.4,82.4
02,26,00,23,26.4,82.4
02,27,00,19,26.4,82.5
02,28,00,25,26.4,82.5
02,29,00,14,26.4,82.4
02,30,00,16,26.4,82.5
02,31,00,26,26.4,82.5
02,32,00,24,26.4,82.5
02,33,00,14,26.4,82.3
02,34,00,18,26.4,82.2
02,35,00,29,26.4,82.3
02,36,00,31,26.3,82.7
02,37,00,18,26.3,82.7
02,38,00,15,26.3,82.8
02,39,00,29,26.3,82.9
02,40,00,21,26.2,83.1
02,41,00,24,26.2,83.1
02,42,00,16,26.3,82.8
02,43,00,15,26.3,82.7
02,44,00,23,26.4,82.7
02,45,00,13,26.4,82.5
02,46,00,18,26.4,82.5
02,47,00,13,26.3,82.5
02,48,00,18,26.4,82.5
02,49,00,18,26.3,82.5
02,50,00,17,26.3,82.7
02,51,00,8,26.3,82.9
02,52,00,16,26.3,82.7
02,53,00,12,26.3,82.8
02,54,00,6,26.2,83
02,55,00,24,26.3,83.1
02,56,00,16,26.3,82.8
02,57,00,20,26.2,83.1
02,58,00,18,26.3,83
02,59,00,14,26.3,82.8
03,00,00,15,26.3,82.8
03,01,00,21,26.4,82.7
03,02,00,21,26.4,82.5
03,03,00,20,26.4,82.4
03,04,00,26,26.4,82.4
03,05,00,14,26.4,82.3
03,06,00,14,26.4,82.3
03,07,00,17,26.4,82.4
03,08,00,22,26.3,82.7
03,09,00,9,26.3,82.6
03,10,00,23,26.3,82.6
03,11,00,20,26.3,82.7
03,12,00,19,26.2,82.9
03,13,00,17,26.2,82.9
03,14,00,12,26.2,82.8
03,15,00,15,26.2,82.9
03,16,00,27,26.2,83
03,17,00,18,26.2,83
03,18,00,30,26.2,83
03,19,00,16,26.3,82.9
03,20,00,23,26.3,82.7
03,21,00,15,26.3,82.8
03,22,00,17,26.3,82.8
03,23,00,17,26.3,82.8
03,24,00,19,26.3,82.8
03,25,00,20,26.3,82.8
03,26,00,14,26.3,82.8
03,27,00,19,26.3,82.9
03,28,00,12,26.3,82.9
03,29,00,21,26.3,83
03,30,00,10,26.3,83.2
03,31,00,15,26.3,82.9
03,32,00,11,26.3,82.7
03,33,00,10,26.3,82.7
03,34,00,24,26.3,82.8
03,35,00,11,26.3,82.8
03,36,00,16,26.3,82.9
03,37,00,12,26.3,83
03,38,00,17,26.3,82.9
03,39,00,21,26.3,82.9
03,40,00,21,26.2,83.1
03,41,00,10,26.3,83.2
03,42,00,14,26.3,82.9
03,43,00,14,26.3,82.8
03,44,00,18,26.3,82.9
03,45,00,16,26.3,82.9
03,46,00,19,26.3,83
03,47,00,20,26.3,82.9
03,48,00,14,26.3,82.9
03,49,00,18,26.3,83
03,50,00,9,26.3,83
03,51,00,15,26.3,82.8
03,52,00,16,26.3,82.8
03,53,00,10,26.3,82.9
03,54,00,16,26.3,83
03,55,00,23,26.3,82.9
03,56,00,20,26.3,83
03,57,00,12,26.3,83
03,58,00,20,26.3,83.1
03,59,00,10,26.3,82.9
04,00,00,18,26.3,83
04,01,00,8,26.3,83
04,02,00,20,26.3,82.9
04,03,00,16,26.4,82.6
04,04,00,14,26.4,82.5
04,05,00,18,26.4,82.7
04,06,00,24,26.3,82.7
04,07,00,20,26.3,82.8
04,08,00,19,26.4,82.8
04,09,00,16,26.4,82.8
04,10,00,15,26.3,82.8
04,11,00,15,26.3,82.8
04,12,00,20,26.3,82.8
04,13,00,10,26.3,82.9
04,15,00,12,26.3,83
04,16,00,14,26.3,83.1
04,17,00,17,26.3,83
04,18,00,19,26.3,83.1
04,19,00,13,26.3,83.1
04,20,00,20,26.3,83
04,21,00,17,26.3,82.8
04,22,00,22,26.3,82.9
04,23,00,13,26.3,83
04,24,00,18,26.3,83
04,25,00,12,26.3,82.9
04,26,00,16,26.3,83
04,27,00,17,26.3,82.9
04,28,00,15,26.3,82.9
04,29,00,26,26.2,83.1
04,30,00,19,26.2,83.1
04,31,00,17,26.2,83.2
04,32,00,18,26.2,83.2
04,34,00,21,26.2,83.4
04,35,00,10,26.2,83.4
04,36,00,20,26.2,83.3
04,37,00,12,26.2,83.3
04,38,00,21,26.2,83.4
04,39,00,14,26.2,83.4
04,40,00,16,26.2,83.4
04,41,00,9,26.3,83.2
04,42,00,15,26.3,83.1
04,43,00,11,26.3,83
04,45,00,14,26.2,83.3
04,46,00,30,26.2,83.2
04,47,00,21,26.2,83.3
04,48,00,19,26.2,83.3
04,50,00,28,26.2,83.4
04,51,00,15,26.2,83.5
04,52,00,25,26.3,83.4
04,53,00,20,26.3,83.2
04,54,00,12,26.3,83.2
04,55,00,15,26.3,83.1
04,56,00,13,26.3,83.2
04,57,00,23,26.3,83.2
04,58,00,22,26.3,83.2
04,59,00,21,26.2,83.3
05,00,00,17,26.3,83.4
05,01,00,13,26.3,83.3
05,02,00,16,26.3,83.2
05,03,00,20,26.3,83.3
05,04,00,24,26.3,83.3
05,05,00,21,26.3,83.3
05,06,00,25,26.3,83.3
05,07,00,20,26.3,83.4
05,08,00,15,26.3,83.4
05,09,00,12,26.3,83.4
05,10,00,6,26.2,83.5
05,11,00,23,26.2,83.5
05,12,00,21,26.3,83.4
05,13,00,20,26.3,83.4
05,14,00,16,26.2,83.4
05,15,00,13,26.3,83.5
05,16,00,25,26.3,83.5
05,17,00,19,26.2,83.6
05,18,00,26,26.2,83.4
05,19,00,33,26.2,83.5
05,20,00,23,26.2,83.5
05,21,00,25,26.2,83.4
05,22,00,20,26.2,83.4
05,23,00,21,26.2,83.6
05,24,00,8,26.2,83.5
05,25,00,8,26.2,83.6
05,26,00,19,26.2,83.6
05,27,00,20,26.2,83.5
05,28,00,14,26.2,83.5
05,29,00,17,26.2,83.4
05,30,00,25,26.2,83.5
05,31,00,21,26.2,83.4
05,32,00,25,26.2,83.5
05,33,00,14,26.2,83.6
05,34,00,26,26.2,83.4
05,35,00,6,26.2,83.5
05,36,00,20,26.2,83.5
05,37,00,24,26.2,83.4
05,38,00,12,26.2,83.6
05,39,00,17,26.2,83.6
05,40,00,18,26.2,83.5
05,41,00,16,26.3,83.4
05,42,00,13,26.2,83.4
05,43,00,24,26.2,83.5
05,44,00,16,26.2,83.5
05,45,00,24,26.2,83.6
05,46,00,22,26.2,83.6
05,47,00,16,26.2,83.7
05,48,00,25,26.2,83.8
05,49,00,6,26.2,83.6
05,50,00,13,26.2,83.6
05,51,00,17,26.2,83.7
05,52,00,13,26.2,83.7
05,53,00,15,26.1,83.8
05,55,00,15,26,84.4
05,56,00,23,26.1,84.2
05,57,00,16,26.2,84
05,58,00,16,26.2,84
05,59,00,21,26.2,84
06,00,00,30,26.2,83.9
06,01,00,16,26.2,83.7
06,02,00,18,26.2,83.8
06,03,00,23,26.2,83.7
06,04,00,23,26.2,83.8
06,05,00,28,26.1,83.7
06,06,00,16,26.1,83.9
06,07,00,20,26.1,83.9
06,08,00,14,26.2,83.8
06,09,00,19,26.1,83.9
06,10,00,23,26.1,83.7
06,12,00,23,26.2,83.6
06,13,00,21,26.3,83.6
06,14,00,10,26.2,83.6
06,15,00,32,26.2,83.7
06,16,00,16,26.2,83.7
06,17,00,20,26.2,83.6
06,18,00,15,26.2,83.7
06,19,00,26,26.2,83.6
06,20,00,14,26.2,83.6
06,21,00,17,26.1,83.9
06,22,00,13,26.1,84
06,23,00,15,26.1,83.9
06,24,00,20,26.1,84
06,25,00,14,26.1,84
06,26,00,19,26.1,84
06,27,00,20,26.1,84
06,28,00,15,26.1,84.1
06,29,00,16,26.2,84
06,30,00,22,26.2,83.9
06,31,00,21,26.2,83.9
06,32,00,15,26.2,83.9
06,33,00,15,26.2,84
06,34,00,15,26.2,83.8
06,35,00,23,26.1,83.9
06,36,00,21,26.2,83.8
06,37,00,9,26.2,83.9
06,38,00,24,26.1,83.9
06,39,00,19,26.2,84
06,40,00,14,26.2,84.1
06,41,00,26,26.1,84.1
06,42,00,14,26.2,84
06,43,00,15,26.2,83.9
06,44,00,10,26.2,83.7
06,45,00,17,26.2,83.9
06,46,00,20,26.2,83.9
06,47,00,17,26.2,83.9
06,48,00,16,26.2,83.8
06,49,00,25,26.2,83.9
06,50,00,15,26.2,84
06,51,00,26,26.1,84
06,52,00,14,26.2,83.8
06,53,00,15,26.2,83.8
06,54,00,16,26.2,83.8
06,55,00,19,26.1,83.9
06,56,00,21,26.2,83.9
06,57,00,14,26.2,83.8
06,58,00,17,26.2,83.8
06,59,00,13,26.2,83.7
07,00,00,15,26.2,83.8
07,01,00,19,26.2,83.9
07,02,00,10,26.2,83.9
07,03,00,30,26.3,83.6
07,04,00,10,26.3,83.6
07,05,00,21,26.2,83.8
07,06,00,17,26.2,83.6
07,07,00,19,26.2,83.8
07,08,00,18,26.1,84.1
07,09,00,21,26.2,84
07,10,00,16,26.2,84.1
07,11,00,25,26.2,84.1
07,12,00,18,26.2,84
07,13,00,20,26.2,83.9
07,14,00,19,26.2,84
07,15,00,27,26.3,83.9
07,16,00,24,26.3,83.7
07,17,00,17,26.2,83.9
07,18,00,18,26.2,84.2
07,19,00,24,26.2,84.2
07,20,00,17,26.2,84.2
07,21,00,16,26.2,84.2
07,22,00,13,26.2,83.9
07,23,00,20,26.2,84.4
07,24,00,26,26.2,84.2
07,25,00,37,26.2,84.1
07,26,00,23,26.2,84.2
07,27,00,16,26.2,84
07,28,00,25,26.2,83.8
07,29,00,27,26.2,83.9
07,30,00,24,26.2,84
07,31,00,13,26.2,83.8
07,32,00,26,26.2,83.8
07,33,00,14,26.3,83.5
07,34,00,31,26.1,83.7
07,35,00,12,26.1,83.9
07,36,00,23,26.1,83.7
07,37,00,16,26.1,83.8
07,38,00,22,26.1,83.8
07,39,00,20,26.1,83.5
07,40,00,23,26.1,83.7
07,41,00,19,26.2,83.6
07,42,00,26,26.1,83.6
07,43,00,26,26.1,84.1
07,44,00,23,26,84.1
07,45,00,25,26.1,83.7
07,46,00,13,26.1,83.9
07,47,00,28,26,83.7
07,48,00,28,26,84
07,49,00,22,26.1,84.1
07,50,00,31,26.1,83.9
07,51,00,34,26.2,83.8
07,52,00,25,26.2,83.8
07,53,00,22,26.2,83.8
07,54,00,19,26.2,83.5
07,55,00,15,26.2,83.5
07,56,00,24,26.2,83.5
07,57,00,36,26.2,83.6
07,58,00,21,26.2,83.7
07,59,00,23,26.3,83.5
08,00,00,21,26.2,83.5
08,01,00,16,26.3,83.5
08,02,00,8,26.2,83.6
08,03,00,25,26.3,83.5
08,04,00,35,26.3,83.5
08,05,00,31,26.3,83.4
08,06,00,34,26.3,83.3
08,07,00,27,26.4,83.1
08,08,00,21,26.5,82.9
08,09,00,19,26.4,82.8
08,10,00,26,26.4,82.9
08,11,00,15,26.4,82.8
08,12,00,52,26.4,82.9
08,13,00,35,26.4,82.6
08,14,00,36,26.4,82.6
08,15,00,25,26.4,82.5
08,16,00,31,26.4,82.7
08,17,00,22,26.4,82.6
08,18,00,23,26.4,82.3
08,19,00,24,26.5,81.6
08,20,00,15,26.5,82.1
08,21,00,18,26.5,82.1
08,22,00,18,26.4,82.2
08,23,00,25,26.4,82.2
08,24,00,33,26.5,82.2
08,25,00,35,26.5,82
08,26,00,23,26.5,82
08,27,00,24,26.5,82
08,28,00,27,26.5,82.1
08,29,00,14,26.5,82.1
08,30,00,33,26.5,81.5
08,31,00,17,26.5,81.6
08,32,00,33,26.5,81.9
08,33,00,12,26.5,82
08,34,00,27,26.5,81.9
08,35,00,34,26.5,81.4
08,36,00,27,26.5,81.7
08,37,00,27,26.5,81.7
08,38,00,20,26.5,81.2
08,39,00,35,26.5,81.6
08,40,00,29,26.5,81.5
08,41,00,32,26.6,81.4
08,42,00,31,26.5,81.5
08,43,00,32,26.5,81.3
08,44,00,33,26.6,81.1
08,45,00,19,26.5,81.5
08,46,00,23,26.5,81.3
08,47,00,13,26.5,81.5
08,48,00,25,26.5,81.2
08,49,00,33,26.6,80.9
08,50,00,26,26.6,80.8
08,51,00,26,26.6,80.8
08,52,00,29,26.6,80.4
08,53,00,32,26.7,79.7
08,54,00,25,26.7,80.1
08,55,00,15,26.6,80.5
08,56,00,27,26.6,80.4
08,57,00,33,26.6,80.7
08,58,00,19,26.6,80
08,59,00,28,26.6,80.2
09,00,00,36,26.6,80.3
09,01,00,41,26.7,79.8
09,02,00,47,26.6,79.9
09,03,00,42,26.6,80.5
09,04,00,25,26.6,80.7
09,05,00,16,26.6,80.4
09,06,00,29,26.6,80.1
09,07,00,26,26.6,80.4
09,08,00,20,26.6,80.5
09,09,00,37,26.6,80.2
09,10,00,29,26.7,80.6
09,11,00,35,26.7,79.9
09,12,00,45,26.8,79
09,13,00,29,26.8,78.4
09,14,00,21,26.8,79.2
09,15,00,46,26.8,78.7
09,16,00,27,26.8,78.9
09,17,00,24,26.8,79.7
09,18,00,38,26.8,79.4
09,19,00,27,26.8,79.7
09,20,00,30,26.7,79.6
09,21,00,24,26.7,80.1
09,22,00,38,26.7,80.2
09,23,00,36,26.7,80.2
09,24,00,37,26.7,80.3
09,25,00,38,26.7,80.4
09,26,00,35,26.7,80.4
09,27,00,37,26.7,80.5
09,28,00,28,26.7,80.5
09,29,00,45,26.7,80.5
09,30,00,49,26.7,80.3
09,31,00,44,26.7,80.5
09,32,00,53,26.7,80.9
09,33,00,51,26.7,80.9
09,34,00,25,26.7,80.7
09,35,00,50,26.7,80.8
09,36,00,47,26.7,80.9
09,37,00,24,26.7,80.7
09,38,00,36,26.7,80.7
09,39,00,60,26.7,80.6
09,40,00,44,26.8,80.7
09,41,00,66,26.8,80.5
09,42,00,35,26.8,80.6
09,43,00,49,26.8,80.4
09,44,00,45,26.9,80.3
09,45,00,35,26.8,80.3
09,46,00,48,26.8,80.7
09,47,00,43,26.8,80.4
09,48,00,50,26.8,80.5
09,49,00,54,26.8,80.6
09,50,00,46,26.8,80.8
09,51,00,50,26.8,80.6
09,52,00,57,26.8,80.5
09,53,00,60,26.8,80.4
09,54,00,48,26.8,80.5
09,55,00,59,26.8,80.5
09,56,00,44,26.9,80.4
09,57,00,29,26.9,80.3
09,58,00,49,26.9,80.4
09,59,00,44,26.9,80.2
10,00,00,61,26.9,80.5
10,01,00,51,26.9,80.4
10,02,00,33,26.9,80.3
10,03,00,52,27,80.2
10,04,00,60,27,80
10,05,00,68,27,80
10,06,00,47,26.9,80.1
10,07,00,50,27,80.1
10,08,00,38,26.9,80.1
10,09,00,48,27,80.1
10,10,00,46,27,79.9
10,11,00,36,27,79.8
10,12,00,54,27,79.7
10,13,00,38,27,79.7
10,14,00,54,26.9,79.7
10,15,00,57,27,79.8
10,16,00,71,26.9,79.8
10,17,00,71,26.9,79.7
10,18,00,27,26.9,79.9
10,19,00,44,27,79.9
10,20,00,38,27,79.7
10,21,00,54,27,79.3
10,22,00,35,27,79.7
10,23,00,78,27,79.6
10,24,00,56,27.1,79.4
10,25,00,59,27.1,79.3
10,26,00,67,27,79.6
10,27,00,53,27,79.5
10,28,00,63,27,79.4
10,29,00,59,27.1,79.6
10,30,00,45,27.1,79.6
10,31,00,62,27.1,79.3
10,32,00,32,27.1,79.3
10,33,00,47,27.1,79.3
10,34,00,45,27.1,79.2
10,35,00,68,27.1,79.1
10,36,00,57,27.2,79.4
10,37,00,49,27.2,79.4
10,38,00,76,27.2,79.3
10,39,00,54,27.2,79.2
10,40,00,70,27.2,79.4
10,41,00,53,27.2,79.1
10,42,00,55,27.2,79.1
10,43,00,43,27.2,79.3
10,44,00,51,27.2,79
10,45,00,56,27.2,78.9
10,46,00,89,27.2,79.2
10,47,00,46,27.2,78.7
10,48,00,41,27.3,78.8
10,49,00,43,27.3,78.6
10,50,00,69,27.3,78.1
10,51,00,49,27.4,78.5
10,52,00,37,27.3,78.6
10,53,00,65,27.3,78.2
10,54,00,52,27.4,78.4
10,55,00,59,27.4,78.4
10,56,00,59,27.4,78.3
10,57,00,77,27.4,78.3
10,58,00,83,27.4,78.7
10,59,00,46,27.4,78.7
11,00,00,98,27.4,78.6
11,01,00,58,27.4,78.6
11,02,00,66,27.4,78.3
11,03,00,66,27.4,78.3
11,04,00,68,27.4,78.5
11,05,00,21,27.4,78.4
11,07,00,65,27.4,78.5
11,08,00,41,27.4,78.4
11,09,00,84,27.4,78.2
11,10,00,69,27.4,78.3
11,11,00,66,27.5,78.2
11,12,00,66,27.4,78.2
11,13,00,83,27.5,78.1
11,14,00,56,27.5,77.9
11,15,00,71,27.5,77.5
11,16,00,33,27.5,77.8
11,17,00,68,27.5,77.6
11,18,00,52,27.5,77.6
11,19,00,56,27.5,77.7
11,20,00,62,27.6,77.5
11,21,00,67,27.6,77.3
11,22,00,36,27.6,77.3
11,23,00,55,27.6,77.3
11,24,00,56,27.6,77.1
11,25,00,72,27.6,77.5
11,26,00,49,27.6,77.3
11,27,00,39,27.6,77.3
11,28,00,61,27.6,77.3
11,29,00,44,27.6,77.2
11,30,00,60,27.6,77.1
11,31,00,65,27.6,76.9
11,32,00,72,27.6,76.8
11,33,00,43,27.6,76.7
11,34,00,36,27.6,76.9
11,35,00,40,27.6,77.1
11,36,00,65,27.7,76.8
11,37,00,67,27.6,77.2
11,38,00,25,27.6,77.2
11,39,00,60,27.6,77.1
11,40,00,60,27.7,76.8
11,41,00,56,27.7,76.8
11,42,00,32,27.7,76.6
11,43,00,50,27.7,76.5
11,44,00,49,27.7,76.9
11,45,00,30,27.7,76.7
11,46,00,55,27.7,77
11,47,00,26,27.7,76.6
11,48,00,25,27.7,76.7
11,49,00,27,27.7,76.5
11,50,00,46,27.7,76.8
11,51,00,29,27.7,76.7
11,52,00,54,27.7,76.6
11,53,00,24,27.7,77
11,54,00,41,27.7,76.7
11,55,00,26,27.7,76.6
11,56,00,23,27.8,76.3
11,57,00,37,27.8,76.5
11,58,00,41,27.8,76.6
11,59,00,26,27.8,76.3
12,00,00,36,27.8,76.2
12,01,00,20,27.8,76.4
12,02,00,23,27.8,76.4
12,03,00,26,27.8,76.5
12,04,00,43,27.7,76.5
12,05,00,28,27.7,76.7
12,06,00,22,27.7,76.7
12,07,00,15,27.8,76.5
12,08,00,43,27.8,76.6
12,09,00,19,27.8,76.7
12,10,00,24,27.8,76.5
12,11,00,29,27.8,76.6
12,12,00,30,27.8,76.5
12,13,00,33,27.8,76.3
12,14,00,27,27.8,76.4
12,15,00,26,27.8,76.4
12,16,00,21,27.8,76.7
12,17,00,24,27.8,76.4
12,18,00,22,27.8,76.1
12,19,00,22,27.8,76.5
12,20,00,25,27.8,76.5
12,21,00,32,27.8,76.6
12,22,00,22,27.8,76.7
12,23,00,36,27.8,76.4
12,24,00,17,27.8,76.6
12,25,00,22,27.8,76.6
12,26,00,37,27.8,76.6
12,27,00,29,27.8,76.6
12,28,00,20,27.8,76.4
12,29,00,32,27.8,76.4
12,30,00,26,27.8,76.3
12,31,00,25,27.8,76.4
12,32,00,28,27.8,76.4
12,33,00,25,27.8,76.4
12,34,00,22,27.8,76.3
12,35,00,10,27.8,76.3
12,36,00,26,27.8,76.4
12,37,00,16,27.8,76.3
12,38,00,19,27.8,76.4
12,39,00,26,27.8,76.2
12,40,00,25,27.8,76.1
12,41,00,12,27.8,76.4
12,42,00,20,27.8,76.2
12,43,00,21,27.8,76.3
12,44,00,21,27.8,75.9
12,45,00,20,27.8,76.2
12,46,00,18,27.8,76.6
12,47,00,24,27.8,76.5
12,48,00,21,27.8,76.2
12,49,00,28,27.8,76.5
12,50,00,23,27.8,76.4
12,51,00,31,27.8,76.2
12,52,00,18,27.8,76.3
12,53,00,20,27.8,76.6
12,54,00,22,27.8,76.5
12,55,00,26,27.8,76.4
12,56,00,23,27.8,76.3
12,57,00,40,27.8,76
12,58,00,28,27.8,76
12,59,00,17,27.8,76.2
13,00,00,17,27.8,76.3
13,01,00,28,27.8,76.3
13,02,00,31,27.8,76.3
13,03,00,16,27.8,76.2
13,04,00,31,27.8,76.3
13,05,00,19,27.8,76.3
13,06,00,29,27.8,76
13,07,00,26,27.8,76.2
13,08,00,27,27.8,76.2
13,09,00,22,27.8,76.2
13,10,00,19,27.8,76.3
13,11,00,24,27.8,76.2
13,12,00,16,27.8,76.3
13,13,00,17,27.8,75.9
13,14,00,15,27.8,76.3
13,15,00,19,27.8,76.1
13,16,00,22,27.8,76.2
13,17,00,27,27.8,76.2
13,18,00,24,27.8,76.4
13,19,00,20,27.8,76.4
13,20,00,26,27.8,76.4
13,21,00,28,27.8,76.1
13,22,00,15,27.8,76.2
13,23,00,30,27.8,76.1
13,24,00,15,27.8,76.3
13,25,00,22,27.8,76.4
13,26,00,13,27.8,76.2
13,27,00,35,27.8,76.2
13,28,00,16,27.8,76.3
13,29,00,26,27.8,76.1
13,30,00,26,27.8,76.1
13,31,00,19,27.8,75.9
13,32,00,18,27.8,76.1
13,33,00,30,27.8,76.2
13,34,00,23,27.8,76.2
13,35,00,18,27.8,76.3
13,36,00,25,27.8,76.2
13,37,00,9,27.8,76
13,38,00,19,27.8,76.2
13,39,00,20,27.8,76.3
13,40,00,20,27.8,76.3
13,41,00,25,27.8,76.1
13,42,00,24,27.8,76.2
13,43,00,20,27.8,76.3
13,44,00,22,27.8,76.3
13,45,00,28,27.8,76.1
13,46,00,20,27.8,76.2
13,47,00,22,27.8,76
13,48,00,24,27.8,76.4
13,49,00,32,27.7,76.2
13,50,00,29,27.7,76
13,51,00,29,27.7,76
13,52,00,10,27.8,75.8
13,53,00,29,27.8,75.9
13,54,00,28,27.8,75.9
13,55,00,29,27.8,76
13,56,00,26,27.8,76.3
13,57,00,24,27.8,76.2
13,58,00,26,27.8,75.9
13,59,00,14,27.8,76.2
14,00,00,39,27.8,76.1
14,01,00,25,27.8,76
14,02,00,29,27.8,76.1
14,03,00,31,27.8,76.1
14,04,00,27,27.8,76.1
14,05,00,42,27.8,76.2
14,06,00,20,27.8,76.2
14,07,00,39,27.8,76.3
14,08,00,27,27.8,76.2
14,09,00,21,27.8,76.3
14,10,00,32,27.8,76.5
14,11,00,31,27.9,76.2
14,12,00,28,27.8,76.6
14,13,00,26,27.8,76.5
14,14,00,31,27.8,76.6
14,15,00,23,27.9,76.4
14,16,00,41,27.9,76.5
14,17,00,23,27.9,76.3
14,18,00,18,27.9,76.6
14,19,00,33,27.9,76.6
14,20,00,36,27.9,76.6
14,21,00,41,27.9,76.6
14,22,00,21,27.9,76.9
14,23,00,24,27.8,76.7
14,24,00,14,27.9,76.8
14,25,00,33,27.9,76.7
14,26,00,34,27.9,76.5
14,27,00,21,27.9,76.8
14,28,00,21,27.9,76.8
14,29,00,18,27.9,76.8
14,30,00,21,27.9,76.7
14,31,00,14,27.9,76.9
14,32,00,24,27.8,76.9
14,33,00,29,27.9,76.8
14,34,00,16,27.9,76.7
14,35,00,32,27.9,76.6
14,36,00,20,27.9,76.7
14,37,00,25,27.9,76.8
14,38,00,29,27.9,76.7
14,39,00,27,27.9,76.5
14,40,00,22,27.9,76.6
14,41,00,28,27.9,76.5
14,42,00,27,27.9,76.5
14,43,00,35,27.9,76.5
14,44,00,34,27.9,76.4
14,45,00,33,28,76.4
14,46,00,24,28,76.5
14,47,00,33,27.9,76.3
14,48,00,17,27.9,76.5
14,49,00,27,28,76.5
14,50,00,34,28,76.5
14,51,00,25,27.9,76.6
14,52,00,21,27.9,76.5
14,53,00,26,27.9,76.5
14,54,00,19,27.9,76.6
14,55,00,28,28,76.6
14,56,00,14,28,76.6
14,57,00,14,28,76.5
14,58,00,17,27.9,76.5
14,59,00,29,27.9,76.5
15,00,00,23,28,76.5
15,01,00,19,28,76.3
15,02,00,38,28,76.3
15,03,00,26,28,76.5
15,04,00,31,28,76.3
15,05,00,21,28,76.5
15,06,00,5,28,76.4
15,07,00,40,28,76.4
15,08,00,17,28,76.6
15,09,00,25,28,76.5
15,10,00,15,28,76.5
15,11,00,14,28,76.5
15,12,00,17,28,76.4
15,13,00,26,28,76.4
15,14,00,16,28,76.4
15,15,00,29,28,76.5
15,16,00,21,28,76.3
15,17,00,20,28,76.4
15,18,00,36,28,76.4
15,19,00,6,28,76.4
15,20,00,31,28,76.6
15,21,00,21,28,76.5
15,22,00,17,28,76.5
15,23,00,29,28,76.4
15,24,00,17,28,76.4
15,25,00,8,28,76.4
15,26,00,19,28,76.3
15,27,00,25,28,76.3
15,28,00,26,28.1,76.4
15,29,00,31,28.1,76.3
15,30,00,9,28,76.3
15,31,00,20,28,76.6
15,32,00,23,28,76.5
15,33,00,33,28,76.7
15,34,00,26,28,76.6
15,35,00,32,28,76.9
15,36,00,26,28,76.8
15,37,00,36,28,76.9
15,38,00,21,28,76.9
15,39,00,24,28,77
15,40,00,23,28,77
15,41,00,25,28,77.2
15,42,00,28,28,77.2
15,43,00,16,28,77.2
15,44,00,20,28,77.4
15,45,00,22,28,77.4
15,46,00,21,28.1,77.5
15,47,00,23,28.1,77.6
15,48,00,21,28.1,77.7
15,49,00,22,28.1,77.7
15,50,00,11,28.1,77.8
15,51,00,25,28,77.9
15,52,00,27,28.1,78.2
15,53,00,16,28,78.4
15,54,00,25,28.1,78.4
15,56,00,8,28,78.5
15,57,00,17,28,78.5
15,58,00,11,28,78.7
15,59,00,15,28,78.7
16,00,00,12,28,78.7
16,01,00,23,28.1,78.8
16,02,00,25,28.1,79.1
16,03,00,23,28.1,78.9
16,04,00,18,28.1,78.9
16,05,00,28,28.1,79.2
16,06,00,16,28.1,78.9
16,07,00,17,28.1,79.2
16,08,00,16,28.1,79
16,09,00,19,28.1,79.1
16,10,00,20,28.1,79
16,11,00,30,28.1,79
16,12,00,16,28.1,79.1
16,13,00,12,28,79.1
16,14,00,33,28,79.3
16,15,00,18,28,79.3
16,16,00,13,28,79.5
16,17,00,21,28,79.4
16,18,00,14,28,79.4
16,19,00,10,28,79.5
16,20,00,24,28,79.7
16,21,00,29,28,79.6
16,22,00,18,28,79.5
16,23,00,30,27.9,79.8
16,24,00,25,28,79.5
16,25,00,15,28,79.6
16,26,00,26,28,79.6
16,27,00,27,28,79.4
16,28,00,13,28,79.5
16,29,00,24,28,79.5
16,30,00,16,28,79.5
16,31,00,20,27.9,79.5
16,32,00,22,28,79.6
16,33,00,16,28,79.5
16,34,00,20,28,79.4
16,35,00,14,28,79.4
16,36,00,23,27.9,79.6
16,37,00,13,27.9,79.5
16,38,00,21,27.9,79.4
16,39,00,21,27.9,79.7
16,40,00,12,27.9,79.6
16,41,00,17,27.9,79.4
16,42,00,18,27.9,79.2
16,43,00,22,28,79.3
16,44,00,18,28,79.3
16,45,00,17,27.9,79.4
16,46,00,26,27.8,79.8
16,47,00,24,27.8,79.9
16,48,00,15,27.8,80.1
16,49,00,14,27.8,80.2
16,51,00,23,27.7,81
16,53,00,17,27.7,82
16,54,00,15,27.6,82.5
16,55,00,20,27.6,82.7
16,56,00,15,27.4,83.2
16,57,00,23,27.3,83.8
16,58,00,18,27.2,83.9
16,59,00,20,27.1,84.2
17,00,00,26,27,84.5
17,01,00,16,26.9,84.9
17,02,00,18,26.9,85.2
17,03,00,20,26.9,85.7
17,04,00,23,26.9,85.8
17,05,00,17,26.9,85.9
17,06,00,18,26.9,86.1
17,07,00,7,27,85.4
17,08,00,14,27.1,85.5
17,09,00,16,27.1,85.4
17,10,00,27,27.1,85.6
17,11,00,19,27.1,85.5
17,12,00,15,27.1,85.5
17,13,00,13,27,85.8
17,14,00,18,27.1,85.6
17,15,00,16,27.1,85.7
17,16,00,14,27,85.8
17,17,00,20,27,85.8
17,18,00,13,27,85.5
17,19,00,21,27,85.8
17,20,00,16,27.1,85.6
17,21,00,20,27.1,85.3
17,22,00,19,27.1,85.4
17,23,00,18,27.1,85.5
17,24,00,16,27.1,85.5
17,25,00,20,27.1,85.4
17,26,00,28,27.1,85.1
17,27,00,12,27,85.4
17,28,00,27,26.9,85.5
17,29,00,18,26.8,85.7
17,30,00,17,26.8,85.8
17,31,00,20,26.7,86.1
17,32,00,8,26.7,86.4
17,33,00,13,26.7,86.3
17,34,00,14,26.8,86.1
17,35,00,18,26.8,85.6
17,36,00,21,26.8,85.5
17,37,00,18,26.7,85.7
17,38,00,11,26.7,85.8
17,39,00,25,26.8,85.6
17,40,00,7,26.8,85.4
17,41,00,17,26.7,85.5
17,42,00,22,26.7,85.5
17,43,00,23,26.7,85.6
17,44,00,21,26.8,85.5
17,45,00,23,26.8,85.4
17,46,00,9,26.8,85.1
17,47,00,11,26.7,85.3
17,48,00,13,26.8,85.3
17,49,00,19,26.8,85.2
17,50,00,19,26.9,85.2
17,51,00,24,26.9,85.1
17,52,00,23,26.9,85
17,53,00,15,27,84.8
17,54,00,20,27,84.7
17,55,00,19,27.1,84.5
17,56,00,21,27.1,84.5
17,57,00,15,27,84.7
17,58,00,16,27,84.8
17,59,00,18,27,84.8
18,00,00,27,27.1,84.8
18,01,00,17,27,84.7
18,02,00,10,27,84.7
18,03,00,17,27,84.8
18,04,00,24,27,84.8
18,05,00,9,27,84.8
18,06,00,15,27,84.8
18,07,00,21,27,84.6
18,08,00,23,27,84.5
18,09,00,14,27.1,84.1
18,10,00,11,27,84.2
18,11,00,18,27,84.5
18,12,00,16,27.1,84.5
18,13,00,21,27.1,84.3
18,14,00,17,27.1,84.1
18,15,00,13,27.1,84.2
18,16,00,17,27.1,84.4
18,17,00,20,27,84.5
18,18,00,13,27,84.6
18,19,00,25,27,84.4
18,20,00,17,27,84.4
18,21,00,19,27,84.5
18,22,00,18,27.1,84.3
18,23,00,10,27.1,84
18,24,00,13,27.1,84
18,25,00,21,27.1,84
18,26,00,11,27,84.1
18,27,00,21,27,84.2
18,28,00,21,27.1,84.2
18,30,00,27,27.1,84.2
18,31,00,24,27.1,84.2
18,32,00,19,27,84.2
18,33,00,13,27,84.3
18,34,00,23,27,84.3
18,35,00,17,27,84.3
18,36,00,13,27,84.1
18,37,00,3,27.1,84
18,38,00,25,27.1,83.9
18,39,00,13,27,84
18,41,00,12,26.9,84.1
18,42,00,14,26.9,84.4
18,43,00,12,26.9,84.5
18,44,00,23,27,84.6
18,45,00,14,26.9,84.7
18,46,00,27,26.9,84.7
18,47,00,25,27,84.6
18,48,00,12,27,84.5
18,49,00,24,27,84.4
18,50,00,25,27.1,84.2
18,51,00,15,27,84.3
18,52,00,30,27,84.6
18,53,00,26,27.1,84.3
18,54,00,17,27.1,84.5
18,55,00,17,27.2,84.2
18,56,00,19,27.2,84
18,57,00,9,27.2,84.3
18,58,00,21,27.2,84
18,59,00,16,27.2,83.9
19,00,00,21,27.2,83.6
19,01,00,23,27.3,83.9
19,02,00,11,27.3,83.6
19,03,00,14,27.2,83.7
19,04,00,17,27.3,83.6
19,05,00,9,27.3,83.8
19,06,00,16,27.3,83.4
19,07,00,18,27.3,83.6
19,08,00,15,27.2,83.6
19,09,00,20,27.3,83.5
19,10,00,13,27.3,83.4
19,11,00,23,27.3,83.2
19,12,00,19,27.3,83.1
19,13,00,18,27.4,83.2
19,14,00,18,27.3,83.1
19,15,00,23,27.3,83.2
19,16,00,11,27.3,83.1
19,17,00,16,27.3,82.9
19,18,00,18,27.4,82.7
19,19,00,14,27.3,82.9
19,20,00,22,27.2,83.1
19,21,00,15,27.2,83.2
19,22,00,17,27.2,83.2
19,23,00,17,27.2,83.4
19,24,00,17,27.2,83.5
19,25,00,16,27.2,83.2
19,26,00,28,27.3,83
19,27,00,17,27.3,82.8
19,28,00,12,27.3,82.6
19,29,00,21,27.4,82.3
19,30,00,21,27.4,82.2
19,31,00,9,27.4,82.2
19,32,00,14,27.4,82.3
19,33,00,20,27.4,81.9
19,34,00,12,27.4,82.2
19,35,00,20,27.3,82.7
19,36,00,10,27.3,83
19,37,00,10,27.3,83.3
19,38,00,13,27.2,83.6
19,39,00,23,27.2,83.7
19,40,00,19,27.1,83.6
19,41,00,23,27.1,83.6
19,42,00,14,27.1,83.7
19,43,00,23,27,84.1
19,44,00,18,27,84.2
19,45,00,19,27,83.9
19,46,00,15,27,83.7
19,47,00,22,27,83.7
19,48,00,26,26.9,83.8
19,49,00,23,27,83.8
19,50,00,26,27,84
19,51,00,11,26.9,84
19,52,00,22,26.9,84.3
19,53,00,17,26.9,84.3
19,54,00,20,26.9,84.3
19,55,00,22,26.9,84.4
19,56,00,22,26.9,84.4
19,57,00,21,26.9,84.3
19,58,00,16,27,83.9
19,59,00,30,27,83.8
20,00,00,12,27,83.7
20,01,00,11,27,83.8
20,02,00,28,26.9,84
20,03,00,15,26.9,83.9
20,04,00,15,27,83.6
20,05,00,7,26.9,83.7
20,06,00,19,27,83.4
20,07,00,20,26.9,83.6
20,08,00,16,26.8,83.7
20,09,00,14,26.8,84
20,10,00,12,26.7,84.4
20,11,00,14,26.8,84.2
20,12,00,15,26.9,83.9
20,13,00,25,26.9,83.7
20,14,00,18,27,83.3
20,15,00,15,27,83.3
20,16,00,13,27.1,83.1
20,17,00,18,27.1,83
20,18,00,18,27.2,82.9
20,19,00,20,27.3,82.5
20,20,00,17,27.3,82.3
20,21,00,18,27.3,82.4
20,22,00,21,27.3,82.5
20,23,00,12,27.3,82.5
20,24,00,19,27.3,82.3
20,25,00,29,27.3,82.3
20,26,00,11,27.4,82.3
20,27,00,22,27.4,82.1
20,28,00,19,27.5,81.7
20,29,00,13,27.5,81.6
20,30,00,14,27.4,82
20,31,00,27,27.3,82.4
20,32,00,11,27.3,82.8
20,33,00,23,27.3,82.5
20,34,00,10,27.4,82.5
20,35,00,14,27.4,82.5
20,36,00,24,27.4,82.5
20,37,00,17,27.4,82.4
20,38,00,16,27.4,82.3
20,39,00,11,27.4,82.1
20,40,00,21,27.4,82.1
20,41,00,22,27.4,82.1
20,42,00,17,27.5,81.9
20,43,00,16,27.4,81.9
20,44,00,31,27.4,82.1
20,45,00,18,27.5,81.8
20,46,00,31,27.5,81.7
20,47,00,20,27.5,81.7
20,48,00,28,27.5,82
20,49,00,18,27.5,82.1
20,50,00,12,27.5,81.9
20,51,00,20,27.4,82.1
20,52,00,21,27.4,82.1
20,53,00,15,27.4,82
20,54,00,11,27.4,82.1
20,55,00,13,27.5,82
20,56,00,25,27.5,81.8
20,57,00,15,27.5,81.7
20,58,00,23,27.5,81.8
20,59,00,17,27.5,81.6
21,00,00,16,27.6,81.4
21,01,00,22,27.5,81.4
21,02,00,31,27.5,81.4
21,03,00,9,27.5,81.5
21,04,00,29,27.5,81.6
21,05,00,18,27.5,81.5
21,06,00,16,27.5,81.6
21,07,00,14,27.4,81.7
21,08,00,13,27.4,81.8
21,09,00,21,27.4,81.7
21,10,00,17,27.3,82
21,11,00,17,27.3,82.2
21,12,00,14,27.3,82.2
21,13,00,13,27.2,82.3
21,14,00,14,27.3,82.5
21,15,00,20,27.2,82.5
21,16,00,22,27.2,82.5
21,17,00,13,27.3,82.4
21,18,00,20,27.3,82.4
21,19,00,17,27.3,82.3
21,20,00,19,27.3,82.3
21,21,00,19,27.3,82.2
21,22,00,24,27.3,82.3
21,23,00,14,27.3,82.2
21,24,00,22,27.3,82.1
21,25,00,26,27.3,82.2
21,26,00,21,27.3,82.1
21,27,00,19,27.3,82.4
21,28,00,18,27.3,83.5
21,29,00,12,27.3,83.1
21,30,00,12,27.4,82.6
21,31,00,16,27.3,82.4
21,32,00,16,27.3,82.7
21,33,00,18,27.2,82.9
21,34,00,19,27.1,82.8
21,35,00,21,27.1,82.7
21,36,00,13,27.1,82.9
21,37,00,17,27.1,82.9
21,38,00,20,27.1,82.8
21,39,00,14,27,83.1
21,40,00,19,27,83
21,41,00,13,27,83.1
21,42,00,26,27,83
21,43,00,20,26.9,83.1
21,44,00,19,27,83.3
21,45,00,19,26.9,83.3
21,46,00,14,27,83.1
21,47,00,20,27,83.1
21,48,00,11,26.9,83
21,49,00,12,26.9,83.2
21,50,00,21,26.9,83.3
21,51,00,10,26.9,83.1
21,52,00,19,26.9,83.1
21,53,00,20,26.9,83.2
21,54,00,22,26.9,83.3
21,55,00,14,26.9,83.4
21,56,00,17,26.9,83.2
21,57,00,11,26.9,83
21,58,00,9,26.9,83.5
21,59,00,21,26.9,83.6
22,00,00,9,26.9,83.4
22,01,00,21,26.9,83.3
22,02,00,21,26.8,83.5
22,03,00,21,26.8,83.5
22,04,00,25,26.8,83.8
22,05,00,16,26.8,83.6
22,06,00,17,26.8,83.3
22,07,00,21,26.8,83.4
22,08,00,17,26.8,83.3
22,09,00,20,26.8,83.1
22,10,00,13,26.8,83.2
22,11,00,16,26.8,83.3
22,12,00,15,26.8,83.4
22,13,00,20,26.8,83.4
22,14,00,21,26.9,83.3
22,15,00,12,26.9,83.2
22,16,00,17,27,82.7
22,17,00,18,26.9,83
22,18,00,16,26.9,83.2
22,19,00,27,26.9,83
22,20,00,17,26.9,83.2
22,21,00,17,26.8,83.3
22,22,00,14,26.8,83.2
22,23,00,28,26.8,83
22,24,00,18,26.8,82.8
22,25,00,21,26.8,82.9
22,26,00,14,26.8,82.8
22,27,00,17,26.8,83
22,28,00,19,26.8,83
22,29,00,25,26.8,83
22,30,00,15,26.8,82.9
22,31,00,23,26.9,82.7
22,32,00,24,26.9,82.4
22,33,00,22,26.8,82.5
22,34,00,16,26.8,82.7
22,35,00,24,26.8,82.7
22,36,00,18,26.8,82.7
22,37,00,15,26.8,82.9
22,38,00,11,26.8,82.7
22,39,00,30,26.8,82.5
22,40,00,11,26.8,82.8
22,41,00,26,26.8,82.8
22,42,00,23,26.8,82.7
22,43,00,23,26.8,82.6
22,44,00,12,26.8,82.6
22,45,00,19,26.8,82.9
22,46,00,24,26.7,82.8
22,47,00,11,26.7,82.7
22,48,00,18,26.7,82.8
22,49,00,17,26.7,82.9
22,50,00,23,26.7,83
22,51,00,12,26.8,82.8
22,52,00,10,26.8,82.9
22,53,00,19,26.8,82.6
22,54,00,12,26.8,82.4
22,55,00,12,26.7,82.8
22,56,00,15,26.7,82.8
22,57,00,22,26.7,82.7
22,58,00,19,26.7,82.8
22,59,00,12,26.7,82.7
23,00,00,22,26.7,82.8
23,01,00,11,26.7,82.7
23,02,00,20,26.7,82.8
23,03,00,24,26.7,82.7
23,04,00,16,26.8,82.5
23,05,00,13,26.8,82.5
23,06,00,24,26.7,82.6
23,07,00,22,26.8,82.5
23,08,00,24,26.8,82.4
23,09,00,9,26.7,82.4
23,10,00,20,26.7,82.5
23,11,00,21,26.7,82.5
23,12,00,24,26.7,82.4
23,13,00,24,26.7,82.5
23,14,00,19,26.7,82.9
23,15,00,22,26.7,82.9
23,16,00,21,26.7,82.8
23,17,00,20,26.7,82.8
23,18,00,18,26.8,82.6
23,19,00,20,26.7,82.7
23,20,00,18,26.7,82.8
23,21,00,19,26.7,82.7
23,22,00,17,26.7,82.6
23,23,00,21,26.8,82.5
23,24,00,16,26.8,82.4
23,25,00,14,26.7,82.6
23,26,00,20,26.7,82.7
23,27,00,23,26.7,82.7
23,28,00,22,26.7,82.6
23,29,00,24,26.7,82.8
23,30,00,17,26.7,82.7
23,31,00,11,26.7,82.8
23,32,00,18,26.7,82.9
23,33,00,14,26.7,82.8
23,34,00,11,26.7,82.8
23,35,00,11,26.7,82.8
23,36,00,14,26.7,82.8
23,37,00,21,26.7,82.7
23,38,00,17,26.7,82.6
23,39,00,19,26.7,82.7
23,40,00,22,26.7,82.7
23,41,00,15,26.7,82.5
23,42,00,16,26.8,82.3
23,43,00,17,26.7,82.4
23,44,00,20,26.7,82.6
23,45,00,17,26.7,82.4
23,46,00,14,26.7,82.2
23,47,00,17,26.7,82.1
23,48,00,12,26.7,82.1
23,49,00,15,26.7,82.3
23,50,00,9,26.6,82.4
23,51,00,20,26.7,82.2
23,52,00,12,26.7,82.1
23,53,00,17,26.7,82.2
23,54,00,20,26.7,82.2
23,55,00,16,26.7,82.3
23,56,00,13,26.7,82.3
23,57,00,10,26.7,82.2
23,58,00,21,26.6,82.3
23,59,00,32,26.7,82.3
