00,00,00,23,25.5,72.9
00,01,00,15,25.5,72.9
00,02,00,38,25.5,72.7
00,03,00,39,25.5,72.8
00,04,00,32,25.5,72.9
00,05,00,28,25.5,73.1
00,06,00,28,25.5,73.3
00,07,00,38,25.4,73.6
00,08,00,32,25.4,73.6
00,09,00,39,25.4,73.8
00,10,00,18,25.3,73.8
00,11,00,31,25.3,74.1
00,12,00,28,25.2,74.5
00,13,00,20,25.2,74.5
00,14,00,16,25.2,74.5
00,15,00,17,25.2,74.5
00,16,00,33,25.2,74.3
00,17,00,31,25.1,74.5
00,18,00,11,25,74.5
00,19,00,18,25,74.7
00,20,00,21,24.9,74.7
00,21,00,10,24.9,75
00,22,00,19,25,74.6
00,23,00,26,25.1,75
00,24,00,30,25.1,74.4
00,25,00,27,25.1,73.8
00,26,00,32,25.2,73.5
00,27,00,39,25.2,72.7
00,28,00,43,25.2,74
00,29,00,16,25.2,74.4
00,30,00,11,25.1,74.8
00,31,00,9,25.2,74.6
00,32,00,23,25.2,73.6
00,33,00,39,25.2,72.9
00,34,00,23,25.2,72.7
00,35,00,35,25.1,72.8
00,36,00,18,25.2,73.2
00,37,00,20,25.1,73.4
00,38,00,30,25.1,73.6
00,39,00,11,25.1,73.6
00,40,00,28,25.1,73.5
00,41,00,26,25.2,73.5
00,42,00,32,25.2,73.6
00,43,00,20,25.2,73.3
00,44,00,19,25.2,73.4
00,45,00,17,25.2,74.1
00,46,00,28,25.1,75.1
00,47,00,45,25,75.3
00,48,00,27,25.1,74.9
00,49,00,35,25.2,74.8
00,50,00,38,25.2,73.9
00,51,00,21,25.1,74.2
00,52,00,25,25.2,74
00,53,00,36,25.1,74.2
00,54,00,37,25,75
00,55,00,26,25,74.5
00,56,00,23,25,74.2
00,57,00,36,25,74.4
00,58,00,26,24.8,75.2
00,59,00,34,24.8,74.6
01,00,00,20,24.9,74.4
01,01,00,22,24.9,74.8
01,02,00,38,24.9,74.8
01,03,00,30,24.9,74.5
01,04,00,30,24.9,74.6
01,05,00,27,24.9,74.5
01,07,00,27,24.9,74.8
01,08,00,49,24.9,74.4
01,09,00,34,24.8,74.5
01,10,00,20,24.8,74.7
01,11,00,40,24.9,74.3
01,12,00,27,24.9,73.9
01,13,00,34,24.9,74.5
01,14,00,43,24.9,74.6
01,15,00,43,24.8,75.1
01,16,00,29,24.8,75.1
01,17,00,41,24.8,75.3
01,18,00,41,24.8,75.2
01,19,00,30,24.9,74.7
01,20,00,28,25,74.2
01,21,00,14,25,73.9
01,22,00,18,25,74.1
01,23,00,28,24.9,74.2
01,24,00,18,24.9,74.4
01,25,00,30,24.8,74.7
01,26,00,29,24.8,74.7
01,27,00,31,24.8,74.9
01,28,00,42,24.8,75.1
01,29,00,18,24.8,75.1
01,30,00,32,24.8,75.1
01,31,00,28,24.8,75.1
01,32,00,32,24.7,75.3
01,33,00,36,24.7,75.4
01,34,00,28,24.7,75.5
01,35,00,30,24.7,75.5
01,36,00,22,24.7,75.7
01,37,00,30,24.7,75.5
01,38,00,23,24.6,75.6
01,39,00,23,24.5,76
01,40,00,24,24.5,76
01,41,00,21,24.5,75.8
01,42,00,18,24.5,76.2
01,43,00,24,24.6,76.3
01,44,00,47,24.6,76.4
01,45,00,14,24.5,76.6
01,46,00,32,24.5,76.7
01,47,00,28,24.4,76.1
01,48,00,25,24.4,76.4
01,49,00,25,24.4,76
01,50,00,27,24.5,75.5
01,51,00,35,24.5,75.1
01,52,00,33,24.6,75
01,53,00,36,24.6,75.4
01,54,00,26,24.6,75.6
01,55,00,30,24.7,75.7
01,56,00,33,24.6,75.7
01,57,00,25,24.6,76.1
01,58,00,30,24.5,76.2
01,59,00,37,24.5,76.5
02,00,00,33,24.4,75.8
02,01,00,42,24.4,76
02,02,00,36,24.4,76
02,03,00,23,24.4,75.9
02,04,00,36,24.5,75.7
02,05,00,34,24.5,75.5
02,06,00,37,24.5,75.6
02,07,00,43,24.5,75.8
02,08,00,33,24.3,76.1
02,09,00,30,24.2,76.1
02,10,00,29,24.3,76.1
02,11,00,21,24.3,75.9
02,12,00,46,24.3,76
02,13,00,41,24.3,75.8
02,14,00,46,24.4,75.4
02,15,00,32,24.4,75.6
02,16,00,25,24.5,75.7
02,17,00,27,24.5,75.5
02,18,00,16,24.4,75.8
02,19,00,55,24.4,75.9
02,20,00,11,24.4,76
02,21,00,24,24.3,76.3
02,22,00,26,24.3,76.1
02,23,00,32,24.3,76.3
02,24,00,27,24.3,76.2
02,25,00,21,24.3,76.1
02,26,00,25,24.3,76.6
02,27,00,24,24.3,76.4
02,28,00,26,24.2,76.5
02,29,00,36,24.2,76.5
02,30,00,27,24.3,76.6
02,31,00,18,24.2,76.7
02,32,00,38,24.2,76.6
02,33,00,41,24.1,76.6
02,34,00,32,24,77.1
02,35,00,35,24,77.3
02,36,00,39,24,77.4
02,37,00,27,24,77.8
02,38,00,39,23.9,78
02,39,00,14,23.9,77.7
02,40,00,32,24,77.8
02,41,00,46,23.8,78.2
02,42,00,28,23.9,78.2
02,43,00,19,23.9,78.1
02,44,00,35,23.9,78.2
02,45,00,35,24,78.3
02,46,00,32,24,77.4
02,47,00,38,24,77.5
02,48,00,40,24,77.5
02,49,00,22,23.9,78.3
02,50,00,24,23.8,78.7
02,51,00,27,23.8,78.6
02,52,00,35,23.8,78.6
02,53,00,33,23.8,78.7
02,54,00,25,23.8,78.7
02,55,00,26,23.8,78.7
02,56,00,32,23.7,78.8
02,57,00,40,23.7,78.9
02,58,00,10,23.7,78.8
02,59,00,22,23.7,78.9
03,00,00,22,23.7,79.1
03,01,00,32,23.7,79.3
03,02,00,27,23.7,79.4
03,03,00,29,23.7,79.3
03,04,00,33,23.7,79.4
03,05,00,30,23.7,79.3
03,06,00,34,23.7,78.9
03,07,00,38,23.7,78.9
03,08,00,24,23.7,79.3
03,09,00,20,23.6,79.1
03,10,00,23,23.6,79.4
03,11,00,23,23.6,79.4
03,12,00,30,23.6,79.3
03,13,00,39,23.6,79.5
03,14,00,26,23.6,79.9
03,15,00,22,23.5,79.7
03,16,00,44,23.6,79.5
03,17,00,22,23.5,79.8
03,18,00,25,23.5,79.8
03,19,00,34,23.5,79.9
03,20,00,22,23.5,80
03,21,00,39,23.4,80.5
03,22,00,45,23.4,80.2
03,23,00,29,23.4,80.2
03,24,00,9,23.3,80.4
03,25,00,29,23.3,80.3
03,26,00,17,23.3,80.1
03,27,00,18,23.4,80.1
03,28,00,22,23.4,80.1
03,29,00,27,23.4,79.8
03,30,00,33,23.4,79.8
03,31,00,26,23.4,79.8
03,32,00,29,23.4,80
03,33,00,26,23.4,80
03,34,00,25,23.4,80.1
03,35,00,44,23.4,79.6
03,36,00,38,23.4,79.4
03,37,00,33,23.4,79.9
03,38,00,21,23.5,79.9
03,39,00,28,23.5,79.9
03,40,00,27,23.5,79.8
03,41,00,17,23.5,79.7
03,42,00,24,23.5,79.8
03,43,00,22,23.5,80
03,44,00,23,23.5,80.1
03,45,00,33,23.5,79.8
03,46,00,27,23.5,79.8
03,47,00,28,23.4,79.9
03,48,00,26,23.4,80.1
03,49,00,37,23.4,80.2
03,50,00,29,23.4,80.2
03,51,00,51,23.4,80.2
03,52,00,39,23.3,80.3
03,53,00,30,23.4,80.3
03,54,00,45,23.4,80.1
03,55,00,26,23.4,80.6
03,56,00,32,23.4,80.5
03,57,00,36,23.3,80.5
03,58,00,32,23.3,80.8
03,59,00,22,23.2,80.9
04,00,00,29,23.2,80.8
04,01,00,34,23.3,80.6
04,02,00,43,23.2,80.6
04,03,00,29,23.3,80.7
04,04,00,29,23.3,80.5
04,05,00,23,23.3,80.6
04,06,00,25,23.3,80.7
04,07,00,20,23.3,80.7
04,08,00,18,23.2,80.8
04,09,00,40,23.2,80.8
04,10,00,53,23.2,80.8
04,11,00,22,23.2,81.1
04,12,00,21,23.2,80.8
04,13,00,24,23.2,80.7
04,14,00,31,23.3,80.3
04,15,00,20,23.2,80.6
04,16,00,26,23.2,80.7
04,17,00,21,23.2,80.4
04,18,00,29,23.3,80.2
04,19,00,22,23.3,80
04,20,00,19,23.3,79.9
04,21,00,12,23.2,80.2
04,22,00,17,23.3,79.8
04,23,00,32,23.2,79.7
04,24,00,23,23.2,79.8
04,25,00,33,23.2,79.5
04,26,00,39,23.3,79.4
04,27,00,34,23.3,79.5
04,28,00,25,23.3,79.3
04,29,00,27,23.3,79.3
04,30,00,34,23.3,79.4
04,31,00,33,23.3,79.6
04,32,00,43,23.3,79.6
04,33,00,25,23.4,79.8
04,34,00,25,23.3,79.9
04,35,00,35,23.3,80.1
04,36,00,55,23.3,79.7
04,37,00,33,23.3,79.7
04,38,00,36,23.3,79.9
04,39,00,17,23.3,80.1
04,40,00,22,23.2,80
04,41,00,21,23.2,80.1
04,42,00,19,23.2,80.1
04,43,00,47,23.2,80.2
04,44,00,37,23.2,80.6
04,45,00,18,23.2,80.6
04,46,00,23,23.1,80.5
04,47,00,29,23.1,80.8
04,48,00,34,23.2,80.6
04,49,00,26,23.2,80.9
04,50,00,27,23.1,81.1
04,51,00,54,23.1,80.9
04,52,00,22,23.1,81
04,53,00,31,23.1,81.3
04,54,00,39,23.1,81.1
04,55,00,38,23.1,81
04,56,00,35,23.1,80.7
04,57,00,37,23.1,80.5
04,58,00,39,23.1,80
04,59,00,22,23.1,79.9
05,00,00,34,23.2,80.3
05,01,00,27,23.2,79.9
05,02,00,29,23.2,79.5
05,03,00,22,23.3,79.4
05,04,00,18,23.2,79.8
05,05,00,7,23.2,79.9
05,06,00,42,23.2,79.5
05,07,00,23,23.2,79.9
05,08,00,36,23.3,79.6
05,09,00,36,23.4,79.5
05,10,00,20,23.4,79.5
05,11,00,24,23.4,79.4
05,12,00,32,23.4,79.5
05,13,00,35,23.4,79.3
05,14,00,58,23.4,79.4
05,15,00,31,23.4,79.3
05,16,00,31,23.4,80.3
05,17,00,27,23.4,80.1
05,18,00,17,23.3,80.4
05,19,00,29,23.4,80.8
05,20,00,25,23.4,80.3
05,21,00,51,23.4,80.2
05,22,00,27,23.4,80.3
05,23,00,33,23.4,79.7
05,24,00,40,23.5,79.4
05,25,00,33,23.5,79.9
05,26,00,29,23.4,80.1
05,27,00,28,23.3,80.4
05,28,00,33,23.3,80.3
05,29,00,17,23.2,80
05,30,00,31,23.2,79.8
05,31,00,35,23.3,79.5
05,32,00,24,23.3,79.1
05,33,00,34,23.3,78.5
05,34,00,18,23.3,79.1
05,35,00,27,23.3,78.9
05,36,00,20,23.2,79.1
05,37,00,30,23.2,79.2
05,38,00,26,23.2,79.3
05,39,00,27,23.3,79.2
05,40,00,36,23.2,79.3
05,41,00,28,23.2,79.2
05,42,00,21,23.3,78.8
05,43,00,24,23.3,78.5
05,44,00,10,23.4,78.4
05,45,00,30,23.4,78.3
05,46,00,29,23.4,78.1
05,47,00,39,23.4,78.3
05,48,00,41,23.5,78.2
05,49,00,26,23.5,77.9
05,50,00,38,23.5,77.8
05,51,00,28,23.6,77.7
05,52,00,27,23.6,77.4
05,53,00,33,23.7,77.6
05,54,00,33,23.7,77.5
05,55,00,29,23.6,77.7
05,56,00,32,23.6,77.9
05,57,00,31,23.6,78
05,58,00,29,23.6,77.7
05,59,00,32,23.6,77.5
06,00,00,16,23.7,77.5
06,01,00,14,23.7,77.3
06,02,00,48,23.7,77.5
06,03,00,33,23.8,77.1
06,04,00,20,23.7,77.5
06,05,00,24,23.7,77.5
06,06,00,30,23.8,77.2
06,07,00,30,23.9,77.1
06,08,00,20,23.9,77
06,09,00,41,23.9,77
06,10,00,36,24,76.7
06,11,00,17,24,76.9
06,12,00,23,24.1,76.5
06,13,00,20,24.1,76.5
06,14,00,40,24.2,76.5
06,15,00,28,24.2,76.4
06,16,00,25,24.2,76.6
06,17,00,30,24.2,76.3
06,18,00,54,24.2,76.5
06,19,00,34,24.3,76.2
06,20,00,48,24.3,75.9
06,21,00,46,24.3,76.2
06,22,00,34,24.3,75.9
06,23,00,16,24.4,75.6
06,24,00,43,24.5,75.6
06,25,00,29,24.5,75.1
06,26,00,28,24.6,75.4
06,27,00,30,24.6,75.1
06,28,00,29,24.6,75
06,29,00,25,24.7,74.6
06,30,00,32,24.7,74.7
06,31,00,36,24.8,74.6
06,32,00,27,24.8,74.7
06,33,00,34,24.9,74.3
06,34,00,36,24.9,74.4
06,35,00,35,24.9,74.4
06,36,00,26,24.9,74.6
06,37,00,40,24.9,74.7
06,38,00,36,25,74.7
06,39,00,33,25.1,75
06,40,00,24,25,75.1
06,41,00,22,25,75.2
06,42,00,11,25,75.2
06,43,00,24,25,75.1
06,44,00,36,25.1,74.5
06,45,00,24,24.9,75.1
06,46,00,37,25,75.4
06,47,00,25,25,75.7
06,48,00,43,25,74.8
06,49,00,36,25.1,74.5
06,50,00,19,25.2,74.7
06,51,00,26,25.3,74
06,52,00,33,25.3,73.6
06,53,00,47,25.4,73.4
06,54,00,30,25.4,73.2
06,55,00,24,25.4,73.5
06,56,00,34,25.5,74
06,57,00,41,25.5,74.3
06,58,00,46,25.5,73.8
06,59,00,32,25.5,74.4
07,00,00,19,25.5,75
07,01,00,52,25.4,75.4
07,02,00,52,25.4,76
07,03,00,23,25.5,75.7
07,04,00,34,25.5,75.8
07,05,00,27,25.5,76.1
07,06,00,15,25.6,75.3
07,07,00,22,25.6,74.8
07,08,00,41,25.6,75.2
07,09,00,29,25.6,74.8
07,10,00,27,25.7,75
07,11,00,35,25.7,73.7
07,12,00,32,25.8,74
07,13,00,34,25.8,73.9
07,14,00,51,25.8,74.2
07,15,00,43,25.8,73.8
07,16,00,28,25.9,73.4
07,17,00,41,26,73.2
07,18,00,32,26,72.2
07,19,00,39,26,72.3
07,20,00,48,26,72.6
07,21,00,30,26,72
07,22,00,19,26,71.2
07,23,00,48,26,71.4
07,24,00,30,26.1,71.3
07,25,00,23,26.1,71.2
07,26,00,34,26.1,71.4
07,27,00,54,26.1,71
07,28,00,33,26.2,71.1
07,29,00,17,26.2,71
07,30,00,30,26.2,71.2
07,31,00,37,26.2,71.5
07,32,00,22,26.2,72
07,33,00,57,26.3,71.7
07,34,00,22,26.3,71.6
07,35,00,52,26.3,71.3
07,36,00,34,26.4,71.2
07,37,00,29,26.5,70.5
07,38,00,42,26.6,70.5
07,39,00,51,26.6,69.7
07,40,00,27,26.6,69.4
07,41,00,40,26.6,69.6
07,42,00,31,26.6,70.7
07,43,00,24,26.6,70.7
07,44,00,37,26.7,70.4
07,45,00,33,26.7,70.7
07,46,00,29,26.8,69.8
07,47,00,37,26.8,68.4
07,48,00,29,26.7,68.2
07,49,00,41,26.7,67.8
07,50,00,51,26.8,67.4
07,51,00,37,26.9,67.7
07,52,00,37,26.9,67.8
07,53,00,39,26.9,67.7
07,54,00,54,26.9,67.6
07,55,00,29,27,67.8
07,56,00,52,27,67.5
07,57,00,41,27,67.4
07,58,00,39,27,67.9
07,59,00,29,27,67.9
08,00,00,27,27,68.3
08,01,00,31,26.9,68
08,02,00,40,26.9,68.8
08,03,00,41,27,68.7
08,04,00,33,27,68.5
08,05,00,32,27.1,68
08,06,00,27,27.2,68.2
08,07,00,34,27.3,68.2
08,08,00,38,27.1,67.8
08,09,00,44,27.1,68.1
08,10,00,45,27.1,68.1
08,11,00,48,27.1,68.3
08,12,00,31,27.1,68.4
08,13,00,49,27.2,68.3
08,14,00,34,27.3,68.3
08,15,00,28,27.3,68.4
08,16,00,33,27.3,68.6
08,17,00,40,27.3,67.7
08,18,00,38,27.2,68
08,19,00,33,27.3,67.8
08,20,00,29,27.3,68.1
08,21,00,10,27.4,67.8
08,22,00,40,27.4,68.1
08,23,00,40,27.4,67.8
08,24,00,48,27.4,68.3
08,25,00,31,27.4,68.3
08,26,00,28,27.4,68.4
08,27,00,49,27.4,68.5
08,28,00,69,27.4,68.7
08,29,00,30,27.3,68.2
08,30,00,40,27.4,67.3
08,31,00,40,27.4,67
08,32,00,24,27.4,67
08,33,00,35,27.3,66.9
08,34,00,37,27.4,67.5
08,35,00,31,27.3,67.4
08,36,00,43,27.2,67.5
08,37,00,51,27.2,68.1
08,38,00,34,27.3,67.9
08,39,00,38,27.3,67.2
08,40,00,64,27.3,67.5
08,41,00,11,27.4,67.9
08,42,00,33,27.5,67.8
08,43,00,42,27.5,68.1
08,44,00,45,27.4,67.1
08,45,00,26,27.5,67.3
08,46,00,44,27.6,66.9
08,47,00,18,27.6,66.7
08,48,00,53,27.7,66.7
08,49,00,27,27.7,66.5
08,50,00,37,27.8,66.4
08,51,00,64,27.8,66.5
08,52,00,28,27.8,66.1
08,53,00,36,27.9,65.6
08,54,00,29,27.9,64.9
08,55,00,37,28,65.4
08,56,00,38,28.1,65
08,57,00,26,28.1,65.2
08,58,00,27,28.1,64.9
08,59,00,43,28.2,64.5
09,00,00,54,28.2,64.8
09,01,00,44,28.2,64.5
09,02,00,32,28.3,64.9
09,03,00,40,28.3,64.9
09,05,00,39,28.3,64.8
09,06,00,21,28.3,64
09,07,00,50,28.3,63.7
09,08,00,59,28.3,64.2
09,09,00,43,28.4,64.2
09,10,00,35,28.5,64.1
09,11,00,34,28.4,63.7
09,12,00,33,28.4,64
09,13,00,43,28.5,64.3
09,14,00,55,28.5,64.1
09,15,00,43,28.6,64.3
09,16,00,31,28.6,63.5
09,17,00,25,28.6,63.7
09,18,00,41,28.6,63.8
09,19,00,25,28.6,63.7
09,20,00,48,28.5,63.8
09,21,00,37,28.6,63.7
09,22,00,32,28.5,64.1
09,23,00,49,28.5,64.4
09,24,00,29,28.6,64.8
09,25,00,43,28.5,64.9
09,26,00,42,28.5,64.6
09,27,00,33,28.5,64.3
09,28,00,60,28.3,64.8
09,29,00,38,28.4,65.1
09,30,00,59,28.4,65.2
09,31,00,56,28.4,65.3
09,32,00,29,28.5,65.1
09,33,00,35,28.4,64.8
09,34,00,41,28.4,65.2
09,35,00,40,28.3,65.3
09,36,00,51,28.5,65.1
09,37,00,38,28.5,65.3
09,38,00,46,28.5,64.3
09,39,00,35,28.4,64.1
09,40,00,45,28.3,63.6
09,41,00,49,28.4,63.8
09,42,00,29,28.6,63.2
09,43,00,58,28.6,62.9
09,44,00,38,28.7,63.1
09,45,00,38,28.7,63.6
09,46,00,51,28.6,64.5
09,47,00,30,28.7,64.8
09,48,00,38,28.7,64.6
09,49,00,60,28.7,64.7
09,50,00,39,28.8,64.7
09,51,00,43,28.9,64.2
09,52,00,50,28.9,63.7
09,53,00,32,29,63.4
09,54,00,35,29.1,62.5
09,55,00,47,29,63.2
09,56,00,33,29.1,62.8
09,57,00,28,29,62.5
09,58,00,48,28.9,62.7
09,59,00,44,29,62.5
10,00,00,48,29,62.6
10,01,00,42,29.1,63.6
10,02,00,41,29.2,63
10,03,00,50,29,62.1
10,04,00,47,29,62.4
10,05,00,37,29,62.1
10,06,00,58,29,62.4
10,07,00,28,29,62.4
10,08,00,41,29.1,62.8
10,09,00,20,29.2,61.7
10,11,00,49,29.1,61.5
10,12,00,64,29,61.2
10,13,00,70,29,61.8
10,14,00,50,29.1,61.6
10,15,00,46,29.2,60.8
10,16,00,51,29.1,60.7
10,17,00,38,29.2,61.3
10,18,00,51,29.2,60.8
10,19,00,60,29.2,60.4
10,20,00,41,29.3,59.5
10,21,00,35,29.3,60.1
10,22,00,37,29.3,60.2
10,23,00,35,29.4,60.7
10,24,00,30,29.3,59.4
10,25,00,35,29.3,60.2
10,26,00,42,29.4,60.1
10,27,00,17,29.3,59.8
10,28,00,39,29.3,60
10,29,00,35,29.4,60.2
10,30,00,35,29.4,59.6
10,31,00,45,29.5,60
10,32,00,26,29.4,58.8
10,33,00,31,29.2,59.8
10,34,00,30,29.3,60.1
10,35,00,71,29.3,60.1
10,36,00,49,29.4,59.6
10,37,00,40,29.5,58.7
10,38,00,46,29.6,59.9
10,39,00,40,29.6,58.7
10,40,00,39,29.7,59.1
10,41,00,35,29.6,59.2
10,42,00,31,29.6,59
10,43,00,45,29.8,58.7
10,44,00,46,29.8,58.9
10,45,00,54,29.7,58.7
10,46,00,48,29.6,58.7
10,47,00,33,29.7,58.2
10,48,00,29,29.8,57.8
10,49,00,37,29.9,57.7
10,50,00,43,29.9,57.5
10,51,00,35,29.9,58.1
10,52,00,37,29.9,57.1
10,53,00,61,30,58.1
10,54,00,48,30.2,58.2
10,55,00,51,30,58.7
10,56,00,54,29.7,59
10,57,00,41,29.8,58.6
10,58,00,47,29.9,58.4
10,59,00,61,30,58.8
11,00,00,30,30.2,58.6
11,01,00,45,30.2,57.5
11,02,00,49,30.2,57.7
11,03,00,50,30.3,58.2
11,04,00,34,30.2,58
11,05,00,38,30.3,58.1
11,06,00,36,30.5,58.5
11,07,00,57,30.2,58.9
11,08,00,35,30.1,59.3
11,09,00,40,30.2,60.8
11,10,00,36,30.4,59.4
11,11,00,41,30.5,59.3
11,12,00,21,30.4,58.4
11,13,00,25,30.3,58.7
11,14,00,66,30.3,58.7
11,15,00,44,30.5,59.1
11,16,00,36,30.6,58.8
11,17,00,37,30.8,57.5
11,18,00,40,30.8,56.8
11,19,00,41,30.9,57
11,20,00,36,30.9,55.9
11,21,00,54,30.8,55.9
11,22,00,55,30.8,56.2
11,23,00,26,30.7,55.8
11,24,00,42,30.8,55.5
11,25,00,38,30.8,55.6
11,26,00,47,30.8,55.5
11,27,00,34,30.8,55.5
11,28,00,21,30.8,55.4
11,29,00,14,30.9,55
11,30,00,37,30.9,56.1
11,31,00,49,30.8,55.5
11,32,00,40,30.8,55
11,33,00,38,30.8,55.7
11,34,00,30,30.8,55.1
11,35,00,37,30.8,55.8
11,36,00,55,30.9,55.4
11,37,00,36,30.9,54.5
11,38,00,61,30.8,54.6
11,39,00,41,30.7,55.7
11,40,00,32,30.5,56.6
11,41,00,39,30.4,57.2
11,42,00,35,30.5,57.1
11,43,00,28,30.5,56.8
11,44,00,46,30.4,57.1
11,45,00,39,30.2,57.3
11,46,00,29,30.3,57.5
11,47,00,28,30.2,57.5
11,48,00,53,30.2,57.1
11,49,00,44,30.2,57.1
11,50,00,30,30.2,57.5
11,51,00,44,30.2,57.1
11,52,00,53,30.2,56.3
11,53,00,32,30.2,56.8
11,54,00,54,30.2,56.2
11,55,00,20,30.3,56.8
11,56,00,35,30.3,56.6
11,57,00,41,30.2,57.1
11,58,00,34,30.3,57.3
11,59,00,15,30.2,57.5
12,00,00,27,30.2,57.9
12,01,00,51,30.2,57.8
12,02,00,16,30.1,58.4
12,03,00,24,30.1,58.5
12,04,00,32,30.2,58.3
12,05,00,37,30.4,58.2
12,06,00,28,30.3,57.4
12,07,00,33,30.3,57.9
12,08,00,37,30.5,59
12,09,00,28,30.6,58.6
12,10,00,40,30.6,59.8
12,11,00,32,30.7,60
12,12,00,44,30.7,60.2
12,13,00,44,30.8,60.3
12,14,00,27,30.8,61.3
12,15,00,19,30.8,61.7
12,16,00,28,30.8,61.1
12,17,00,43,30.9,61.9
12,18,00,40,30.9,62.6
12,19,00,46,30.9,62.7
12,20,00,31,30.9,63
12,21,00,37,30.9,62.7
12,22,00,56,30.8,63.1
12,23,00,34,30.9,63.2
12,24,00,94,30.8,63.2
12,29,00,12,31,63.7
12,30,00,27,31.1,63.5
12,31,00,15,31,62.8
12,32,00,30,31,62.9
12,33,00,30,31,63.2
12,34,00,19,31.1,63.6
12,35,00,27,31.2,63
12,36,00,23,31.2,62.5
12,37,00,23,31.1,62.8
12,38,00,27,31.1,63.4
12,39,00,17,31.1,62.7
12,40,00,21,31,63
12,42,00,21,31.2,62.6
12,44,00,19,31.3,62.9
12,45,00,20,31.3,62.7
12,46,00,23,31.3,63.3
12,47,00,19,31.2,61.9
12,48,00,21,31.2,62.4
12,49,00,20,31.1,61.8
12,50,00,13,30.9,63.2
12,51,00,24,31,63.8
12,52,00,34,31.1,63.9
12,53,00,15,31.2,64.2
12,54,00,15,31.2,63.9
12,55,00,18,31.1,63.3
12,56,00,28,31.1,63.3
12,57,00,33,31.2,63.5
12,58,00,31,31.3,63.9
12,59,00,24,31.3,63.7
13,00,00,21,31.4,63.7
13,01,00,16,31.5,63.6
13,02,00,20,31.5,63.6
13,03,00,22,31.6,63.9
13,04,00,15,31.6,63.1
13,05,00,23,31.7,63
13,06,00,19,31.6,63.1
13,07,00,30,31.5,62.5
13,08,00,21,31.4,62.5
13,10,00,30,31.5,63.5
13,12,00,27,31.5,61.4
13,13,00,31,31.3,61.8
13,14,00,20,31.2,62.6
13,15,00,30,31.3,62.6
13,16,00,36,31.3,62.2
13,17,00,16,31.3,62.3
13,18,00,21,31.3,62.8
13,19,00,23,31.3,63
13,20,00,21,31.4,62.6
13,21,00,26,31.3,62.5
13,22,00,22,31.3,62
13,23,00,29,31.2,62.5
13,24,00,23,31.1,64.2
13,25,00,14,31.2,63.3
13,26,00,31,31.2,63.1
13,27,00,23,31.3,62.9
13,28,00,23,31.3,63.9
13,29,00,20,31.3,64.5
13,30,00,29,31.3,63.4
13,31,00,21,31.2,63
13,32,00,7,31.2,64.4
13,33,00,28,31.2,64.1
13,34,00,9,31.2,62.8
13,36,00,13,31.2,63.4
13,37,00,16,31.3,63.1
13,38,00,26,31.3,63.7
13,39,00,34,31.3,64.3
13,40,00,29,31.2,63.5
13,42,00,27,31.2,64.4
13,43,00,18,31.3,63.9
13,45,00,30,31.4,63.2
13,46,00,32,31.2,62
13,48,00,25,31.1,62.9
13,49,00,18,31.2,62.5
13,51,00,13,31.2,61.9
13,52,00,19,31.3,62.2
13,53,00,13,31.3,62.3
13,54,00,24,31.3,61.7
13,55,00,20,31.2,62.1
13,56,00,21,31.1,62.8
13,58,00,23,31,62.8
13,59,00,28,31.2,62.4
14,00,00,26,31.3,62.4
14,01,00,21,31.4,62.1
14,02,00,23,31.4,62.5
14,03,00,18,31.5,62.6
14,04,00,17,31.5,61.6
14,05,00,21,31.5,62.5
14,06,00,24,31.5,62.9
14,07,00,18,31.5,64.1
14,08,00,26,31.4,63
14,09,00,18,31.3,63.3
14,10,00,22,31.4,62.8
14,11,00,34,31.4,63.1
14,12,00,43,31.4,63.5
14,13,00,33,31.3,62.9
14,14,00,30,31.3,64.2
14,15,00,26,31.3,63.7
14,16,00,54,31.2,63.3
14,17,00,51,31.2,64
14,18,00,36,31.2,64.6
14,19,00,40,31.2,63.5
14,20,00,37,31.2,63.4
14,21,00,46,31.3,63.9
14,22,00,35,31.3,61.4
14,23,00,44,31.1,61.9
14,24,00,33,31.1,62.2
14,25,00,37,31.1,62
14,26,00,42,31.1,61.7
14,27,00,40,31,61.2
14,28,00,46,31,61.8
14,29,00,29,31,61.5
14,30,00,41,31,61.8
14,31,00,40,31,62
14,32,00,46,31.1,62.4
14,33,00,10,31.1,63
14,34,00,39,31.2,62.9
14,35,00,33,31.3,62.9
14,36,00,36,31.2,61.5
14,37,00,25,31.2,61.3
14,38,00,30,31.2,61.7
14,39,00,39,31.1,60.8
14,40,00,24,31,61
14,41,00,47,31,61.4
14,42,00,26,31,61.2
14,43,00,24,30.9,61.2
14,44,00,50,30.9,60.9
14,45,00,42,30.8,62
14,46,00,37,30.8,61.5
14,47,00,36,30.6,61.7
14,48,00,35,30.5,60.4
14,49,00,50,30.6,60.2
14,50,00,46,30.5,61.3
14,51,00,36,30.6,61.5
14,52,00,26,30.5,61.8
14,53,00,31,30.5,62.2
14,54,00,47,30.6,62.3
14,55,00,32,30.5,60.9
14,56,00,31,30.4,60.1
14,57,00,58,30.4,60.4
14,58,00,32,30.5,60.7
14,59,00,45,30.4,59.3
15,00,00,39,30.3,59.8
15,01,00,42,30.4,60
15,02,00,25,30.4,60.3
15,03,00,34,30.5,60.1
15,04,00,48,30.6,60.2
15,05,00,45,30.6,60.3
15,06,00,45,30.7,60.4
15,07,00,28,30.7,59.7
15,08,00,34,30.7,60.2
15,09,00,47,30.7,60.4
15,10,00,40,30.8,59.6
15,11,00,33,30.7,59
15,12,00,27,30.8,57.5
15,13,00,23,30.8,57.9
15,14,00,35,30.7,58.3
15,15,00,33,30.3,58.9
15,16,00,32,30.1,59.8
15,17,00,29,30.2,59.9
15,18,00,52,30.3,60.2
15,19,00,37,30.2,60.1
15,20,00,50,30.1,60.7
15,21,00,42,29.9,61.2
15,22,00,38,30.1,61.7
15,23,00,45,30.3,61.4
15,24,00,52,30.4,61.2
15,25,00,22,30.4,60.7
15,26,00,43,30.4,61.1
15,27,00,16,30.5,60.5
15,28,00,38,30.6,60.9
15,29,00,45,30.6,60.4
15,30,00,30,30.7,59.9
15,31,00,36,30.7,59
15,32,00,33,30.7,59.4
15,33,00,24,30.5,58.7
15,34,00,32,30.5,60.7
15,35,00,42,30.4,61.5
15,36,00,37,30.5,61.5
15,37,00,33,30.6,60.7
15,38,00,41,30.7,61
15,39,00,28,30.8,60.7
15,40,00,34,30.8,60.6
15,41,00,38,30.8,61.4
15,42,00,51,30.8,61.4
15,43,00,40,30.8,61.6
15,44,00,33,30.8,61.8
15,45,00,39,30.8,61.7
15,46,00,26,30.8,62.3
15,47,00,42,30.8,62.5
15,48,00,44,30.9,62.7
15,49,00,21,30.8,62.7
15,50,00,56,30.9,63.1
15,51,00,49,30.9,62.3
15,52,00,40,30.8,61.5
15,53,00,46,30.8,61.9
15,54,00,24,30.7,61.9
15,55,00,29,30.7,62.1
15,56,00,40,30.7,61.8
15,57,00,31,30.6,61.9
15,58,00,50,30.6,61.9
15,59,00,28,30.5,61.8
16,00,00,34,30.5,62.3
16,01,00,46,30.5,62.3
16,02,00,31,30.6,63
16,03,00,22,30.6,62.8
16,04,00,32,30.4,63
16,05,00,24,30.3,62.8
16,06,00,29,30.3,63.9
16,07,00,36,30.3,63.8
16,08,00,26,30.3,64.1
16,09,00,18,30.2,64.3
16,10,00,25,30.2,64.4
16,11,00,23,30.2,64.5
16,12,00,29,30.1,63.1
16,13,00,23,30.1,62.9
16,14,00,36,30,62.8
16,15,00,35,29.8,63
16,16,00,31,29.7,62.9
16,17,00,29,29.6,62.8
16,18,00,52,29.6,63
16,19,00,24,29.5,63.2
16,20,00,28,29.5,62.5
16,21,00,21,29.2,62.3
16,22,00,30,29.1,63
16,23,00,29,29.1,62.8
16,24,00,30,29.1,62.9
16,25,00,34,29.1,63.5
16,26,00,40,29,63.1
16,27,00,31,29,63.4
16,28,00,20,29.1,63.4
16,29,00,21,29.1,63
16,30,00,16,29.1,62.9
16,31,00,33,29.1,63
16,32,00,30,29,63
16,33,00,29,28.9,63.2
16,34,00,24,28.8,63.6
16,35,00,44,28.8,63.5
16,36,00,27,28.8,63.5
16,37,00,42,28.8,62.8
16,38,00,28,28.7,63.3
16,39,00,32,28.5,63.7
16,40,00,44,28.6,63.3
16,41,00,30,28.7,63.2
16,42,00,29,28.5,63.5
16,43,00,20,28.5,63.8
16,44,00,22,28.5,63.8
16,45,00,55,28.2,64.1
16,46,00,32,28.1,64.7
16,47,00,37,28.1,64.9
16,48,00,20,28.2,65.2
16,49,00,29,28.2,64.8
16,50,00,38,28.3,64.4
16,51,00,36,28.3,64.9
16,52,00,29,28.4,64.5
16,53,00,22,28.4,64.7
16,54,00,39,28.5,65.3
16,55,00,31,28.5,64.4
16,56,00,48,28.5,64.3
16,57,00,44,28.6,64.1
16,58,00,20,28.7,64
16,59,00,24,28.7,63.9
17,00,00,14,28.7,63.9
17,01,00,23,28.8,64.2
17,02,00,17,28.8,63.7
17,03,00,28,28.8,63.9
17,04,00,42,28.9,63.7
17,05,00,36,28.9,63.6
17,06,00,18,29,63.8
17,07,00,30,28.9,63.8
17,08,00,26,29,63.9
17,09,00,40,28.9,63
17,10,00,29,28.7,63.6
17,11,00,28,28.8,63.9
17,12,00,9,28.8,63.5
17,13,00,40,28.6,64.2
17,14,00,30,28.6,64.5
17,15,00,29,28.7,65.1
17,16,00,25,28.8,64.5
17,17,00,29,28.8,65.1
17,18,00,17,28.8,65.2
17,19,00,25,28.8,66.3
17,20,00,21,28.7,66.2
17,21,00,19,28.7,65.6
17,22,00,36,28.6,65
17,23,00,27,28.5,64.9
17,24,00,24,28.5,64.9
17,25,00,21,28.4,64.9
17,26,00,31,28.4,65.1
17,27,00,16,28.3,64.3
17,28,00,22,28.3,64.8
17,29,00,30,28.3,64.3
17,30,00,18,28.3,64.4
17,31,00,36,28.3,64.6
17,32,00,21,28.3,64.8
17,33,00,40,28.3,64.4
17,34,00,26,28.4,64.7
17,35,00,20,28.4,64.2
17,36,00,34,28.4,64.3
17,37,00,36,28.4,64
17,38,00,18,28.4,64.4
17,39,00,33,28.3,64.5
17,40,00,24,28.3,64.3
17,41,00,11,28.1,64.3
17,42,00,13,28.1,64.4
17,43,00,42,28.2,64.6
17,44,00,34,28.2,64.4
17,45,00,39,28.1,64.4
17,46,00,44,28.1,64.4
17,47,00,22,28,64.8
17,48,00,33,28,64.9
17,49,00,31,28.1,64.9
17,50,00,34,28.1,64.4
17,51,00,33,28.1,64.5
17,52,00,33,28,65
17,53,00,37,28,65
17,54,00,41,28.1,65.5
17,55,00,13,28,65.6
17,56,00,32,27.9,65.6
17,57,00,28,27.7,66.4
17,58,00,14,27.7,66.5
17,59,00,23,27.6,66.6
18,00,00,18,27.5,67.1
18,01,00,34,27.5,66.9
18,02,00,28,27.6,67
18,03,00,25,27.5,67.3
18,04,00,27,27.3,67.5
18,05,00,36,27.3,67.4
18,06,00,20,27.2,67.7
18,07,00,25,27.2,68
18,08,00,25,27.1,68
18,09,00,21,27.2,68.1
18,10,00,23,27.1,68.3
18,11,00,45,27.1,68.4
18,12,00,39,27.1,68.4
18,13,00,32,27.1,68.6
18,14,00,28,27.1,68.5
18,15,00,27,27.2,68.1
18,16,00,35,27.2,67.9
18,17,00,27,27.3,67.9
18,18,00,24,27.4,67.9
18,19,00,9,27.4,67.5
18,20,00,27,27.5,67.3
18,21,00,36,27.5,67.9
18,22,00,30,27.5,67.6
18,23,00,34,27.5,68
18,24,00,31,27.5,67.8
18,25,00,28,27.5,67.7
18,26,00,26,27.6,68
18,27,00,31,27.6,67.7
18,28,00,22,27.6,67.5
18,29,00,32,27.7,67.7
18,30,00,17,27.6,67.6
18,31,00,33,27.6,67.5
18,32,00,27,27.7,67.4
18,33,00,26,27.6,67.5
18,34,00,30,27.6,66.6
18,35,00,52,27.4,67.3
18,36,00,30,27.5,67.1
18,37,00,5,27.6,67.3
18,38,00,29,27.6,67.6
18,39,00,22,27.6,67.8
18,40,00,37,27.5,68.3
18,41,00,33,27.5,67.8
18,42,00,30,27.4,68
18,43,00,26,27.4,68.4
18,44,00,37,27.4,68.3
18,45,00,26,27.3,67.9
18,46,00,20,27.3,68.2
18,47,00,16,27.3,68.4
18,48,00,52,27.4,68.9
18,49,00,45,27.4,68
18,50,00,24,27.5,68.1
18,51,00,37,27.5,67.8
18,52,00,27,27.5,68.3
18,53,00,25,27.5,68.1
18,54,00,38,27.5,68.1
18,55,00,32,27.5,68.2
18,56,00,24,27.5,68.5
18,57,00,37,27.4,68.4
18,58,00,35,27.3,68.3
18,59,00,19,27.3,68.2
19,00,00,22,27.3,67.9
19,01,00,23,27.4,68.2
19,02,00,29,27.4,68
19,03,00,20,27.4,68.3
19,04,00,26,27.4,68.3
19,05,00,24,27.4,68.3
19,06,00,38,27.4,68.4
19,07,00,29,27.2,68.2
19,08,00,25,27.2,68.6
19,09,00,26,27.2,68.7
19,10,00,32,27.2,68.6
19,11,00,28,27.3,68.7
19,12,00,33,27.3,68.5
19,13,00,17,27.2,69.1
19,14,00,32,27.1,69.3
19,15,00,38,27,69.6
19,16,00,24,27,69.8
19,17,00,24,27.1,69.7
19,18,00,17,27.1,69.4
19,19,00,16,27.1,69.7
19,20,00,39,27.1,69.9
19,21,00,52,27.1,70.3
19,22,00,26,27,70.7
19,23,00,24,26.9,70.8
19,24,00,28,26.9,70.7
19,25,00,35,26.8,71.2
19,26,00,24,26.8,70.9
19,27,00,15,26.9,70.8
19,28,00,28,27,70.9
19,29,00,36,26.9,70.8
19,30,00,31,26.9,70.7
19,31,00,20,27,70.7
19,32,00,21,26.9,71.4
19,33,00,29,26.9,70.9
19,34,00,19,26.9,71
19,35,00,20,27,71.2
19,36,00,23,26.7,71.2
19,37,00,13,26.7,71.5
19,38,00,24,26.7,71.5
19,39,00,56,26.7,71.5
19,40,00,33,26.7,71.8
19,41,00,27,26.7,71.8
19,42,00,31,26.7,71.6
19,43,00,31,26.8,71.2
19,44,00,13,26.8,71.3
19,45,00,26,26.9,71.1
19,46,00,28,26.8,71.1
19,47,00,26,26.7,71.2
19,48,00,32,26.7,71.4
19,49,00,15,26.8,71.2
19,50,00,21,26.7,71.1
19,51,00,30,26.7,71.5
19,52,00,14,26.6,71.5
19,53,00,34,26.6,71.7
19,54,00,47,26.5,71.5
19,55,00,34,26.5,71.6
19,56,00,34,26.5,72
19,57,00,19,26.6,71.7
19,58,00,29,26.6,71.7
19,59,00,37,26.5,71.5
20,00,00,20,26.6,71.7
20,01,00,44,26.6,71.2
20,02,00,16,26.5,71.4
20,03,00,25,26.5,71.5
20,04,00,37,26.4,71.3
20,05,00,38,26.4,71.6
20,06,00,30,26.5,71.7
20,07,00,27,26.5,71.5
20,08,00,48,26.5,71.4
20,09,00,20,26.6,71.1
20,10,00,25,26.6,71.2
20,11,00,9,26.6,70.8
20,12,00,22,26.6,70.9
20,13,00,10,26.5,71
20,14,00,26,26.5,71.2
20,15,00,38,26.5,70.9
20,16,00,24,26.4,70.9
20,17,00,34,26.5,71
20,18,00,29,26.4,71.1
20,19,00,24,26.5,71
20,20,00,36,26.5,70.8
20,21,00,35,26.6,70.5
20,22,00,23,26.6,70.3
20,23,00,42,26.6,70.4
20,24,00,28,26.6,70.5
20,25,00,35,26.5,70.5
20,26,00,35,26.4,70.8
20,27,00,36,26.4,70.5
20,28,00,34,26.4,70.4
20,29,00,26,26.5,70.6
20,30,00,18,26.5,70.4
20,31,00,35,26.4,70.2
20,32,00,17,26.4,70.4
20,33,00,33,26.3,70.5
20,34,00,26,26.4,70.5
20,35,00,34,26.4,70.3
20,36,00,30,26.5,70.1
20,37,00,22,26.5,69.8
20,38,00,29,26.5,69.9
20,39,00,32,26.5,69.8
20,40,00,29,26.5,70.4
20,41,00,23,26.5,70.1
20,42,00,22,26.5,69.9
20,43,00,28,26.5,69.8
20,44,00,54,26.5,69.7
20,45,00,29,26.4,70.4
20,46,00,47,26.5,69.6
20,47,00,37,26.5,69.2
20,48,00,35,26.5,69.4
20,49,00,33,26.5,69.4
20,50,00,32,26.5,69.5
20,51,00,28,26.5,69.4
20,52,00,9,26.6,69
20,53,00,35,26.6,68.7
20,54,00,27,26.7,68.7
20,55,00,25,26.6,69.3
20,56,00,41,26.6,69.2
20,57,00,41,26.7,68.8
20,58,00,32,26.7,69.1
20,59,00,33,26.7,69
21,00,00,20,26.7,68.6
21,01,00,22,26.7,68.9
21,02,00,28,26.7,69.1
21,03,00,30,26.8,68.9
21,04,00,25,26.7,69.1
21,05,00,22,26.8,69.3
21,06,00,13,26.8,68.9
21,07,00,30,26.8,69.2
21,08,00,24,26.8,69.7
21,09,00,34,26.8,70
21,10,00,31,26.8,70.1
21,11,00,33,26.8,70.3
21,12,00,51,26.8,70.8
21,13,00,37,26.8,71
21,14,00,39,26.8,71.2
21,15,00,24,26.8,71.8
21,16,00,45,26.8,71.9
21,17,00,19,26.8,72.8
21,18,00,19,26.7,72.7
21,19,00,40,26.7,72.8
21,20,00,22,26.6,73.1
21,21,00,36,26.6,73.3
21,22,00,56,26.5,73.7
21,23,00,27,26.6,73.8
21,24,00,18,26.6,73.9
21,25,00,27,26.7,74
21,26,00,31,26.6,73.9
21,27,00,32,26.6,73.7
21,28,00,34,26.6,73.8
21,29,00,31,26.6,74.1
21,30,00,23,26.6,74.3
21,31,00,20,26.6,74.4
21,32,00,39,26.6,74.7
21,33,00,22,26.5,74.5
21,34,00,41,26.6,74.4
21,35,00,34,26.6,74.2
21,36,00,20,26.6,74.2
21,37,00,36,26.6,74.3
21,38,00,30,26.6,74.2
21,39,00,10,26.5,74.4
21,40,00,22,26.5,74.9
21,41,00,20,26.2,75.3
21,42,00,14,26,76.2
21,43,00,30,25.9,76.3
21,44,00,28,25.9,76.4
21,45,00,23,26.1,76.1
21,46,00,41,26.2,76.2
21,47,00,29,26.3,76.1
21,48,00,17,26.3,76
21,49,00,21,26.3,76.1
21,50,00,26,26.3,75.8
21,51,00,31,26.3,76.1
21,52,00,34,26.3,75.9
21,53,00,27,26.2,76.6
21,54,00,34,26.1,76.9
21,55,00,6,26,77.3
21,56,00,19,26.1,77.7
21,57,00,20,26.1,77.6
21,58,00,39,26.1,77.6
21,59,00,29,26.2,77.3
22,00,00,16,26.1,77.5
22,01,00,27,25.8,78.1
22,02,00,23,25.6,78.7
22,03,00,26,25.5,78.1
22,04,00,20,25.5,78.2
22,05,00,37,25.7,78.3
22,06,00,20,25.7,78.3
22,07,00,41,25.8,77.3
22,08,00,38,25.8,77.2
22,09,00,28,25.8,76.9
22,10,00,28,25.9,77.3
22,11,00,41,26,76.6
22,12,00,20,26,76.1
22,13,00,13,25.8,76.5
22,14,00,41,25.7,77.1
22,15,00,33,25.9,77
22,16,00,32,26,76.8
22,17,00,24,26,76.8
22,18,00,44,26,76.6
22,19,00,29,26.1,76.7
22,20,00,28,26.1,76.2
22,21,00,28,26.1,76.4
22,22,00,30,26,76.6
22,23,00,30,25.9,77.1
22,24,00,32,26,76.9
22,25,00,34,26,77.1
22,26,00,43,26.1,77.1
22,27,00,17,26.1,77.5
22,28,00,29,26.1,77.2
22,29,00,27,26,77.4
22,30,00,18,26,77.5
22,31,00,30,26,77.4
22,32,00,19,26,77.9
22,33,00,44,25.8,78.2
22,34,00,30,25.8,78.6
22,35,00,28,25.8,78.7
22,36,00,13,25.8,78.6
22,37,00,37,25.9,78.4
22,38,00,27,25.8,78.6
22,39,00,21,25.8,78.7
22,40,00,23,25.8,78.6
22,41,00,6,25.9,78.3
22,42,00,26,25.9,78.5
22,43,00,27,25.9,78.6
22,44,00,20,25.9,78.2
22,45,00,16,25.9,78
22,47,00,49,25.8,78.8
22,48,00,32,25.9,79.1
22,49,00,20,25.9,79
22,50,00,27,25.9,78.9
22,51,00,21,25.9,78.8
22,52,00,14,26,78.7
22,53,00,17,26,78.5
22,54,00,24,26,78.2
22,55,00,46,26,78.1
22,56,00,19,26,78.5
22,57,00,36,26,78.4
22,58,00,28,26,78.2
22,59,00,21,26.1,78.2
23,00,00,42,26.1,77.1
23,01,00,16,26.1,76.8
23,02,00,45,26.1,76.5
23,03,00,30,26,76.5
23,04,00,30,26.1,76.6
23,05,00,27,26.1,76.6
23,06,00,28,26.1,76.5
23,07,00,37,26.1,76.5
23,08,00,33,26.1,76.5
23,09,00,30,26.1,76.5
23,10,00,20,26.2,76.2
23,11,00,29,26.1,76.5
23,12,00,29,26.1,76.7
23,13,00,25,26.1,76.9
23,14,00,19,26.1,76.9
23,15,00,25,26.1,76.9
23,16,00,26,26.1,77.1
23,17,00,23,26,77.2
23,18,00,47,26,77.5
23,19,00,19,25.9,77.7
23,20,00,28,25.8,77.9
23,21,00,25,25.8,78.3
23,22,00,29,25.8,78.2
23,23,00,39,25.8,78.2
23,24,00,33,25.7,78.5
23,25,00,35,25.7,78.2
23,26,00,18,25.7,78.4
23,27,00,36,25.7,78.5
23,28,00,37,25.6,78.6
23,29,00,42,25.7,78.5
23,30,00,23,25.7,78.5
23,31,00,19,25.7,78.4
23,32,00,18,25.7,78.5
23,33,00,43,25.4,79.5
23,34,00,12,25.3,79.9
23,35,00,28,25.4,79.9
23,36,00,32,25.5,79.6
23,37,00,27,25.6,79.2
23,38,00,47,25.7,79
23,39,00,28,25.6,79.6
23,40,00,18,25.6,79.5
23,41,00,34,25.6,79.7
23,42,00,26,25.6,79.9
23,43,00,30,25.5,79.8
23,44,00,30,25.5,79.7
23,45,00,38,25.5,80.1
23,46,00,23,25.6,79.8
23,47,00,31,25.6,79.8
23,48,00,38,25.6,79.5
23,49,00,25,25.6,79.3
23,50,00,25,25.5,79.7
23,51,00,36,25.3,80.4
23,52,00,17,25.3,80.5
23,53,00,26,25.3,80.6
23,54,00,21,25.4,80.3
23,55,00,23,25.4,80.3
23,56,00,48,25.5,80.1
23,57,00,38,25.5,79.9
23,58,00,43,25.6,79.7
23,59,00,22,25.6,79.7
