07:00:42,25,26.5,77.5
07:01:43,26,26.4,75.5
07:02:43,20,26.4,75.6
07:03:43,14,26.4,76.6
07:04:43,12,26.3,76.2
07:05:43,29,26.2,76.5
07:06:43,24,26.2,76.3
07:07:43,14,26.2,76.9
07:08:43,21,26.2,77.3
07:09:43,20,26.2,76.8
07:10:43,15,26.3,76.5
07:11:43,26,26.3,76.3
07:12:43,18,26.3,75.5
07:13:43,14,26.3,75.2
07:14:43,11,26.2,75.5
07:15:43,18,26.4,76.1
07:16:44,23,26.4,76.4
07:17:44,20,26.5,75.3
07:18:44,23,26.3,75.8
07:19:44,18,26.4,76.2
07:20:44,16,26.4,75.3
07:21:44,20,26.3,75.4
07:22:44,11,26.2,75.9
07:23:44,21,26.2,76.8
07:24:44,20,26.3,76.7
07:25:44,10,26.4,76.9
07:26:44,11,26.5,76.8
07:27:44,29,26.5,77.4
07:28:44,14,26.5,77.7
07:29:44,20,26.6,77.4
07:30:44,25,26.5,77.7
07:31:45,13,26.5,77.7
07:32:45,16,26.5,77.7
07:33:45,20,26.5,78.3
07:34:45,16,26.5,77.4
07:35:45,11,26.6,77.4
07:36:45,15,26.7,77.2
07:37:45,17,26.8,77.0
07:38:45,17,26.8,77.7
07:39:45,23,26.7,77.7
07:40:45,19,26.8,77.8
07:41:45,13,26.8,77.9
07:42:45,12,26.8,77.9
07:43:45,14,26.8,77.8
07:44:45,8,26.8,77.9
07:45:46,34,26.8,78.1
07:46:46,16,26.9,78.0
07:47:46,16,26.9,78.4
07:48:46,20,27.0,77.9
07:49:46,18,27.0,78.0
07:50:46,22,27.1,77.9
07:51:46,19,27.1,78.3
07:52:46,25,27.1,78.3
07:53:46,17,27.1,78.2
07:54:46,15,27.0,77.5
07:55:46,20,27.0,78.2
07:56:47,18,27.0,78.4
07:57:47,12,27.1,77.8
07:58:47,18,27.2,78.1
07:59:47,11,27.3,77.6
08:00:47,11,27.4,77.4
08:01:47,15,27.5,77.0
08:02:47,21,27.6,76.9
08:03:47,9,27.6,76.7
08:04:47,21,27.7,76.6
08:05:47,25,27.7,76.5
08:06:47,13,27.7,76.4
08:07:47,20,27.8,76.2
08:08:48,22,27.8,76.3
08:09:48,14,27.8,76.4
08:10:48,19,27.8,76.4
08:11:48,17,27.8,76.4
08:12:48,12,27.7,76.4
08:13:48,24,27.7,76.5
08:14:48,20,27.8,76.4
08:15:48,14,27.8,76.3
08:16:48,9,27.8,76.3
08:17:48,19,27.9,76.2
08:18:48,16,27.9,76.1
08:19:49,16,27.9,76.2
08:20:49,21,27.8,76.5
08:21:49,12,27.8,76.4
08:22:49,16,27.8,76.4
08:23:49,7,27.8,76.4
08:24:49,11,27.8,76.4
08:25:49,17,27.8,76.4
08:26:49,23,27.8,76.3
08:27:49,11,27.9,76.1
08:28:49,18,27.9,76.2
08:29:49,12,27.8,76.5
08:30:50,14,27.8,76.3
08:31:50,15,27.9,76.2
08:32:50,21,27.9,76.3
08:33:50,10,27.9,76.2
08:34:50,19,27.8,76.1
08:35:50,15,27.8,76.5
08:36:50,18,27.9,76.4
08:37:50,12,27.9,76.5
08:38:50,19,27.9,76.5
08:39:50,17,27.9,76.4
08:40:50,22,27.9,76.1
08:41:51,25,27.9,76.2
08:42:51,26,27.9,76.3
08:43:51,10,27.9,76.4
08:44:51,20,27.9,76.5
08:45:51,20,27.9,76.2
08:46:51,24,27.9,76.6
08:47:51,21,27.8,76.8
08:48:51,10,27.9,76.4
08:49:51,20,28.0,76.5
08:50:51,19,28.0,76.4
08:51:51,7,28.0,76.3
08:52:51,13,28.0,76.4
08:53:51,22,28.0,76.3
08:54:51,20,27.9,76.4
08:55:51,19,27.9,76.4
08:56:52,20,28.0,76.5
08:57:52,24,28.0,76.3
08:58:52,17,28.0,76.5
08:59:52,13,28.0,76.3
09:00:52,21,28.0,76.1
09:01:52,17,28.0,76.2
09:02:52,20,28.1,76.0
09:03:52,17,28.1,76.1
09:04:52,27,28.1,76.1
09:05:52,12,28.1,76.1
09:06:52,17,28.1,75.9
09:07:52,10,28.1,76.1
09:08:52,11,28.1,76.0
09:09:52,11,28.1,76.2
09:10:52,16,28.1,76.4
09:11:52,17,28.0,76.5
09:12:52,17,28.0,76.6
09:13:53,17,28.1,76.4
09:14:53,23,28.1,76.4
09:15:53,11,28.1,76.4
09:16:53,21,28.2,76.3
09:17:53,13,28.1,76.3
09:18:53,12,28.2,76.3
09:19:53,17,28.2,76.4
09:20:53,29,28.1,76.5
09:21:53,15,28.2,76.5
09:22:53,18,28.2,76.5
09:23:53,27,28.2,76.4
09:24:53,13,28.1,76.7
09:25:53,19,28.1,77.0
09:26:53,13,28.1,76.9
09:27:54,19,28.2,76.8
09:28:54,19,28.2,76.8
09:29:54,24,28.2,76.7
09:30:54,26,28.2,76.8
09:31:54,22,28.2,76.9
09:32:54,25,28.1,77.1
09:33:54,10,28.1,77.2
09:34:54,19,28.2,77.1
09:35:54,21,28.2,76.9
09:36:54,10,28.3,76.9
09:37:54,21,28.3,76.9
09:38:54,21,28.2,77.1
09:39:54,17,28.3,77.0
09:40:54,14,28.3,76.9
09:41:54,21,28.2,77.0
09:42:54,16,28.2,76.9
09:43:54,17,28.2,77.1
09:44:54,15,28.2,76.5
09:45:55,19,28.3,76.6
09:46:55,22,28.2,76.4
09:47:55,15,28.2,77.0
09:48:55,19,28.1,77.2
09:49:55,23,28.1,77.2
09:50:55,19,28.1,77.2
09:51:55,20,28.1,77.0
09:52:55,23,28.1,77.0
09:53:55,19,28.2,77.0
09:54:55,13,28.1,77.3
09:55:55,18,28.1,77.4
09:56:56,13,28.2,77.2
09:57:56,20,28.1,77.5
09:58:56,13,28.1,77.7
09:59:56,18,28.1,77.4
10:00:56,13,28.2,77.2
10:01:56,22,28.2,77.5
10:02:56,25,28.2,77.3
10:03:56,21,28.2,77.5
10:04:56,18,28.3,77.4
10:05:56,21,28.3,77.4
10:06:56,16,28.2,77.5
10:07:56,12,28.2,77.7
10:08:56,17,28.2,77.7
10:09:57,11,28.2,77.9
10:10:57,14,28.2,77.9
10:11:57,15,28.3,77.9
10:12:57,19,28.3,77.6
10:13:57,27,28.3,77.7
10:14:57,13,28.3,77.8
10:15:57,15,28.3,77.7
10:16:57,31,28.4,77.7
10:17:57,15,28.3,77.7
10:18:57,12,28.3,78.0
10:19:57,27,28.3,78.1
10:20:57,18,28.2,78.4
10:21:58,15,28.2,78.3
10:22:58,22,28.3,78.2
10:23:58,15,28.3,78.2
10:24:58,17,28.3,78.3
10:25:58,13,28.2,78.5
10:26:58,24,28.1,78.7
10:27:58,14,28.2,78.6
10:28:58,19,28.2,78.6
10:29:58,17,28.3,78.4
10:30:58,28,28.3,78.5
10:31:58,18,28.3,78.6
10:32:58,5,28.3,78.6
10:33:58,14,28.3,78.5
10:34:58,23,28.3,78.6
10:35:58,17,28.4,78.3
10:36:58,10,28.5,78.2
10:37:59,15,28.4,78.4
10:38:59,16,28.4,78.5
10:39:59,22,28.5,78.3
10:40:59,9,28.5,78.4
10:41:59,30,28.4,78.5
10:42:59,21,28.4,78.7
10:43:59,12,28.3,79.1
10:44:59,16,28.3,79.0
10:45:59,16,28.3,79.0
10:46:59,25,28.3,79.0
10:47:59,17,28.3,79.0
10:48:59,18,28.3,79.0
10:49:59,11,28.3,79.1
10:50:59,18,28.3,79.2
10:51:59,16,28.3,79.2
10:53:00,15,28.3,79.2
10:54:00,18,28.4,78.9
10:55:00,16,28.6,78.0
10:56:00,24,28.6,78.2
10:57:00,11,28.6,77.7
10:58:00,19,28.7,77.2
10:59:00,17,28.7,77.6
11:00:00,22,28.7,77.4
11:01:00,19,28.7,77.4
11:02:00,23,28.6,77.1
11:03:00,21,28.6,77.5
11:04:00,20,28.6,77.4
11:05:00,18,28.6,77.6
11:06:00,18,28.6,77.2
11:07:00,17,28.7,77.2
11:08:01,16,28.6,77.2
11:09:01,18,28.7,77.2
11:10:01,31,28.7,77.2
11:11:01,18,28.6,77.4
11:12:01,16,28.5,77.6
11:13:01,9,28.6,77.6
11:14:01,25,28.6,77.6
11:15:01,16,28.6,77.5
11:16:01,17,28.6,77.5
11:17:01,24,28.6,77.5
11:18:01,14,28.6,77.4
11:19:01,18,28.6,77.2
11:20:02,20,28.6,77.3
11:21:02,28,28.7,77.1
11:22:02,18,28.6,77.3
11:23:02,10,28.7,76.6
11:24:02,23,28.7,77.1
11:25:02,25,28.7,77.2
11:26:02,19,28.7,77.2
11:27:02,15,28.7,77.4
11:28:02,20,28.7,77.3
11:29:02,17,28.7,77.5
11:30:02,24,28.7,77.7
11:31:03,22,28.8,77.8
11:32:03,18,28.7,77.6
11:33:03,19,28.8,77.7
11:34:03,15,28.8,77.7
11:35:03,17,28.9,77.6
11:36:03,15,28.9,77.4
11:37:03,8,28.7,77.7
11:38:03,18,28.8,77.7
11:39:03,17,28.8,77.7
11:40:03,10,28.7,77.1
11:41:03,25,28.7,76.9
11:42:03,7,28.7,76.2
11:43:04,13,28.8,76.2
11:44:04,27,28.8,76.5
11:45:04,12,28.8,75.7
11:46:04,31,28.8,76.0
11:47:04,9,28.9,76.0
11:48:04,23,28.8,76.1
11:49:04,17,28.8,76.0
11:50:04,7,28.7,75.8
11:51:04,16,28.7,75.6
11:52:04,15,28.8,75.9
11:53:04,22,28.8,76.0
11:54:04,19,28.8,76.1
11:55:04,15,28.7,76.1
11:56:04,14,28.7,76.5
11:57:05,20,28.7,76.4
11:58:05,24,28.7,76.3
11:59:05,12,28.7,76.6
12:00:05,14,28.7,77.0
12:01:05,16,28.6,76.9
12:02:05,31,28.5,77.2
12:03:05,16,28.4,77.4
12:04:05,5,28.4,77.4
12:05:05,14,28.4,77.5
12:06:05,25,28.4,77.7
12:07:05,21,28.4,77.5
12:08:05,19,28.3,77.8
12:09:05,26,28.3,78.0
12:10:05,22,28.3,77.7
12:11:06,16,28.5,77.3
12:12:06,21,28.5,77.3
12:13:06,20,28.6,77.0
12:14:06,12,28.6,76.7
12:15:06,17,28.6,76.6
12:16:06,16,28.6,76.6
12:17:06,17,28.6,76.7
12:18:06,18,28.6,76.8
12:19:06,22,28.5,76.9
12:20:06,13,28.6,76.8
12:21:06,17,28.5,76.8
12:22:07,16,28.4,77.1
12:23:07,16,28.3,77.3
12:24:07,20,28.2,77.6
12:25:07,19,28.3,77.5
12:26:07,12,28.3,77.3
12:27:07,21,28.4,77.2
12:28:07,21,28.4,77.1
12:29:07,6,28.4,77.1
12:30:07,15,28.4,77.4
12:31:07,17,28.5,77.0
12:32:07,15,28.5,76.8
12:33:08,15,28.6,76.8
12:34:08,14,28.4,77.2
12:35:08,18,28.5,77.0
12:36:08,11,28.4,77.1
12:37:08,16,28.4,77.1
12:38:08,17,28.5,77.0
12:39:08,17,28.5,76.9
12:40:08,13,28.3,77.3
12:41:08,17,28.3,77.6
12:42:08,26,28.2,77.7
12:43:08,10,28.3,77.4
12:44:08,24,28.4,77.2
12:45:08,13,28.3,77.4
12:46:09,17,28.2,77.5
12:47:09,18,28.1,78.0
12:48:09,24,28.1,77.8
12:49:09,18,28.1,77.9
12:50:09,19,28.2,77.5
12:51:09,19,28.2,77.7
12:52:09,12,28.1,77.9
12:53:09,11,28.1,77.8
12:54:09,19,28.1,77.8
12:55:09,17,28.1,78.0
12:56:09,16,28.2,77.7
12:57:09,16,28.2,77.7
12:58:09,19,28.3,77.5
12:59:09,25,28.3,77.1
13:00:09,12,28.2,77.3
13:01:10,20,28.3,77.2
13:02:10,27,28.3,77.2
13:03:10,23,28.3,76.9
13:04:10,21,28.5,76.4
13:05:10,17,28.5,76.5
13:06:10,18,28.4,76.3
13:07:10,21,28.5,76.2
13:08:10,12,28.4,76.7
13:09:10,22,28.2,76.7
13:10:10,18,28.2,77.2
13:11:10,16,28.2,77.2
13:12:10,17,28.2,77.0
13:13:10,20,28.1,77.3
13:14:10,17,28.2,77.0
13:15:10,13,28.3,76.6
13:16:10,13,28.4,76.3
13:17:10,17,28.6,76.0
13:18:11,15,28.6,75.7
13:19:11,14,28.6,75.6
13:20:11,20,28.7,75.4
13:21:11,22,28.7,75.5
13:22:11,14,28.6,75.7
13:23:11,20,28.6,75.9
13:24:11,11,28.5,76.3
13:25:11,17,28.4,76.2
13:26:11,12,28.5,75.9
13:27:11,26,28.6,75.9
13:28:11,19,28.5,75.6
13:29:11,19,28.5,75.9
13:30:11,20,28.5,75.5
13:31:11,17,28.5,76.0
13:32:12,10,28.6,75.6
13:33:12,26,28.6,75.6
13:34:12,14,28.5,75.9
13:35:12,22,28.5,76.1
13:36:12,17,28.4,76.4
13:37:12,29,28.4,76.5
13:38:12,20,28.3,76.8
13:39:12,16,28.3,76.2
13:40:12,18,28.4,75.9
13:41:12,17,28.4,75.9
13:42:12,15,28.4,76.3
13:43:12,25,28.3,76.4
13:44:12,19,28.3,76.4
13:45:12,17,28.3,76.5
13:46:12,9,28.3,76.1
13:47:13,21,28.4,75.6
13:48:13,20,28.4,76.0
13:49:13,18,28.3,75.1
13:50:13,22,28.4,75.7
13:51:13,15,28.4,75.8
13:52:13,20,28.3,76.1
13:53:13,11,28.4,75.7
13:54:13,15,28.4,75.9
13:55:13,18,28.3,75.9
13:56:13,12,28.3,76.1
13:57:13,24,28.3,75.9
13:58:13,23,28.4,75.8
13:59:13,11,28.5,75.7
14:00:13,16,28.6,75.5
14:01:13,14,28.5,75.0
14:02:13,13,28.5,75.3
14:03:14,25,28.5,75.4
14:04:14,25,28.5,75.3
14:05:14,6,28.5,75.3
14:06:14,17,28.5,75.0
14:07:14,15,28.5,75.0
14:08:14,19,28.6,74.7
14:09:14,10,28.6,75.0
14:10:14,12,28.6,74.7
14:11:14,17,28.6,74.7
14:12:14,17,28.6,74.7
14:13:14,20,28.5,75.0
14:14:14,17,28.5,75.2
14:15:14,18,28.5,74.9
14:16:14,16,28.4,75.1
14:17:15,16,28.4,75.1
14:18:15,14,28.5,75.0
14:19:15,19,28.5,75.0
14:20:15,8,28.5,75.0
14:21:15,9,28.6,74.8
14:22:15,15,28.5,74.8
14:23:15,15,28.5,75.1
14:24:15,15,28.5,75.0
14:25:15,15,28.5,75.0
14:26:15,15,28.5,75.1
14:27:15,17,28.5,75.0
14:28:15,14,28.6,74.9
14:29:15,20,28.6,74.9
14:30:15,12,28.6,75.0
14:31:15,16,28.6,75.0
14:32:15,9,28.5,75.4
14:33:15,16,28.4,75.7
14:34:16,34,28.5,75.6
14:35:16,21,28.4,75.8
14:36:16,12,28.4,76.0
14:37:16,19,28.5,76.0
14:38:16,20,28.5,75.9
14:39:16,14,28.4,76.3
14:40:16,19,28.3,76.5
14:41:16,23,28.3,76.4
14:42:16,19,28.2,76.6
14:43:16,29,28.3,77.0
14:44:16,13,28.3,76.8
14:45:16,17,28.4,76.7
14:46:16,17,28.5,76.4
14:47:16,17,28.5,76.4
14:48:17,16,28.5,76.4
14:49:17,20,28.6,76.1
14:50:17,16,28.7,75.8
14:51:17,24,28.6,76.0
14:52:17,16,28.6,76.3
14:53:17,17,28.6,76.1
14:54:17,24,28.6,76.5
14:55:17,18,28.6,76.1
14:56:17,19,28.6,76.4
14:57:17,23,28.5,76.6
14:58:17,17,28.5,76.4
14:59:17,31,28.4,76.9
15:00:17,21,28.4,77.0
15:01:17,20,28.4,77.3
15:02:17,21,28.4,77.3
15:03:17,20,28.5,77.1
15:04:18,16,28.6,76.6
15:05:18,8,28.5,77.0
15:06:18,17,28.5,77.0
15:07:18,21,28.5,77.5
15:08:18,27,28.5,77.4
15:09:18,14,28.5,77.2
15:10:18,13,28.5,77.4
15:11:18,10,28.5,77.2
15:12:18,14,28.5,77.5
15:13:18,19,28.5,77.3
15:14:18,16,28.6,77.4
15:15:18,16,28.6,77.2
15:16:18,17,28.6,77.5
15:17:19,16,28.6,77.2
15:18:19,20,28.5,77.5
15:19:19,18,28.5,77.5
15:20:19,14,28.5,77.8
15:21:19,15,28.5,77.6
15:22:19,14,28.6,77.8
15:23:19,22,28.6,77.7
15:24:19,16,28.6,77.5
15:25:19,22,28.5,77.7
15:26:19,22,28.4,78.2
15:27:19,25,28.5,77.9
15:28:20,15,28.4,78.1
15:29:20,21,28.4,78.5
15:30:20,19,28.5,78.1
15:31:20,11,28.4,78.5
15:32:20,22,28.5,78.1
15:33:20,14,28.5,78.3
15:34:20,14,28.5,78.4
15:35:20,11,28.5,78.2
15:36:20,23,28.5,78.3
15:37:20,15,28.6,78.2
15:38:21,15,28.6,78.3
15:39:21,19,28.6,78.2
15:40:21,16,28.7,78.1
15:41:21,19,28.7,77.8
15:42:21,19,28.7,77.9
15:43:21,16,28.7,78.1
15:44:21,25,28.7,78.0
15:45:21,11,28.8,78.0
15:46:21,19,28.7,78.0
15:47:21,14,28.8,77.8
15:48:21,18,28.7,78.0
15:49:21,21,28.6,78.1
15:50:21,30,28.6,78.5
15:51:22,13,28.6,78.6
15:52:22,19,28.7,78.4
15:53:22,20,28.6,78.4
15:54:22,22,28.5,78.7
15:55:22,25,28.5,78.7
15:56:22,22,28.6,78.6
15:57:22,14,28.6,78.4
15:58:22,27,28.5,78.8
15:59:22,19,28.5,78.8
16:00:23,12,28.5,79.1
16:01:23,12,28.5,78.9
16:02:23,22,28.5,79.0
16:03:23,17,28.6,78.5
16:04:23,13,28.6,78.7
16:05:23,21,28.7,78.4
16:06:23,13,28.7,78.5
16:07:23,10,28.6,78.7
16:08:23,20,28.6,78.8
16:09:23,19,28.6,78.8
16:10:23,14,28.6,78.8
16:11:23,15,28.6,78.8
16:12:23,11,28.6,78.8
16:13:23,15,28.7,78.7
16:14:23,21,28.6,78.8
16:15:24,19,28.7,78.5
16:16:24,20,28.6,78.8
16:17:24,22,28.5,78.8
16:18:24,21,28.4,79.5
16:19:24,24,28.4,79.1
16:20:24,16,28.3,79.6
16:21:24,13,28.3,79.4
16:22:24,21,28.5,79.3
16:23:24,26,28.5,79.1
16:24:24,15,28.6,78.8
16:25:25,16,28.7,78.6
16:26:25,23,28.7,78.5
16:27:25,24,28.8,78.4
16:28:25,22,28.8,78.2
16:29:25,17,28.8,78.3
16:30:25,23,28.8,78.1
16:31:25,13,28.7,78.1
16:32:25,14,28.8,78.3
16:33:25,16,28.8,78.1
16:34:25,20,28.8,78.0
16:35:25,16,28.9,78.0
16:36:25,6,28.9,77.9
16:37:25,29,28.8,78.0
16:38:26,13,28.9,77.8
16:39:26,18,28.9,77.5
16:40:26,10,28.8,77.7
16:41:26,17,28.8,77.8
16:42:26,15,28.9,77.7
16:43:26,7,28.9,77.4
16:44:26,16,28.9,77.4
16:45:26,12,28.9,77.0
16:46:26,17,28.9,77.1
16:47:26,16,28.8,77.4
16:48:26,18,28.8,77.5
16:49:26,16,28.8,77.2
16:50:26,18,28.9,77.0
16:51:27,11,28.8,77.7
16:52:27,10,28.8,77.3
16:53:27,25,28.9,77.3
16:54:27,18,28.9,77.1
16:55:27,20,28.9,77.2
16:56:27,15,28.9,77.3
16:57:27,10,28.9,76.9
16:58:27,14,28.9,76.9
16:59:27,18,28.9,77.0
17:00:27,18,28.9,77.3
17:01:27,9,28.8,77.4
17:02:27,20,28.8,77.5
17:03:27,13,28.8,77.5
17:04:27,15,28.7,77.6
17:05:28,13,28.6,77.6
17:06:28,27,28.3,78.9
17:07:28,12,28.2,79.3
17:08:28,23,28.1,79.0
17:09:28,18,28.0,79.5
17:10:28,10,28.0,79.5
17:11:28,19,28.0,79.6
17:12:28,20,28.0,79.7
17:13:28,19,27.9,79.7
17:14:28,18,27.8,80.4
17:15:28,17,27.8,80.6
17:16:29,24,27.9,80.6
17:17:29,18,27.9,80.4
17:18:29,18,27.8,80.8
17:19:29,24,27.7,80.9
17:20:29,9,27.7,81.1
17:21:29,14,27.7,81.4
17:22:29,14,27.6,81.3
17:23:29,15,27.6,81.7
17:24:29,15,27.4,82.3
17:25:29,16,27.5,82.2
17:26:29,14,27.5,82.1
17:27:29,13,27.3,82.6
17:28:30,18,27.2,82.7
17:29:30,13,27.3,82.8
17:30:30,20,27.3,82.7
17:31:30,6,27.3,82.6
17:32:30,18,27.4,82.5
17:33:30,18,27.4,82.4
17:34:30,23,27.3,82.3
17:35:30,16,27.4,82.3
17:36:30,13,27.4,82.3
17:37:30,16,27.4,82.5
17:38:31,25,27.4,82.2
17:39:31,25,27.5,82.0
17:40:31,15,27.5,81.9
17:41:31,16,27.5,82.0
17:42:31,14,27.5,82.1
17:43:31,16,27.5,82.1
17:44:31,25,27.6,82.0
17:45:31,11,27.6,82.5
17:46:31,14,27.6,82.9
17:47:31,20,27.5,82.5
17:48:31,18,27.4,82.2
17:49:31,16,27.4,82.4
17:50:32,21,27.3,82.4
17:51:32,10,27.4,82.5
17:52:32,18,27.4,82.5
17:53:32,19,27.4,82.3
17:54:32,15,27.5,82.3
17:55:32,21,27.5,82.5
17:56:32,21,27.5,82.4
17:57:32,15,27.5,82.4
17:58:32,16,27.5,82.4
17:59:32,12,27.5,82.3
18:00:32,17,27.5,82.4
18:01:33,10,27.5,82.4
18:02:33,22,27.5,82.8
18:03:33,13,27.5,83.2
18:04:33,13,27.7,82.7
18:05:33,26,27.8,82.2
18:06:33,21,27.8,82.2
18:07:33,19,28.0,82.0
18:08:33,13,28.1,81.8
18:09:33,8,28.2,81.3
18:10:33,14,28.2,81.0
18:11:33,13,28.3,80.9
18:12:33,11,28.4,80.6
18:13:33,16,28.4,80.3
18:14:33,16,28.4,80.3
18:15:34,16,28.5,80.3
18:16:34,15,28.5,80.2
18:17:34,16,28.5,80.6
18:18:34,13,28.5,80.4
18:19:34,11,28.4,80.6
18:20:34,14,28.3,80.9
18:21:34,15,28.2,81.2
18:22:34,12,28.3,80.8
18:23:34,14,28.3,80.8
18:24:34,19,28.4,80.5
18:25:34,16,28.5,80.3
18:26:34,27,28.5,80.2
18:27:34,15,28.4,80.6
18:28:34,20,28.4,80.6
18:29:35,19,28.5,80.4
18:30:35,14,28.5,80.4
18:31:35,22,28.5,80.2
18:32:35,17,28.5,80.4
18:33:35,12,28.6,80.3
18:34:35,8,28.6,80.2
18:35:35,16,28.6,80.3
18:36:35,18,28.6,80.3
18:37:35,17,28.6,80.4
18:38:35,17,28.6,80.4
18:39:35,29,28.5,80.5
18:40:35,16,28.5,80.6
18:41:35,17,28.5,80.6
18:42:35,8,28.5,80.6
18:43:35,23,28.5,80.7
18:44:35,17,28.5,80.9
18:45:36,16,28.5,81.3
18:46:36,15,28.4,81.6
18:47:36,24,28.2,82.1
18:48:36,11,28.2,82.2
18:49:36,19,28.2,82.4
18:50:36,11,28.1,82.5
18:51:36,16,28.1,82.9
18:52:36,16,28.2,82.8
18:53:36,8,28.3,82.4
18:54:36,14,28.3,82.2
18:55:36,21,28.3,82.0
18:56:36,19,28.3,82.0
18:57:37,20,28.2,82.2
18:58:37,21,28.2,82.3
18:59:37,21,28.2,82.3
19:00:37,15,28.1,82.4
19:01:37,16,28.1,82.5
19:02:37,16,28.0,82.5
19:03:37,17,28.0,82.4
19:04:37,18,28.1,82.2
19:05:37,10,28.2,82.1
19:06:37,14,28.1,82.2
19:07:37,20,28.2,82.1
19:08:37,23,28.2,82.2
19:09:37,15,28.2,82.0
19:10:38,24,28.2,82.0
19:11:38,10,28.1,82.4
19:12:38,15,28.2,82.4
19:13:38,14,28.2,82.1
19:14:38,17,28.2,81.8
19:15:38,17,28.2,81.8
19:16:38,11,28.2,81.8
19:17:38,23,28.2,82.0
19:18:38,15,28.1,82.3
19:19:38,23,28.1,82.3
19:20:38,21,28.1,82.6
19:21:38,9,28.0,82.5
19:22:38,17,28.0,82.5
19:23:38,22,27.9,82.6
19:24:38,17,27.7,83.2
19:25:38,16,27.3,84.5
19:26:38,15,26.9,86.0
19:27:38,16,26.7,86.4
19:28:38,15,26.7,86.9
19:29:38,20,26.6,87.2
19:30:38,17,26.4,88.3
19:31:38,20,26.4,88.0
19:32:38,21,26.4,88.1
19:33:38,29,26.3,88.4
19:34:38,27,26.3,89.2
19:35:38,18,26.2,88.7
19:36:38,26,26.2,88.7
19:37:38,23,26.1,89.6
19:38:38,17,25.9,90.3
19:39:39,12,26.0,90.2
19:40:39,13,25.9,90.0
19:41:39,16,25.9,90.3
19:42:39,19,26.0,90.1
19:43:39,19,25.9,90.5
19:44:39,15,26.0,89.7
19:45:39,19,25.9,90.1
19:46:39,20,25.8,89.9
19:47:39,19,25.6,90.6
19:48:39,15,25.6,90.4
19:49:39,15,25.6,90.5
19:50:39,17,25.7,90.0
19:51:39,10,25.7,90.1
19:52:39,15,25.8,90.0
19:53:39,19,25.9,89.7
19:54:39,15,25.9,89.7
19:55:39,20,25.8,89.8
19:56:39,23,25.7,90.1
19:57:39,15,25.7,90.7
19:58:39,27,25.8,89.9
19:59:40,22,25.8,89.8
20:00:40,21,25.9,89.4
20:01:40,17,25.9,89.7
20:02:40,23,25.9,89.1
20:03:40,21,25.8,89.3
20:04:40,18,25.8,89.5
20:05:40,16,25.8,89.2
20:06:40,20,25.9,89.6
20:07:40,19,25.9,89.7
20:08:40,19,25.8,89.3
20:09:40,21,25.7,89.7
20:10:40,19,25.7,89.6
20:11:40,19,25.6,89.5
20:12:40,19,25.7,89.5
20:13:40,15,25.7,90.0
20:14:40,15,25.7,90.3
20:15:40,10,25.7,90.3
20:16:40,21,25.7,89.9
20:17:41,19,25.7,90.0
20:18:41,17,25.7,90.1
20:19:41,23,25.7,90.5
20:20:41,16,25.6,90.3
20:21:41,17,25.5,90.4
20:22:41,16,25.5,90.1
20:23:41,16,25.5,90.0
20:24:41,20,25.6,89.3
20:25:41,11,25.7,89.1
20:26:41,23,25.7,89.5
20:27:41,10,25.7,89.3
20:28:42,23,25.7,88.9
20:29:42,13,25.6,89.1
20:30:42,18,25.7,89.3
20:31:42,13,25.6,89.6
20:32:42,10,25.6,89.4
20:33:42,16,25.6,89.2
20:34:42,9,25.7,89.3
20:35:42,26,25.6,89.1
20:36:42,21,25.4,89.4
20:37:42,12,25.3,90.1
20:38:42,22,25.4,89.6
20:39:42,22,25.5,89.6
20:40:42,13,25.5,88.9
20:41:42,11,25.5,89.3
20:42:42,15,25.6,89.1
20:43:43,14,25.7,89.0
20:44:43,20,25.6,89.1
20:45:43,13,25.6,88.9
20:46:43,16,25.7,88.5
20:47:43,14,25.8,88.3
20:48:43,18,25.7,88.1
20:49:43,13,25.7,88.1
20:50:43,10,25.5,88.8
20:51:43,10,25.4,88.9
20:52:43,22,25.4,89.1
20:53:43,20,25.5,88.9
20:54:43,19,25.5,88.9
20:55:43,16,25.6,89.2
20:56:43,23,25.5,88.7
20:57:43,16,25.5,88.7
20:58:43,19,25.4,89.1
20:59:43,17,25.1,89.7
21:00:43,11,25.2,89.8
21:01:44,19,25.3,89.8
21:02:44,19,25.0,90.6
21:03:44,12,24.7,92.0
21:04:44,27,24.6,92.7
21:05:44,7,24.5,92.8
21:06:44,13,24.5,92.7
21:07:44,30,24.5,92.9
21:08:44,17,24.6,92.8
21:09:44,19,24.6,92.7
21:10:44,19,24.6,93.2
21:11:44,16,24.7,93.0
21:12:44,23,24.6,93.2
21:13:44,16,24.7,92.8
21:14:44,17,24.9,92.0
21:15:45,20,24.9,91.7
21:16:45,9,25.0,91.0
21:17:45,18,24.9,91.1
21:18:45,24,24.9,91.3
21:19:45,17,24.8,92.1
21:20:45,21,24.7,92.1
21:21:45,17,24.6,92.7
21:22:45,26,24.5,93.0
21:23:45,16,24.4,93.4
21:24:45,19,24.3,93.6
21:25:45,11,24.4,93.4
21:26:45,20,24.5,93.1
21:27:45,16,24.6,93.3
21:28:45,16,24.7,92.8
21:29:46,24,24.8,92.3
21:30:46,18,24.9,91.5
21:31:46,21,25.0,91.4
21:32:46,14,24.9,91.5
21:33:46,12,24.7,92.6
21:34:46,14,24.8,92.4
21:35:46,20,24.8,92.2
21:36:46,28,25.2,91.7
21:37:46,23,25.6,90.1
21:38:46,18,25.9,89.0
21:39:46,18,26.1,88.1
21:40:46,23,26.3,87.3
21:41:47,25,26.5,86.6
21:42:47,14,26.7,86.0
21:43:47,15,26.7,85.7
21:44:47,26,26.9,85.1
21:45:47,18,26.8,85.1
21:46:47,19,26.6,85.6
21:47:47,27,26.7,85.4
21:48:47,21,26.7,85.4
21:49:47,15,26.7,85.5
21:50:47,11,26.8,85.5
21:51:47,10,27.0,84.8
21:52:47,15,27.0,84.7
21:53:47,20,27.1,84.5
21:54:47,23,27.2,84.1
21:55:48,11,27.3,83.9
21:56:48,19,27.3,83.6
21:57:48,16,27.3,83.6
21:58:48,19,27.3,83.6
21:59:48,18,27.4,83.3
22:00:48,20,27.4,83.0
22:01:48,23,27.4,82.9
22:02:48,22,27.5,82.8
22:03:48,12,27.4,82.9
22:04:48,18,27.4,82.9
22:05:48,9,27.4,82.9
22:06:48,21,27.5,82.7
22:07:48,25,27.5,82.4
22:08:48,19,27.6,82.2
22:09:49,18,27.4,82.7
22:10:49,16,27.4,83.0
22:11:49,16,27.3,83.4
22:12:49,8,27.3,83.1
22:13:49,9,27.3,83.1
22:14:49,23,27.3,83.3
22:15:49,17,27.2,83.7
22:16:49,24,27.2,83.5
22:17:49,18,27.4,83.0
22:18:49,23,27.5,82.5
22:19:49,16,27.6,82.1
22:20:49,23,27.7,82.0
22:21:49,33,27.7,81.8
22:22:49,17,27.7,81.6
22:23:49,14,27.7,81.6
22:24:49,20,27.7,81.5
22:25:49,16,27.8,81.4
22:26:50,28,27.8,81.2
22:27:50,18,27.8,81.2
22:28:50,20,27.8,81.2
22:29:50,15,27.7,81.1
22:30:50,10,27.8,81.1
22:31:50,18,27.7,81.1
22:32:50,19,27.7,81.1
22:33:50,14,27.8,81.0
22:34:50,22,27.8,81.0
22:35:50,24,27.8,80.9
22:36:50,10,27.8,80.8
22:37:50,16,27.8,81.0
22:38:50,26,27.8,80.9
22:39:50,18,27.8,80.9
22:40:51,9,27.8,81.0
22:41:51,20,27.8,81.0
22:42:51,28,27.8,80.9
22:43:51,22,27.8,80.9
22:44:51,18,27.8,80.9
22:45:51,16,27.8,80.8
22:46:51,25,27.8,80.8
22:47:51,22,27.8,80.7
22:48:51,12,27.8,80.7
22:49:51,31,27.8,80.7
22:50:51,16,27.8,80.8
22:51:51,19,27.7,81.0
22:52:51,26,27.7,81.1
22:53:51,13,27.7,81.3
22:54:51,20,27.6,81.5
22:55:51,12,27.6,81.6
22:56:52,20,27.6,81.4
22:57:52,15,27.6,81.3
22:58:52,17,27.7,81.1
22:59:52,21,27.7,81.0
23:00:52,16,27.7,81.1
23:01:52,11,27.7,81.1
23:02:52,26,27.7,81.2
23:03:52,18,27.7,80.8
23:04:52,18,27.7,81.0
23:05:52,15,27.7,81.1
23:06:52,33,27.7,81.2
23:07:52,14,27.6,81.5
23:08:52,17,27.7,81.1
23:09:53,22,27.7,81.2
23:10:53,24,27.7,80.9
23:11:53,13,27.7,80.8
23:12:53,20,27.8,80.8
23:13:53,22,27.7,80.7
23:14:53,13,27.8,80.6
23:15:53,22,27.8,80.3
23:16:53,13,27.8,80.4
23:17:53,12,27.8,80.5
23:18:53,23,27.7,80.2
23:19:53,10,27.7,80.4
23:20:53,20,27.6,80.9
23:21:53,21,27.5,81.4
23:22:53,17,27.6,81.3
23:23:53,32,27.6,80.9
23:24:53,19,27.7,80.5
23:25:53,7,27.7,80.9
23:26:53,21,27.6,81.2
23:27:54,13,27.5,81.4
23:28:54,21,27.6,81.1
23:29:54,22,27.7,80.4
23:30:54,10,27.7,80.9
23:31:54,18,27.7,80.8
23:32:54,11,27.6,81.0
23:33:54,10,27.6,81.2
23:34:54,18,27.6,81.1
23:35:54,16,27.5,81.1
23:36:54,19,27.3,82.0
23:37:54,20,27.3,81.6
23:38:54,22,27.3,81.8
23:39:54,16,27.3,82.1
23:40:54,17,27.3,81.9
23:41:54,19,27.3,81.8
23:42:54,17,27.4,81.4
23:43:54,20,27.4,81.1
23:44:54,17,27.5,80.6
23:45:55,17,27.5,80.4
23:46:55,13,27.6,80.3
23:47:55,6,27.6,80.2
23:48:55,26,27.7,80.3
23:49:55,15,27.7,80.0
23:50:55,21,27.7,79.8
23:51:55,11,27.6,79.8
23:52:55,18,27.6,80.2
23:53:55,20,27.6,80.5
23:54:55,14,27.7,80.5
23:55:55,14,27.6,80.8
23:56:55,10,27.6,80.9
23:57:55,9,27.5,80.9
23:58:56,16,27.6,80.8
23:59:56,22,27.5,80.9
00:00:56,22,27.5,80.8
00:01:56,14,27.5,80.5
00:02:56,26,27.5,80.4
00:03:56,19,27.6,80.2
00:04:56,14,27.6,80.4
00:05:56,15,27.6,80.1
00:06:56,17,27.6,80.0
00:07:56,18,27.6,79.9
00:08:57,25,27.5,80.3
00:09:57,21,27.5,80.3
00:10:57,22,27.5,80.5
00:11:57,16,27.5,80.5
00:12:57,19,27.5,80.2
00:13:57,11,27.4,80.2
00:14:57,11,27.4,80.3
00:15:57,14,27.3,80.5
00:16:57,21,27.4,80.8
00:17:57,19,27.4,80.5
00:18:58,23,27.4,80.6
00:19:58,17,27.5,80.5
00:20:58,18,27.5,80.6
00:21:58,25,27.4,80.7
00:22:58,16,27.4,80.7
00:23:58,27,27.4,80.9
00:24:58,26,27.4,80.7
00:25:58,18,27.5,80.7
00:26:58,19,27.5,80.5
00:27:59,19,27.5,80.5
00:28:59,13,27.5,80.6
00:29:59,20,27.5,80.6
00:30:59,11,27.5,80.5
00:31:59,16,27.5,80.6
00:32:59,21,27.4,80.7
00:33:59,15,27.4,80.6
00:34:59,19,27.5,80.6
00:35:59,17,27.5,80.6
00:36:59,19,27.5,80.5
00:38:00,16,27.5,80.5
00:39:00,18,27.5,80.6
00:40:00,11,27.5,80.4
00:41:00,26,27.5,80.5
00:42:00,27,27.5,80.5
00:43:00,15,27.5,80.7
00:44:00,17,27.5,80.7
00:45:00,14,27.5,80.8
00:46:00,23,27.5,80.7
00:47:00,9,27.5,80.8
00:48:00,9,27.5,80.8
00:49:00,21,27.5,80.7
00:50:00,12,27.4,80.8
00:51:00,24,27.4,80.9
00:52:00,26,27.4,80.9
00:53:01,14,27.4,80.9
00:54:01,12,27.4,80.9
00:55:01,16,27.4,81.1
00:56:01,27,27.3,81.1
00:57:01,14,27.3,81.2
00:58:01,13,27.3,81.3
00:59:01,20,27.3,81.3
01:00:01,21,27.3,81.4
01:01:01,29,27.2,81.4
01:02:01,20,27.3,81.4
01:03:01,19,27.3,81.3
01:04:01,15,27.3,81.2
01:05:01,20,27.3,81.3
01:06:01,11,27.3,81.4
01:07:01,15,27.3,81.2
01:08:01,8,27.3,81.1
01:09:01,20,27.3,81.1
01:10:01,19,27.2,81.5
01:11:01,24,27.0,82.2
01:12:02,20,27.0,81.9
01:13:02,15,27.2,81.1
01:14:02,23,27.3,80.8
01:15:02,12,27.4,80.4
01:16:02,13,27.4,80.2
01:17:02,13,27.5,79.9
01:18:02,11,27.5,79.8
01:19:02,13,27.5,79.7
01:20:02,20,27.5,79.5
01:21:02,15,27.5,79.5
01:22:02,15,27.5,79.5
01:23:02,11,27.5,79.3
01:24:02,17,27.6,79.3
01:25:02,14,27.6,79.3
01:26:02,15,27.5,79.2
01:27:02,18,27.5,79.1
01:28:02,29,27.5,79.4
01:29:03,18,27.5,79.1
01:30:03,17,27.5,79.0
01:31:03,23,27.5,79.2
01:32:03,22,27.5,79.2
01:33:03,19,27.5,79.0
01:34:03,21,27.6,78.9
01:35:03,14,27.6,78.8
01:36:03,18,27.6,78.8
01:37:03,16,27.5,78.8
01:38:03,7,27.5,78.7
01:39:03,15,27.5,78.7
01:40:04,14,27.5,78.7
01:41:04,15,27.5,78.8
01:42:04,21,27.5,78.6
01:43:04,22,27.5,78.6
01:44:04,22,27.5,78.7
01:45:04,18,27.5,78.5
01:46:04,18,27.5,78.6
01:47:04,16,27.5,78.7
01:48:04,16,27.5,78.5
01:49:04,14,27.5,78.4
01:50:04,7,27.5,78.3
01:51:04,25,27.5,78.3
01:52:05,30,27.5,78.3
01:53:05,23,27.5,78.2
01:54:05,16,27.5,78.3
01:55:05,17,27.5,78.2
01:56:05,16,27.5,78.2
01:57:05,17,27.5,78.2
01:58:05,17,27.5,78.2
01:59:05,16,27.5,78.2
02:00:05,8,27.5,78.1
02:01:05,21,27.5,78.2
02:02:05,11,27.5,77.9
02:03:05,15,27.5,78.4
02:04:05,34,27.4,77.9
02:05:05,23,27.5,77.8
02:06:05,15,27.5,77.7
02:07:06,10,27.5,78.3
02:08:06,25,27.4,78.2
02:09:06,16,27.5,77.7
02:10:06,19,27.5,77.6
02:11:06,13,27.5,77.4
02:12:06,10,27.5,77.1
02:13:06,12,27.5,77.4
02:14:06,16,27.5,77.1
02:15:06,24,27.5,77.3
02:16:06,17,27.5,77.1
02:17:06,19,27.4,77.2
02:18:06,12,27.5,77.1
02:19:06,20,27.5,77.1
02:20:06,31,27.5,77.1
02:21:06,23,27.4,77.0
02:22:07,16,27.4,77.1
02:23:07,27,27.4,77.1
02:24:07,28,27.4,77.0
02:25:07,10,27.4,76.9
02:26:07,16,27.4,76.9
02:27:07,18,27.4,76.9
02:28:07,9,27.4,76.9
02:29:07,22,27.4,77.0
02:30:07,11,27.3,76.9
02:31:07,12,27.3,77.0
02:32:07,21,27.3,76.9
02:33:08,20,27.3,76.9
02:34:08,18,27.3,76.7
02:35:08,18,27.3,76.7
02:36:08,15,27.3,76.6
02:37:08,11,27.4,76.5
02:38:08,21,27.4,76.5
02:39:08,9,27.3,76.5
02:40:08,18,27.3,76.6
02:41:08,17,27.3,76.3
02:42:08,9,27.3,76.4
02:43:08,8,27.3,76.4
02:44:08,14,27.3,76.3
02:45:08,21,27.3,76.3
02:46:09,14,27.3,76.2
02:47:09,12,27.3,76.3
02:48:09,35,27.3,76.2
02:49:09,19,27.3,76.1
02:50:09,11,27.3,76.2
02:51:09,23,27.3,76.1
02:52:09,21,27.3,76.3
02:53:09,20,27.3,76.0
02:54:09,15,27.3,75.9
02:55:09,20,27.3,75.9
02:56:09,16,27.3,75.9
02:57:09,14,27.3,75.9
02:58:09,20,27.3,75.9
02:59:10,19,27.3,76.1
03:00:10,7,27.3,75.9
03:01:10,18,27.3,76.0
03:02:10,17,27.3,75.8
03:03:10,26,27.3,75.9
03:04:10,16,27.3,75.8
03:05:10,12,27.3,75.8
03:06:10,21,27.3,75.7
03:07:10,29,27.3,75.7
03:08:10,11,27.2,75.8
03:09:10,17,27.2,75.8
03:10:11,18,27.2,75.9
03:11:10,13,27.2,75.8
03:12:11,19,27.2,75.7
03:13:11,11,27.2,75.8
03:14:11,18,27.2,75.7
03:15:11,15,27.2,75.7
03:16:11,14,27.2,75.6
03:17:11,18,27.2,75.6
03:18:11,12,27.2,75.5
03:19:11,15,27.2,75.6
03:20:11,15,27.2,75.6
03:21:11,20,27.1,75.7
03:22:11,14,27.1,75.7
03:23:11,21,27.1,75.8
03:24:11,11,27.1,75.6
03:25:12,18,27.2,75.6
03:26:12,6,27.2,75.4
03:27:12,13,27.2,75.3
03:28:12,23,27.1,75.6
03:29:12,17,27.1,75.5
03:30:12,14,27.1,75.5
03:31:12,18,27.1,75.5
03:32:12,19,27.1,75.5
03:33:12,16,27.1,75.4
03:34:12,15,27.1,75.4
03:35:12,20,27.1,75.4
03:36:12,19,27.0,75.4
03:37:12,12,27.0,75.4
03:38:12,20,27.0,75.5
03:39:13,30,27.0,75.5
03:40:13,19,27.0,75.4
03:41:13,27,27.0,75.2
03:42:13,10,27.0,75.4
03:43:13,19,27.0,75.4
03:44:13,14,27.0,75.3
03:45:13,7,26.9,75.5
03:46:13,22,26.9,75.6
03:47:13,20,27.0,75.4
03:48:13,19,27.0,75.4
03:49:13,10,27.0,75.2
03:50:13,15,27.0,75.0
03:51:14,18,27.1,74.9
03:52:14,21,27.0,75.0
03:53:14,12,27.0,75.1
03:54:14,13,26.9,75.4
03:55:14,16,27.0,75.2
03:56:14,23,27.0,75.2
03:57:14,10,27.0,75.3
03:58:14,13,27.0,75.1
03:59:14,18,27.0,75.0
04:00:14,11,27.0,75.1
04:01:14,13,27.0,75.0
04:02:14,14,27.0,75.0
04:03:14,17,27.0,75.0
04:04:14,15,27.0,75.1
04:05:14,19,26.9,75.2
04:06:14,14,26.9,75.7
04:07:15,12,26.9,75.5
04:08:15,11,26.9,75.3
04:09:15,9,26.9,75.3
04:10:15,12,26.9,75.1
04:11:15,27,26.9,75.1
04:12:15,22,26.9,75.0
04:13:15,21,26.9,75.1
04:14:15,21,26.9,75.2
04:15:15,10,26.9,75.0
04:16:15,10,27.0,74.9
04:17:15,21,27.0,74.9
04:18:15,14,27.0,74.8
04:19:15,32,27.0,74.8
04:20:15,12,27.0,74.9
04:21:16,19,27.0,74.8
04:22:16,16,27.0,74.8
04:23:16,21,27.0,74.6
04:24:16,15,27.0,74.7
04:25:16,13,27.1,74.6
04:26:16,29,27.0,74.8
04:27:16,21,27.0,74.7
04:28:16,15,27.0,74.6
04:29:16,16,27.0,74.7
04:30:16,23,27.0,74.8
04:31:16,22,27.0,74.8
04:32:16,24,27.0,74.8
04:33:16,17,27.0,74.8
04:34:16,14,27.0,74.8
04:35:16,17,27.0,74.7
04:36:17,9,27.0,74.7
04:37:17,23,27.0,74.7
04:38:17,11,27.0,74.7
04:39:17,12,27.0,74.7
04:40:17,15,27.0,74.6
04:41:17,25,27.0,74.6
04:42:17,15,27.0,74.6
04:43:17,19,27.0,74.7
04:44:17,16,26.9,74.8
04:45:17,22,26.9,74.7
04:46:17,19,26.9,74.7
04:47:17,16,26.9,74.6
04:48:17,20,26.9,74.7
04:49:17,17,26.9,74.8
04:50:17,11,27.0,75.0
04:51:17,17,27.0,74.7
04:52:17,13,27.0,74.8
04:53:18,23,26.9,74.8
04:54:18,20,26.9,74.8
04:55:18,26,26.9,74.9
04:56:18,15,26.9,74.8
04:57:18,21,26.9,74.8
04:58:18,12,27.0,74.7
04:59:18,22,26.9,74.8
05:00:18,24,26.9,74.8
05:01:18,21,26.9,74.9
05:02:18,8,26.9,74.8
05:03:18,19,26.9,74.9
05:04:18,21,26.8,74.9
05:05:18,17,26.8,75.1
05:06:18,23,26.9,74.8
05:07:18,20,26.8,74.9
05:08:18,23,26.9,75.0
05:09:18,12,26.9,74.8
05:10:18,16,26.8,74.9
05:11:18,15,26.9,74.9
05:12:19,15,26.8,75.6
05:13:19,21,26.6,76.0
05:14:19,9,26.7,76.1
05:15:19,19,26.6,76.2
05:16:19,21,26.6,76.3
05:17:19,19,26.6,76.1
05:18:19,21,26.6,76.1
05:19:19,13,26.5,76.2
05:20:19,16,26.5,76.9
05:21:19,11,26.6,76.9
05:22:19,6,26.6,76.7
05:23:19,21,26.6,76.9
05:24:19,14,26.6,77.0
05:25:19,27,26.6,77.0
05:26:19,12,26.6,77.2
05:27:19,15,26.6,77.3
05:28:19,9,26.6,77.3
05:29:20,23,26.6,77.3
05:30:20,13,26.5,76.9
05:31:20,23,26.5,77.2
05:32:20,18,26.5,76.9
05:33:20,17,26.5,76.5
05:34:20,12,26.4,76.9
05:35:20,13,26.4,77.2
05:36:20,10,26.4,77.2
05:37:20,14,26.5,77.4
05:38:20,19,26.6,77.2
05:39:20,15,26.6,77.1
05:40:20,17,26.7,77.0
05:41:20,24,26.7,77.1
05:42:20,20,26.7,77.0
05:43:21,15,26.8,76.9
05:44:21,18,26.6,76.4
05:45:21,20,25.7,77.9
05:46:21,24,25.0,80.2
05:47:21,30,24.4,82.7
05:48:21,13,24.4,83.0
05:49:21,15,24.5,83.1
05:50:21,20,24.4,83.6
05:51:21,13,24.4,83.6
05:52:21,11,24.5,83.6
05:53:21,25,24.4,83.8
05:54:21,11,24.4,83.5
05:55:21,14,24.3,83.9
05:56:21,21,24.2,84.3
05:57:21,22,24.0,85.1
05:58:21,19,24.0,85.6
05:59:22,14,24.0,85.8
06:00:22,23,24.0,85.8
06:01:22,22,24.1,85.8
06:02:22,19,24.3,85.5
06:03:22,19,24.3,85.4
06:04:22,18,24.5,85.2
06:05:22,8,24.6,85.0
06:06:22,14,24.6,84.7
06:07:22,13,24.6,84.8
06:08:22,13,24.5,85.4
06:09:22,10,24.2,86.3
06:10:22,19,24.1,86.9
06:11:22,11,24.2,87.0
06:12:22,21,24.3,86.3
06:13:22,15,24.4,86.5
06:14:22,7,24.4,86.6
06:15:22,11,24.5,87.0
06:16:22,21,24.3,86.9
06:17:22,17,24.1,87.3
06:18:22,19,23.9,88.4
06:19:23,13,23.8,89.0
06:20:23,17,23.8,89.5
06:21:23,15,23.9,89.5
06:22:23,13,24.1,89.1
06:23:23,18,24.3,88.8
06:24:23,16,24.4,87.8
06:25:23,18,24.5,87.4
06:26:23,23,24.5,87.2
06:27:23,15,24.5,87.5
06:28:23,24,24.6,87.6
06:29:23,19,24.7,87.6
06:30:23,23,24.7,86.5
06:31:23,8,24.7,86.2
06:32:23,12,24.7,85.8
06:33:23,15,24.8,86.0
06:34:23,23,24.8,86.1
06:35:23,17,24.8,86.2
06:36:23,12,24.8,86.4
06:37:23,10,24.8,86.7
06:38:23,31,24.8,87.0
06:39:23,24,24.9,86.6
06:40:23,23,24.9,87.0
06:41:24,20,24.8,87.6
06:42:24,13,24.8,87.8
06:43:24,17,24.8,87.7
06:44:24,27,24.9,87.5
06:45:24,35,24.9,88.0
06:46:24,11,24.9,88.0
06:47:24,26,24.9,88.2
06:48:24,17,24.9,88.3
06:49:24,16,25.0,87.9
06:50:24,22,25.1,87.9
06:51:24,23,25.0,88.1
06:52:24,20,25.1,87.7
06:53:24,17,25.1,87.2
06:54:24,19,25.3,86.5
06:55:24,22,25.4,86.1
06:56:24,15,25.4,86.4
06:57:25,16,25.5,86.3
06:58:25,5,25.5,87.0
06:59:25,19,25.4,86.9
