07:00:02,24,27.1,80.4
07:01:02,18,27.1,80.4
07:02:02,14,27.1,80.5
07:03:02,20,27.1,80.7
07:04:02,31,27.0,80.8
07:05:02,18,27.0,80.9
07:06:02,15,27.0,81.0
07:07:02,21,27.0,81.0
07:08:02,15,27.0,81.0
07:09:02,18,27.0,80.8
07:10:02,17,27.0,80.9
07:11:02,10,27.1,80.7
07:12:02,16,27.1,80.7
07:13:02,33,27.1,80.8
07:14:02,24,27.1,80.8
07:15:02,22,27.1,80.8
07:16:02,10,27.1,80.8
07:17:02,11,27.1,80.8
07:18:02,23,27.0,80.9
07:19:02,16,27.0,81.0
07:20:02,18,27.1,80.9
07:21:02,25,27.0,81.1
07:22:03,20,27.0,81.0
07:23:03,15,27.0,81.0
07:24:03,21,27.0,80.9
07:25:03,20,27.0,80.9
07:26:03,23,27.0,80.8
07:27:03,20,27.0,80.8
07:28:03,13,27.0,80.8
07:29:03,22,27.1,80.8
07:30:03,15,27.1,80.7
07:31:03,14,27.1,80.8
07:32:04,12,27.0,80.8
07:33:04,21,27.1,80.8
07:34:04,18,27.1,80.7
07:35:04,17,27.1,80.8
07:36:04,18,27.1,80.8
07:37:04,13,27.0,81.0
07:38:04,7,26.9,81.2
07:39:04,12,27.0,81.1
07:40:04,18,27.0,80.9
07:41:05,25,27.0,81.0
07:42:05,11,27.1,80.8
07:43:05,18,27.1,80.6
07:44:05,17,27.2,80.5
07:45:05,22,27.2,80.2
07:46:05,16,27.2,80.2
07:47:05,16,27.2,80.1
07:48:05,13,27.2,80.2
07:49:05,23,27.3,80.2
07:50:05,15,27.3,80.1
07:51:06,25,27.3,80.0
07:52:06,15,27.3,80.0
07:53:06,14,27.3,79.9
07:54:06,9,27.3,79.9
07:55:06,18,27.3,80.0
07:56:06,14,27.2,80.2
07:57:06,16,27.3,80.1
07:58:06,14,27.3,80.1
07:59:06,12,27.3,80.1
08:00:06,26,27.2,80.3
08:01:07,12,27.3,80.1
08:02:07,13,27.3,80.1
08:03:07,17,27.3,80.1
08:04:07,15,27.3,80.1
08:05:07,28,27.3,80.1
08:06:07,6,27.3,80.1
08:07:07,17,27.4,79.9
08:08:07,18,27.4,79.8
08:09:07,14,27.4,79.9
08:10:07,19,27.3,80.1
08:11:07,10,27.3,80.2
08:12:08,11,27.3,80.3
08:13:08,17,27.3,80.5
08:14:08,17,27.3,80.5
08:15:08,15,27.3,80.5
08:16:08,17,27.3,80.4
08:17:08,18,27.3,80.4
08:18:08,18,27.4,80.3
08:19:08,19,27.4,80.1
08:20:08,13,27.4,80.2
08:21:08,17,27.4,80.1
08:22:08,16,27.4,80.1
08:23:08,26,27.4,80.1
08:24:08,18,27.5,80.1
08:25:08,27,27.5,80.0
08:26:09,19,27.4,80.1
08:27:09,15,27.5,80.1
08:28:09,20,27.5,80.2
08:29:09,21,27.4,80.2
08:30:09,23,27.4,80.2
08:31:09,18,27.5,80.2
08:32:09,25,27.5,80.1
08:33:09,27,27.5,80.1
08:34:09,21,27.5,80.2
08:35:09,12,27.5,80.2
08:36:09,26,27.5,80.2
08:37:09,18,27.5,79.9
08:38:09,14,27.6,79.9
08:39:09,15,27.5,79.9
08:40:09,22,27.5,80.1
08:41:09,10,27.5,80.1
08:42:09,8,27.5,80.1
08:43:09,20,27.5,80.1
08:44:09,13,27.5,80.0
08:45:09,32,27.6,80.0
08:46:09,6,27.5,80.1
08:47:09,19,27.5,80.1
08:48:09,12,27.5,80.1
08:49:10,9,27.5,80.1
08:50:10,20,27.5,80.1
08:51:10,14,27.5,80.2
08:52:10,17,27.5,80.1
08:53:10,12,27.6,80.1
08:54:10,9,27.6,80.1
08:55:10,10,27.6,80.0
08:56:10,18,27.6,80.1
08:57:10,19,27.5,80.4
08:58:10,8,27.5,80.3
08:59:10,21,27.5,80.3
09:00:10,22,27.5,80.3
09:01:10,8,27.6,80.2
09:02:10,23,27.5,80.3
09:03:10,18,27.5,80.4
09:04:10,23,27.5,80.4
09:05:10,13,27.5,80.2
09:06:11,24,27.5,80.3
09:07:11,22,27.5,80.1
09:08:11,17,27.5,79.8
09:09:11,31,27.5,79.7
09:10:11,13,27.6,79.4
09:11:11,27,27.6,79.5
09:12:11,14,27.6,79.6
09:13:11,14,27.6,79.5
09:14:11,28,27.6,79.8
09:15:11,17,27.7,79.6
09:16:11,29,27.7,79.4
09:17:11,20,27.6,79.2
09:18:11,24,27.6,79.1
09:19:11,27,27.6,79.1
09:20:11,27,27.6,79.3
09:21:11,21,27.6,79.6
09:22:11,21,27.6,79.4
09:23:12,23,27.7,79.5
09:24:12,17,27.7,79.5
09:25:12,12,27.7,79.5
09:26:12,18,27.7,79.7
09:27:12,30,27.7,79.7
09:28:12,22,27.8,79.7
09:29:12,27,27.8,79.7
09:30:12,22,27.8,79.7
09:31:12,12,27.8,79.8
09:32:12,26,27.8,79.9
09:33:12,19,27.8,79.8
09:34:12,29,27.8,80.0
09:35:12,30,27.8,80.0
09:36:12,28,27.8,79.9
09:37:12,31,27.8,79.9
09:38:12,21,27.9,79.8
09:39:12,16,27.9,79.9
09:40:13,16,28.0,79.9
09:41:13,26,28.0,79.6
09:42:13,21,27.9,79.6
09:43:13,21,27.9,79.8
09:44:13,23,27.9,79.9
09:45:13,15,27.9,79.9
09:46:13,19,27.9,79.9
09:47:13,18,27.9,80.0
09:48:13,20,27.9,80.2
09:49:13,21,27.9,80.3
09:50:13,18,27.9,80.3
09:51:13,24,27.9,80.2
09:52:13,23,27.9,79.9
09:53:13,25,27.9,79.9
09:54:13,21,28.0,79.9
09:55:13,13,28.0,79.8
09:56:13,27,28.0,79.7
09:57:14,25,28.0,79.8
09:58:14,17,28.0,79.9
09:59:14,25,28.1,79.8
10:00:14,23,28.1,79.8
10:01:14,20,28.1,79.9
10:02:14,22,28.1,79.8
10:03:14,19,28.1,79.9
10:04:14,19,28.0,79.0
10:05:14,29,28.0,78.7
10:06:14,33,28.1,79.0
10:07:14,25,28.1,79.2
10:08:14,22,28.1,78.8
10:09:14,9,28.1,79.0
10:10:14,26,28.2,78.6
10:11:14,22,28.4,77.8
10:12:14,23,28.3,77.7
10:13:14,17,28.3,78.0
10:14:14,28,28.3,78.4
10:15:14,23,28.4,78.6
10:16:14,22,28.4,78.8
10:17:15,22,28.4,79.0
10:18:15,36,28.3,78.9
10:19:15,18,28.4,78.8
10:20:15,28,28.4,78.2
10:21:15,22,28.5,78.2
10:22:15,28,28.5,77.5
10:23:15,23,28.6,78.2
10:24:15,20,28.7,78.4
10:25:15,28,28.7,77.0
10:26:15,23,28.7,76.4
10:27:15,23,28.7,77.1
10:28:16,13,28.8,76.6
10:29:16,19,28.8,77.0
10:30:16,16,28.9,77.3
10:31:16,22,28.9,77.0
10:32:16,22,29.0,74.1
10:33:16,22,29.1,74.2
10:34:16,20,29.0,74.3
10:35:16,24,29.0,75.3
10:36:16,20,29.0,75.2
10:37:16,23,29.1,74.7
10:38:16,18,29.1,74.0
10:39:16,24,29.0,74.2
10:40:16,20,29.1,74.2
10:41:17,18,29.2,73.6
10:42:17,15,29.1,74.1
10:43:17,19,29.0,74.2
10:44:17,39,28.9,74.4
10:45:17,23,28.9,74.8
10:46:17,21,29.0,74.8
10:47:17,39,29.0,74.7
10:48:17,29,29.1,74.7
10:49:17,23,29.0,74.6
10:50:17,23,29.0,74.7
10:51:17,19,29.0,75.0
10:52:17,24,29.0,75.1
10:53:17,25,29.0,75.3
10:54:17,24,29.0,75.5
10:55:18,21,29.0,75.6
10:56:18,22,29.0,75.6
10:57:18,19,29.0,75.8
10:58:18,26,29.0,76.2
10:59:18,23,28.9,76.1
11:00:18,21,28.8,76.3
11:01:18,30,28.9,76.2
11:02:18,32,28.8,75.9
11:03:18,17,28.9,75.5
11:04:18,18,28.8,75.5
11:05:18,19,28.9,75.7
11:06:18,14,28.9,74.8
11:07:18,17,28.8,74.8
11:08:19,26,28.7,74.9
11:09:19,15,28.6,75.3
11:10:19,8,28.6,75.1
11:11:19,11,28.7,74.7
11:12:19,19,28.7,74.7
11:13:19,14,28.7,74.8
11:14:19,17,28.7,74.1
11:15:19,21,28.7,74.2
11:16:19,22,28.7,74.6
11:17:19,14,28.7,74.0
11:18:19,13,28.7,74.3
11:19:19,19,28.6,74.7
11:20:19,25,28.6,74.7
11:21:19,24,28.6,74.7
11:22:19,15,28.6,75.0
11:23:20,24,28.6,75.6
11:24:20,11,28.7,75.0
11:25:20,21,28.7,75.1
11:26:20,17,28.7,75.3
11:27:20,27,28.7,75.3
11:28:20,22,28.6,76.4
11:29:20,22,28.7,76.1
11:30:20,19,28.7,76.1
11:31:20,20,28.8,76.7
11:32:20,20,28.9,76.0
11:33:20,30,28.9,76.4
11:34:20,19,29.0,76.1
11:35:20,13,29.1,75.6
11:36:20,36,29.0,75.9
11:37:20,18,28.9,76.9
11:38:21,16,29.0,76.6
11:39:21,19,29.1,76.2
11:40:21,16,29.1,76.0
11:41:21,23,29.1,76.1
11:42:21,25,29.0,75.5
11:43:21,17,29.0,74.8
11:44:21,11,29.0,74.5
11:45:21,17,29.1,75.0
11:46:21,22,29.0,75.2
11:47:21,21,29.0,75.0
11:48:21,17,29.0,74.3
11:49:21,25,29.0,74.4
11:50:21,19,29.1,74.5
11:51:21,20,29.2,74.1
11:52:21,27,29.1,74.4
11:53:21,20,29.2,74.7
11:54:21,14,29.1,75.2
11:55:21,12,29.1,75.3
11:56:21,25,29.2,75.1
11:57:22,13,29.3,75.0
11:58:22,38,29.3,74.7
11:59:22,14,29.4,74.7
12:00:22,20,29.3,74.7
12:01:22,21,29.3,74.6
12:02:22,26,29.3,74.2
12:03:22,28,29.3,73.7
12:04:22,22,29.2,73.9
12:05:22,16,29.2,75.1
12:06:22,16,29.2,75.0
12:07:22,21,29.1,74.8
12:08:22,29,29.2,74.8
12:09:22,18,29.1,75.2
12:10:22,17,29.2,74.7
12:11:22,19,29.1,74.8
12:12:22,19,29.3,73.8
12:13:22,19,29.3,73.1
12:14:22,15,29.3,73.1
12:15:22,17,29.3,72.8
12:16:23,19,29.2,72.7
12:17:23,27,29.1,73.1
12:18:23,31,29.2,73.3
12:19:23,27,29.1,73.5
12:20:23,25,29.0,73.5
12:21:23,18,29.1,73.5
12:22:23,29,29.2,72.8
12:23:23,15,29.2,72.3
12:24:23,22,29.2,73.5
12:25:23,23,29.2,73.1
12:26:23,21,29.2,71.9
12:27:23,21,29.2,71.8
12:28:24,25,29.2,72.7
12:29:24,13,29.2,72.2
12:30:24,13,29.2,72.1
12:31:24,19,29.1,72.2
12:32:24,21,29.1,72.3
12:33:24,14,29.1,72.1
12:34:24,27,29.1,71.6
12:35:24,16,29.1,72.0
12:36:24,18,29.1,72.4
12:37:24,16,29.1,72.6
12:38:24,26,29.1,72.1
12:39:24,20,29.1,72.0
12:40:24,23,29.0,72.3
12:41:24,15,29.0,71.5
12:42:24,21,29.0,72.0
12:43:24,26,28.9,72.8
12:44:24,22,28.9,72.7
12:45:24,15,28.9,72.8
12:46:24,18,29.0,72.6
12:47:24,21,29.0,72.5
12:48:24,20,29.0,72.5
12:49:25,27,29.0,72.5
12:50:25,17,29.0,73.2
12:51:25,26,28.9,74.0
12:52:25,13,29.0,73.5
12:53:25,12,29.0,73.6
12:54:25,18,29.0,74.2
12:55:25,10,29.0,74.2
12:56:25,18,29.0,74.2
12:57:25,25,29.0,74.7
12:58:25,10,29.0,74.7
12:59:25,20,29.0,75.4
13:00:25,16,29.0,75.4
13:01:25,12,29.0,75.2
13:02:25,13,28.9,75.5
13:03:25,15,28.8,75.5
13:04:25,18,28.8,75.1
13:05:25,17,28.8,75.5
13:06:26,14,28.8,74.8
13:07:26,20,28.8,74.7
13:08:26,16,28.8,75.0
13:09:26,18,28.8,75.8
13:10:26,16,28.7,74.9
13:11:26,26,28.5,74.9
13:12:26,12,28.4,75.9
13:13:26,18,28.3,76.2
13:14:26,18,28.2,76.7
13:15:26,19,28.2,76.0
13:16:26,17,28.1,76.2
13:17:26,18,28.1,76.8
13:18:26,10,28.1,77.2
13:19:26,12,28.0,78.2
13:20:26,19,28.0,78.1
13:21:27,19,28.0,78.1
13:22:27,13,27.9,78.5
13:23:27,12,27.9,79.0
13:24:27,19,27.7,78.6
13:25:27,20,27.6,79.2
13:26:27,25,27.4,80.3
13:27:27,17,27.2,80.7
13:28:27,14,27.2,81.5
13:29:27,28,27.2,80.5
13:30:27,12,27.2,81.2
13:31:27,11,27.2,81.5
13:32:27,20,27.1,81.1
13:33:27,27,27.0,81.2
13:34:27,12,26.7,81.4
13:35:28,14,26.7,81.9
13:36:28,14,26.7,82.5
13:37:28,16,26.8,83.1
13:38:28,11,26.9,83.2
13:39:28,12,26.7,83.6
13:40:28,22,26.7,84.3
13:41:28,21,26.8,84.3
13:42:28,17,26.8,84.1
13:43:28,19,26.8,84.1
13:44:28,16,26.9,83.9
13:45:28,12,26.5,84.8
13:46:28,27,26.5,84.8
13:47:28,16,26.7,84.6
13:48:28,19,26.5,84.5
13:49:28,19,26.4,84.8
13:50:28,20,26.3,84.1
13:51:28,7,26.4,84.7
13:52:28,14,26.6,84.4
13:53:28,11,26.7,83.9
13:54:29,19,26.7,84.1
13:55:29,13,26.7,84.4
13:56:29,18,26.6,84.6
13:57:29,15,26.6,84.7
13:58:29,25,26.5,84.9
13:59:29,14,26.4,84.6
14:00:29,14,26.5,84.7
14:01:29,17,26.5,85.0
14:02:29,11,26.3,85.1
14:03:29,22,26.2,85.7
14:04:29,13,26.3,85.0
14:05:29,13,26.1,86.3
14:06:29,19,26.2,86.3
14:07:30,18,26.0,87.1
14:08:30,11,26.0,87.7
14:09:30,16,25.9,87.4
14:10:30,28,26.0,86.3
14:11:30,5,26.1,86.2
14:12:30,18,26.2,86.0
14:13:30,22,26.3,85.1
14:14:30,24,26.4,84.2
14:15:30,20,26.3,84.5
14:16:30,15,26.1,85.3
14:17:30,14,25.9,85.9
14:18:30,17,25.9,86.1
14:19:30,16,25.9,87.1
14:20:30,21,25.9,87.0
14:21:30,22,25.9,87.6
14:22:31,11,25.8,86.4
14:23:31,22,25.8,86.7
14:24:31,22,25.8,86.9
14:25:31,18,25.8,87.2
14:26:31,24,26.0,86.8
14:27:31,25,26.2,85.9
14:28:31,8,26.2,85.9
14:29:31,19,26.2,85.9
14:30:31,12,26.2,86.2
14:31:31,15,26.3,85.6
14:32:31,18,26.3,85.7
14:33:31,21,26.3,86.5
14:34:31,22,26.2,86.3
14:35:31,16,26.2,86.7
14:36:31,8,26.2,87.2
14:37:31,23,26.1,87.0
14:38:31,18,26.0,87.3
14:39:31,12,25.9,87.5
14:40:31,17,25.9,87.5
14:41:31,18,25.9,87.8
14:42:31,16,25.9,87.9
14:43:32,22,25.8,87.3
14:44:32,11,25.8,87.5
14:45:32,15,25.7,87.1
14:46:32,19,25.7,87.8
14:47:32,15,25.7,87.4
14:48:32,14,25.8,87.1
14:49:32,24,25.8,86.7
14:50:32,21,25.9,86.3
14:51:32,20,25.9,86.6
14:52:32,18,25.8,87.4
14:53:32,23,25.8,87.6
14:54:32,15,25.7,87.8
14:55:32,10,25.7,87.9
14:56:32,16,25.7,87.5
14:57:32,17,25.8,87.4
14:58:33,18,25.8,88.1
14:59:33,14,25.7,88.6
15:00:33,12,25.6,88.7
15:01:33,14,25.7,88.4
15:02:33,22,25.8,88.3
15:03:33,13,25.9,88.0
15:04:33,18,26.0,87.4
15:05:33,18,26.0,87.4
15:06:33,20,26.0,87.5
15:07:33,18,25.8,88.1
15:08:33,11,25.9,87.9
15:09:34,19,25.9,87.8
15:10:34,22,25.9,87.9
15:11:34,23,26.0,88.0
15:12:34,17,26.1,87.7
15:13:34,10,25.9,88.1
15:14:34,25,25.9,88.1
15:15:34,13,25.8,88.6
15:16:34,25,25.9,88.0
15:17:34,20,26.0,87.1
15:18:34,17,25.9,87.6
15:19:34,22,26.0,88.3
15:20:34,15,25.9,88.5
15:21:34,17,26.0,88.5
15:22:34,21,26.1,89.0
15:23:35,16,26.1,88.4
15:24:35,21,26.3,87.7
15:25:35,15,26.5,86.9
15:26:35,19,26.5,86.8
15:27:35,31,26.5,86.6
15:28:35,18,26.6,86.2
15:29:35,14,26.7,85.9
15:30:35,21,26.7,85.6
15:31:35,29,26.7,85.7
15:32:35,22,26.7,85.6
15:33:35,20,26.7,85.6
15:34:35,14,26.7,85.8
15:35:35,17,26.8,85.4
15:36:35,22,26.9,85.2
15:37:35,11,27.0,84.9
15:38:35,17,27.0,84.8
15:39:35,16,27.1,84.6
15:40:35,21,27.2,84.2
15:41:35,20,27.2,84.2
15:42:35,12,27.1,84.5
15:43:35,15,27.0,84.7
15:44:35,14,27.1,84.5
15:45:36,19,27.0,84.7
15:46:36,13,27.1,84.6
15:47:36,19,27.2,84.5
15:48:36,22,27.1,84.6
15:49:36,21,27.2,84.3
15:50:36,22,27.2,84.3
15:51:36,9,27.1,84.5
15:52:36,12,27.2,84.1
15:53:36,13,27.3,83.8
15:54:36,15,27.2,84.0
15:55:36,18,27.2,84.1
15:56:36,23,27.1,84.3
15:57:36,17,27.1,84.3
15:58:36,21,27.1,84.3
15:59:36,22,27.2,84.3
16:00:36,10,27.2,84.2
16:01:36,12,27.2,84.1
16:02:36,21,27.2,84.2
16:03:37,16,27.2,84.0
16:04:37,17,27.1,84.3
16:05:37,16,27.1,84.5
16:06:37,15,27.1,84.5
16:07:37,28,27.2,83.9
16:08:37,21,27.0,83.9
16:09:37,10,27.0,83.6
16:10:37,15,26.9,83.9
16:11:37,12,26.9,84.0
16:12:37,22,26.9,83.9
16:13:37,22,27.1,83.4
16:14:37,22,27.2,83.3
16:15:37,26,27.2,83.3
16:16:37,15,27.2,83.1
16:17:37,24,27.1,83.2
16:18:37,17,27.0,83.6
16:19:37,21,27.1,83.6
16:20:37,23,27.2,83.3
16:21:37,15,27.3,83.1
16:22:37,21,27.3,83.0
16:23:37,23,27.2,83.4
16:24:38,18,27.2,83.7
16:25:38,16,27.1,84.1
16:26:38,20,27.1,84.2
16:27:38,12,27.1,84.3
16:28:38,15,27.0,84.4
16:29:38,21,26.9,84.8
16:30:38,16,26.9,84.7
16:31:38,21,26.9,85.0
16:32:38,20,26.8,85.2
16:33:38,16,26.9,85.0
16:34:38,19,26.8,84.9
16:35:38,28,26.7,85.4
16:36:38,24,26.7,85.4
16:37:38,17,26.6,85.5
16:38:38,25,26.7,85.4
16:39:38,17,26.6,85.4
16:40:38,23,26.6,85.5
16:41:38,17,26.6,85.5
16:42:39,16,26.6,85.4
16:43:39,20,26.6,85.3
16:44:39,16,26.6,85.3
16:45:39,23,26.6,85.2
16:46:39,25,26.6,85.3
16:47:39,14,26.6,85.3
16:48:39,17,26.5,85.2
16:49:39,16,26.5,85.1
16:50:39,13,26.5,85.3
16:51:39,27,26.5,85.2
16:52:39,14,26.5,85.3
16:53:39,15,26.5,85.4
16:54:39,16,26.5,85.1
16:55:39,25,26.6,85.0
16:56:39,11,26.6,84.9
16:57:39,13,26.6,85.2
16:58:39,23,26.6,85.3
16:59:39,10,26.7,85.1
17:00:40,12,26.9,84.8
17:01:40,26,27.0,84.3
17:02:40,18,27.0,84.3
17:03:40,19,26.6,85.5
17:04:40,13,26.3,86.8
17:05:40,18,26.3,84.6
17:06:40,27,26.3,84.0
17:07:40,12,26.3,84.7
17:08:40,18,26.3,84.8
17:09:40,20,26.3,85.2
17:10:40,22,26.2,85.9
17:11:40,12,26.1,86.5
17:12:40,17,25.9,86.9
17:13:40,27,25.8,87.3
17:14:40,16,25.8,87.5
17:15:40,20,25.8,87.5
17:16:41,21,25.7,88.3
17:17:41,18,25.7,88.0
17:18:41,28,25.7,88.1
17:19:41,14,25.7,88.1
17:20:41,19,25.7,88.6
17:21:41,18,25.7,88.5
17:22:41,15,25.6,88.7
17:23:41,8,25.6,88.9
17:24:41,10,25.6,88.9
17:25:41,17,25.5,89.4
17:26:41,24,25.6,89.3
17:27:41,20,25.7,89.0
17:28:42,12,25.7,88.8
17:29:42,26,25.7,89.4
17:30:42,12,25.6,90.3
17:31:42,10,25.5,90.7
17:32:42,17,25.5,91.1
17:33:42,22,25.5,90.8
17:34:42,7,25.4,91.4
17:35:42,21,25.4,91.4
17:36:42,20,25.4,91.4
17:37:42,21,25.4,91.0
17:38:42,22,25.5,90.8
17:39:42,15,25.5,90.2
17:40:42,14,25.5,90.0
17:41:42,19,25.5,90.0
17:42:43,8,25.5,89.7
17:43:43,16,25.6,89.8
17:44:43,14,25.6,89.7
17:45:43,9,25.8,89.6
17:46:43,22,25.8,89.5
17:47:43,10,25.8,89.5
17:48:43,17,25.8,89.0
17:49:43,16,25.8,88.8
17:50:43,16,25.6,88.6
17:51:43,20,25.5,88.7
17:52:43,22,25.5,88.7
17:53:43,14,25.6,88.5
17:54:43,19,25.7,88.2
17:55:44,16,25.8,87.8
17:56:44,17,25.8,87.7
17:57:44,19,25.8,87.2
17:58:44,17,25.8,87.2
17:59:44,15,25.9,87.2
18:00:44,12,25.9,86.9
18:01:44,14,26.0,86.9
18:02:44,21,26.0,86.9
18:03:44,12,26.0,86.7
18:04:44,11,26.1,86.4
18:05:44,15,26.1,86.0
18:06:44,12,26.0,86.4
18:07:44,22,25.9,87.0
18:08:44,13,25.9,87.1
18:09:45,18,26.0,86.8
18:10:45,27,26.1,87.4
18:11:45,15,26.2,87.0
18:12:45,20,26.3,86.5
18:13:45,15,26.4,86.2
18:14:45,29,26.4,86.3
18:15:45,20,26.5,85.9
18:16:45,15,26.6,85.5
18:17:45,23,26.7,85.3
18:18:46,17,26.7,85.2
18:19:46,19,26.8,85.0
18:20:46,26,26.9,84.8
18:21:46,14,26.9,84.6
18:22:46,22,26.9,84.5
18:23:46,19,26.9,84.5
18:24:46,9,26.9,84.5
18:25:46,18,26.9,84.4
18:26:46,15,26.9,84.4
18:27:46,16,26.9,84.4
18:28:46,29,26.9,84.4
18:29:46,20,27.0,84.3
18:30:46,25,27.0,84.3
18:31:46,20,27.0,84.3
18:32:46,16,27.0,84.0
18:33:46,20,27.1,83.7
18:34:46,17,27.1,83.6
18:35:46,16,27.1,83.5
18:36:47,24,27.1,83.6
18:37:47,29,27.1,83.7
18:38:47,13,27.1,83.8
18:39:47,7,27.1,83.8
18:40:47,25,27.1,83.7
18:41:47,14,27.1,83.7
18:42:47,20,27.1,83.9
18:43:47,22,27.1,83.9
18:44:47,20,27.0,84.0
18:45:47,18,26.9,84.3
18:46:47,22,26.9,84.4
18:47:47,18,26.9,84.5
18:48:47,16,26.9,84.4
18:49:48,29,27.0,84.4
18:50:48,21,27.0,84.3
18:51:48,18,27.0,84.1
18:52:48,7,27.0,84.1
18:53:48,9,27.1,84.0
18:54:48,18,27.1,83.9
18:55:48,15,27.1,83.8
18:56:48,15,27.1,83.7
18:57:48,15,27.1,83.7
18:58:48,13,27.1,83.8
18:59:48,20,27.1,83.7
19:00:49,17,27.1,83.7
19:01:49,12,27.2,83.6
19:02:49,20,27.2,83.6
19:03:49,24,27.3,83.0
19:04:49,16,27.3,82.8
19:05:49,18,27.4,82.6
19:06:49,14,27.3,82.9
19:07:49,14,27.2,83.2
19:08:49,13,27.2,83.3
19:09:49,9,27.1,83.4
19:10:49,25,27.1,83.4
19:11:49,8,27.1,83.4
19:12:49,27,27.2,83.4
19:13:49,17,27.2,83.3
19:14:49,19,27.2,83.2
19:15:50,12,27.2,83.4
19:16:50,13,27.2,83.4
19:17:50,15,27.2,83.3
19:18:50,19,27.2,83.3
19:19:50,15,27.1,83.4
19:20:50,17,27.1,83.6
19:21:50,11,27.1,83.6
19:22:50,19,27.1,83.2
19:23:50,11,27.2,83.2
19:24:50,18,27.2,83.0
19:25:50,19,27.3,82.9
19:26:50,16,27.2,82.8
19:27:50,28,27.2,83.2
19:28:50,18,27.2,83.2
19:29:50,25,27.2,83.1
19:30:50,11,27.3,82.7
19:31:50,14,27.3,82.5
19:32:50,18,27.3,82.4
19:33:51,12,27.3,82.3
19:34:51,19,27.3,82.4
19:35:51,15,27.3,82.4
19:36:51,16,27.2,82.7
19:37:51,23,27.2,82.7
19:38:51,29,27.2,82.9
19:39:51,23,27.1,83.0
19:40:51,17,27.1,83.2
19:41:51,20,27.1,83.3
19:42:51,13,27.1,83.3
19:43:51,23,27.1,83.3
19:44:51,17,27.1,83.3
19:45:51,18,27.1,83.3
19:46:51,18,27.1,83.2
19:47:51,26,27.2,83.1
19:48:51,22,27.1,82.8
19:49:51,21,26.8,83.2
19:50:51,18,26.5,84.0
19:51:51,14,26.3,85.2
19:52:52,25,26.2,85.9
19:53:52,10,26.1,85.8
19:54:52,14,26.1,86.1
19:55:52,14,26.0,86.1
19:56:52,17,26.0,86.4
19:57:52,20,25.9,86.5
19:58:52,9,25.8,87.0
19:59:52,20,25.7,87.1
20:00:52,18,25.7,87.1
20:01:52,15,25.7,87.4
20:02:52,16,25.7,87.3
20:03:52,15,25.7,87.4
20:04:53,20,25.7,87.8
20:05:53,10,25.6,88.0
20:06:53,8,25.7,87.9
20:07:53,15,25.6,88.3
20:08:53,14,25.7,88.4
20:09:53,16,25.7,88.5
20:10:53,17,25.7,88.4
20:11:53,13,25.7,88.5
20:12:53,20,25.7,88.4
20:13:53,14,25.7,88.3
20:14:53,17,25.7,88.3
20:15:53,19,25.7,88.5
20:16:53,16,25.7,88.5
20:17:53,13,25.8,88.3
20:18:53,21,25.8,88.2
20:19:54,14,25.8,87.7
20:20:54,14,25.8,88.0
20:21:54,18,25.7,88.0
20:22:54,17,25.7,87.8
20:23:54,16,25.7,88.0
20:24:54,26,25.6,88.5
20:25:54,14,25.6,88.6
20:26:54,19,25.6,88.5
20:27:54,11,25.7,88.5
20:28:54,20,25.7,88.6
20:29:54,21,25.7,88.6
20:30:54,18,25.6,88.7
20:31:55,20,25.6,88.8
20:32:55,21,25.6,89.0
20:33:55,20,25.6,89.4
20:34:55,23,25.6,89.5
20:35:55,26,25.6,89.4
20:36:55,9,25.7,89.1
20:37:55,22,25.7,88.8
20:38:55,17,25.7,88.6
20:39:55,17,25.7,88.7
20:40:55,10,25.7,88.5
20:41:55,21,25.6,88.7
20:42:55,19,25.7,88.4
20:43:55,18,25.7,88.4
20:44:56,23,25.7,88.6
20:45:56,28,25.7,88.4
20:46:56,11,25.7,88.3
20:47:56,13,25.7,88.7
20:48:56,14,25.6,88.9
20:49:56,23,25.6,88.9
20:50:56,12,25.6,88.7
20:51:56,17,25.6,88.9
20:52:56,15,25.6,88.7
20:53:56,16,25.5,88.8
20:54:56,15,25.5,88.9
20:55:56,24,25.5,89.0
20:56:56,26,25.5,89.1
20:57:56,7,25.5,89.3
20:58:56,11,25.5,89.7
20:59:56,20,25.5,89.5
21:00:56,20,25.5,89.3
21:01:57,20,25.5,89.3
21:02:57,16,25.5,89.3
21:03:57,14,25.5,89.5
21:04:57,20,25.5,89.4
21:05:57,12,25.5,89.3
21:06:57,10,25.5,89.5
21:07:57,17,25.4,90.0
21:08:57,19,25.6,89.4
21:09:57,26,25.7,89.3
21:10:57,28,25.9,88.7
21:11:58,15,25.9,88.4
21:12:58,11,25.9,88.5
21:13:58,9,25.9,88.4
21:14:58,16,25.9,88.5
21:15:58,19,26.0,88.4
21:16:58,16,26.2,87.7
21:17:58,18,26.3,87.3
21:18:58,18,26.3,87.3
21:19:58,16,26.3,87.3
21:20:58,25,26.5,86.7
21:21:58,14,26.5,86.4
21:22:58,13,26.5,86.3
21:23:58,14,26.5,86.4
21:24:58,21,26.5,86.3
21:25:58,12,26.5,86.3
21:26:58,15,26.4,86.6
21:27:58,18,26.4,86.7
21:28:58,27,26.4,86.6
21:29:58,22,26.4,86.6
21:30:58,23,26.3,86.7
21:31:58,15,26.3,86.8
21:32:58,16,26.4,86.7
21:33:59,18,26.4,86.7
21:34:59,11,26.5,86.4
21:35:59,20,26.4,86.5
21:36:59,14,26.5,86.6
21:37:59,16,26.5,86.4
21:38:59,20,26.5,86.4
21:39:59,11,26.6,86.3
21:40:59,16,26.6,86.3
21:41:59,17,26.5,86.4
21:42:59,13,26.6,86.3
21:43:59,18,26.5,86.3
21:44:59,18,26.5,86.5
21:45:59,20,26.5,86.5
21:47:00,25,26.5,86.4
21:48:00,23,26.6,86.1
21:49:00,17,26.6,86.4
21:50:00,26,26.7,86.0
21:51:00,20,26.8,85.6
21:52:00,19,26.7,85.7
21:53:00,17,26.6,86.0
21:54:00,19,26.5,86.5
21:55:00,31,26.6,86.0
21:56:00,19,26.5,85.8
21:57:00,19,26.5,86.2
21:58:00,25,26.4,86.4
21:59:00,10,26.5,86.2
22:00:00,29,26.4,86.4
22:01:01,24,26.4,86.3
22:02:01,13,26.4,86.1
22:03:01,15,26.4,86.1
22:04:01,18,26.4,86.2
22:05:01,22,26.3,86.3
22:06:01,14,26.3,86.4
22:07:01,21,26.4,86.3
22:08:01,14,26.4,86.4
22:09:01,16,26.4,86.4
22:10:01,20,26.5,86.1
22:11:01,20,26.5,86.0
22:12:01,15,26.6,85.7
22:13:01,11,26.7,85.4
22:14:01,15,26.7,85.2
22:15:01,15,26.9,84.7
22:16:01,15,26.8,84.5
22:17:01,14,26.8,84.8
22:18:01,15,26.8,84.4
22:19:01,11,26.9,84.2
22:20:02,27,26.9,84.6
22:21:02,20,26.7,83.5
22:22:02,29,26.6,84.6
22:23:02,10,26.6,85.1
22:24:02,17,26.8,84.7
22:25:02,12,26.8,84.6
22:26:02,25,26.8,84.5
22:27:02,12,26.7,84.4
22:28:02,29,26.6,84.8
22:29:02,18,26.6,85.0
22:30:02,11,26.7,84.8
22:31:02,19,26.8,84.4
22:32:03,20,26.9,84.1
22:33:03,13,26.9,83.8
22:34:03,27,27.0,83.7
22:35:03,14,27.1,83.6
22:36:03,21,27.1,83.2
22:37:03,15,27.2,82.9
22:38:03,12,27.2,83.1
22:39:03,24,27.2,83.0
22:40:03,16,27.2,82.7
22:41:03,22,27.2,82.9
22:42:03,23,27.2,82.8
22:43:03,17,27.2,82.8
22:44:03,13,27.2,82.9
22:45:03,14,27.3,82.8
22:46:04,8,27.3,82.5
22:47:04,20,27.2,82.7
22:48:04,16,27.2,82.9
22:49:04,27,27.2,82.9
22:50:04,23,27.2,82.8
22:51:04,17,27.2,82.8
22:52:04,18,27.2,82.8
22:53:04,18,27.3,82.7
22:54:04,23,27.3,82.6
22:55:04,26,27.3,82.6
22:56:04,19,27.3,82.7
22:57:04,14,27.2,82.9
22:58:04,20,27.2,82.9
22:59:04,14,27.2,82.9
23:00:04,20,27.2,83.0
23:01:04,13,27.2,83.0
23:02:04,19,27.2,83.0
23:03:04,15,27.3,82.9
23:04:04,25,27.3,82.7
23:05:04,16,27.3,82.7
23:06:05,13,27.3,82.7
23:07:05,15,27.2,82.9
23:08:05,15,27.3,82.8
23:09:05,18,27.3,82.7
23:10:05,24,27.3,82.4
23:11:05,18,27.3,82.3
23:12:05,13,27.3,82.3
23:13:05,20,27.4,82.3
23:14:05,10,27.4,82.3
23:15:05,17,27.3,82.4
23:16:05,20,27.3,82.5
23:17:05,30,27.3,82.5
23:18:05,25,27.1,82.8
23:19:05,14,26.9,83.8
23:20:05,16,26.8,83.9
23:21:05,17,26.8,84.1
23:22:05,23,26.7,84.7
23:23:05,16,26.7,84.9
23:24:05,18,26.8,84.4
23:25:05,23,26.9,84.0
23:26:05,15,26.9,83.8
23:27:05,17,27.0,83.6
23:28:05,20,27.0,83.5
23:29:05,19,27.0,83.3
23:30:06,14,27.1,83.1
23:31:06,26,27.1,83.1
23:32:06,22,27.1,83.1
23:33:06,12,27.1,83.1
23:34:06,31,27.1,83.1
23:35:06,24,27.1,83.0
23:36:06,17,27.1,82.8
23:37:06,16,27.2,82.8
23:38:06,23,27.2,82.7
23:39:06,17,27.2,82.6
23:40:06,9,27.2,82.6
23:41:06,14,27.2,82.5
23:42:06,13,27.2,82.3
23:43:06,22,27.3,82.1
23:44:06,17,27.3,81.9
23:45:06,20,27.3,81.9
23:46:06,9,27.3,81.8
23:47:06,19,27.3,81.8
23:48:06,22,27.4,81.8
23:49:07,15,27.3,81.8
23:50:07,14,27.3,81.8
23:51:07,17,27.3,81.9
23:52:07,11,27.3,81.8
23:53:07,21,27.3,81.8
23:54:07,18,27.3,81.8
23:55:07,11,27.3,81.7
23:56:07,12,27.3,81.6
23:57:07,14,27.3,81.6
23:58:07,18,27.3,81.6
23:59:07,12,27.3,81.6
00:00:07,24,27.3,81.8
00:01:07,27,27.2,82.0
00:02:08,23,27.2,82.1
00:03:08,20,27.3,81.9
00:04:08,21,27.3,81.9
00:05:08,20,27.3,81.8
00:06:08,11,27.3,81.8
00:07:08,21,27.3,81.9
00:08:08,18,27.3,81.9
00:09:08,9,27.3,82.0
00:10:08,22,27.2,82.1
00:11:08,21,27.2,82.2
00:12:08,30,27.1,82.4
00:13:08,27,27.1,82.4
00:14:08,18,27.2,82.2
00:15:08,16,27.2,82.0
00:16:08,20,27.2,81.7
00:17:09,15,27.2,81.8
00:18:09,13,27.2,81.9
00:19:09,17,27.1,82.2
00:20:09,14,27.1,82.2
00:21:09,26,27.1,82.2
00:22:09,14,27.1,82.2
00:23:09,13,27.1,82.3
00:24:09,17,27.0,82.3
00:25:09,25,27.0,82.3
00:26:09,22,27.0,82.3
00:27:09,9,27.0,82.3
00:28:09,13,27.0,82.3
00:29:09,9,27.1,81.8
00:30:09,18,27.1,81.7
00:31:10,21,27.2,81.6
00:32:10,21,27.2,81.5
00:33:10,17,27.2,81.6
00:34:10,16,27.1,81.8
00:35:10,22,27.1,81.9
00:36:10,20,27.0,82.0
00:37:10,15,27.1,81.7
00:38:10,14,27.1,81.8
00:39:10,21,27.1,81.7
00:40:10,17,27.1,81.7
00:41:11,13,27.1,81.6
00:42:11,19,27.1,81.4
00:43:11,15,27.2,81.3
00:44:11,22,27.2,81.3
00:45:11,15,27.2,81.1
00:46:11,23,27.2,81.3
00:47:11,19,27.2,81.3
00:48:11,20,27.2,81.2
00:49:11,8,27.2,81.2
00:50:11,14,27.0,81.7
00:51:11,13,26.9,82.0
00:52:11,17,26.9,82.3
00:53:11,18,26.9,82.3
00:54:11,14,26.8,82.5
00:55:11,26,26.8,82.6
00:56:11,12,26.8,82.6
00:57:11,17,26.8,82.6
00:58:12,12,26.9,82.3
00:59:12,25,27.0,81.9
01:00:12,10,27.1,81.7
01:01:12,14,27.0,81.7
01:02:12,18,26.9,82.0
01:03:12,13,26.9,82.0
01:04:12,19,27.0,81.8
01:05:12,25,27.0,81.5
01:06:12,20,27.1,81.2
01:07:12,6,27.1,81.0
01:08:12,20,27.2,80.9
01:09:12,10,27.2,81.0
01:10:12,20,27.1,81.3
01:11:12,19,27.1,81.5
01:12:12,13,27.1,81.3
01:13:12,14,27.1,81.0
01:14:12,12,27.2,80.8
01:15:13,12,27.2,80.8
01:16:13,16,27.2,80.7
01:17:13,18,27.2,80.6
01:18:13,25,27.2,80.7
01:19:13,16,27.1,81.1
01:20:13,14,27.0,81.5
01:21:13,19,26.9,81.8
01:22:13,17,26.9,82.0
01:23:13,27,26.8,82.3
01:24:13,21,26.8,82.3
01:25:13,14,26.8,82.4
01:26:13,16,26.8,82.4
01:27:13,13,26.8,82.4
01:28:13,15,26.8,82.2
01:29:13,22,26.8,82.3
01:30:13,10,26.8,82.3
01:31:14,19,26.8,82.3
01:32:14,13,26.8,82.4
01:33:14,16,26.8,82.4
01:34:14,20,26.8,82.1
01:35:14,21,26.8,82.2
01:36:14,13,26.8,82.4
01:37:14,21,26.7,82.6
01:38:14,25,26.7,82.5
01:39:14,7,26.8,82.2
01:40:14,23,26.8,81.8
01:41:14,20,26.9,81.3
01:42:14,22,27.1,81.0
01:43:14,17,27.1,81.1
01:44:14,20,26.9,81.7
01:45:14,16,26.8,82.1
01:46:15,10,26.7,82.4
01:47:15,7,26.7,82.4
01:48:15,23,26.7,82.3
01:49:15,22,26.7,82.5
01:50:15,19,26.7,82.6
01:51:15,25,26.6,82.8
01:52:15,28,26.5,83.1
01:53:15,10,26.5,83.0
01:54:15,9,26.5,83.0
01:55:15,22,26.6,83.0
01:56:15,20,26.6,83.0
01:57:15,16,26.6,83.0
01:58:15,26,26.6,82.9
01:59:15,15,26.6,82.8
02:00:15,19,26.7,82.6
02:01:15,18,26.7,82.4
02:02:15,22,26.7,82.1
02:03:15,9,26.8,81.9
02:04:15,21,26.8,82.0
02:05:15,17,26.7,81.8
02:06:15,11,26.8,81.4
02:07:16,22,26.9,80.8
02:08:16,18,27.0,80.5
02:09:16,23,27.1,80.5
02:10:16,8,26.9,81.1
02:11:16,14,26.8,81.7
02:12:16,9,26.7,82.1
02:13:16,16,26.5,82.6
02:14:16,20,26.4,83.1
02:15:16,16,26.4,83.2
02:16:16,30,26.4,83.0
02:17:16,21,26.4,82.9
02:18:16,12,26.4,83.1
02:19:17,18,26.4,83.1
02:20:17,16,26.5,82.8
02:21:17,13,26.6,82.3
02:22:17,9,26.6,82.4
02:23:17,21,26.6,81.9
02:24:17,19,26.7,81.8
02:25:17,12,26.7,81.8
02:26:17,15,26.7,81.7
02:27:17,30,26.7,81.6
02:28:17,24,26.8,81.2
02:29:17,11,26.8,81.0
02:30:18,14,26.9,80.7
02:31:18,15,27.0,80.4
02:32:18,21,27.0,80.1
02:33:18,18,27.0,80.0
02:34:18,20,27.1,79.9
02:35:18,17,27.1,79.6
02:36:18,20,27.1,79.5
02:37:18,11,27.1,79.5
02:38:18,15,27.1,79.5
02:39:18,19,27.2,79.4
02:40:18,20,27.1,80.0
02:41:18,17,27.0,80.1
02:42:18,17,27.0,80.0
02:43:18,12,27.0,80.3
02:44:18,25,27.0,80.4
02:45:18,12,27.0,80.3
02:46:19,10,27.1,80.1
02:47:19,19,27.1,80.1
02:48:19,19,27.1,79.9
02:49:19,21,27.1,79.9
02:50:19,12,27.1,79.8
02:51:19,14,27.1,79.8
02:52:19,17,27.1,79.9
02:53:19,12,27.0,80.0
02:54:19,7,27.0,80.2
02:55:19,21,27.0,80.2
02:56:19,16,27.0,80.1
02:57:19,17,27.0,80.1
02:58:19,14,27.0,80.2
02:59:19,17,26.8,80.9
03:00:19,16,26.6,81.4
03:01:20,11,26.7,81.1
03:02:20,18,26.8,80.8
03:03:20,18,26.8,80.5
03:04:20,17,26.9,80.3
03:05:20,25,26.9,79.9
03:06:20,20,27.0,79.8
03:07:20,12,27.0,79.8
03:08:20,24,27.0,79.9
03:09:20,10,26.9,80.2
03:10:20,16,27.0,79.9
03:11:20,20,27.0,79.7
03:12:20,12,27.1,79.3
03:13:20,14,27.1,79.2
03:14:20,30,27.1,79.1
03:15:20,19,27.1,79.2
03:16:21,17,27.0,79.3
03:17:21,11,27.0,79.5
03:18:21,11,27.1,79.4
03:19:21,23,27.1,79.3
03:20:21,13,27.0,79.4
03:21:21,20,27.0,79.6
03:22:21,17,27.0,79.5
03:23:21,16,27.0,79.4
03:24:21,13,27.1,79.2
03:25:21,21,27.1,79.3
03:26:21,19,27.0,79.1
03:27:21,24,27.1,79.0
03:28:21,31,27.0,79.0
03:29:21,22,27.1,78.9
03:30:21,18,27.1,78.8
03:31:21,20,27.1,78.7
03:32:21,19,27.1,78.9
03:33:22,11,27.0,78.8
03:34:22,12,27.1,78.9
03:35:22,13,27.1,78.6
03:36:22,19,27.1,78.9
03:37:22,15,27.1,78.8
03:38:22,14,27.0,79.2
03:39:22,8,26.9,79.6
03:40:22,19,26.9,79.4
03:41:22,13,26.9,79.4
03:42:22,20,27.0,79.2
03:43:22,16,26.9,79.4
03:44:22,19,26.9,79.3
03:45:22,20,26.9,79.4
03:46:22,14,26.9,79.2
03:47:23,21,26.9,79.6
03:48:23,16,26.9,79.6
03:49:23,18,26.8,79.6
03:50:23,21,26.9,79.2
03:51:23,19,27.0,78.9
03:52:23,19,27.0,78.7
03:53:23,12,27.0,78.5
03:54:23,24,27.0,78.8
03:55:23,26,27.0,78.4
03:56:23,13,27.0,78.5
03:57:23,15,27.0,78.5
03:58:23,16,27.0,78.6
03:59:23,28,27.0,78.4
04:00:23,10,27.0,78.3
04:01:24,10,27.0,78.5
04:02:24,12,27.0,78.5
04:03:24,16,26.9,78.6
04:04:24,22,26.9,78.7
04:05:24,14,26.9,79.0
04:06:24,21,26.9,79.0
04:07:24,19,26.9,78.9
04:08:24,18,26.9,78.8
04:09:24,15,26.9,79.2
04:10:24,12,26.9,79.3
04:11:24,14,26.9,79.2
04:12:24,14,26.9,78.8
04:13:25,18,26.9,79.1
04:14:25,21,26.8,79.1
04:15:25,21,26.9,78.9
04:16:25,8,26.9,78.7
04:17:25,16,26.9,78.7
04:18:25,21,26.9,78.9
04:19:25,19,26.9,79.0
04:20:25,18,26.8,79.0
04:21:25,20,26.8,79.0
04:22:25,16,26.8,79.0
04:23:25,17,26.9,78.7
04:24:25,19,26.9,78.7
04:25:25,17,26.9,78.7
04:26:26,14,26.9,78.8
04:27:26,21,26.9,78.6
04:28:26,28,27.0,78.5
04:29:26,20,26.9,78.6
04:30:26,23,26.9,78.6
04:31:26,20,26.9,78.7
04:32:26,16,26.9,78.8
04:33:26,16,26.8,78.8
04:34:26,10,26.9,78.7
04:35:26,16,26.9,78.8
04:36:26,17,26.8,78.9
04:37:26,35,26.8,78.9
04:38:27,20,26.8,79.2
04:39:27,18,26.8,79.2
04:40:27,15,26.7,79.5
04:41:27,8,26.5,80.1
04:42:27,15,26.6,80.1
04:43:27,19,26.5,80.2
04:44:27,8,26.4,80.7
04:45:27,21,26.5,80.4
04:46:27,17,26.6,80.0
04:47:27,23,26.7,79.5
04:48:27,18,26.8,79.2
04:49:27,15,26.8,78.8
04:50:27,8,26.9,78.5
04:51:27,25,26.9,78.5
04:52:27,20,26.9,78.5
04:53:27,11,26.9,78.6
04:54:27,15,26.9,78.5
04:55:28,16,26.9,78.6
04:56:28,28,26.9,78.5
04:57:28,12,26.9,78.5
04:58:28,18,26.9,78.5
04:59:28,19,26.9,78.4
05:00:28,15,26.9,78.6
05:01:28,18,26.9,78.6
05:02:28,15,26.8,78.7
05:03:28,15,26.9,78.5
05:04:28,22,26.9,78.4
05:05:28,18,26.9,78.5
05:06:28,15,26.9,78.4
05:07:28,12,26.9,78.6
05:08:28,20,26.9,78.4
05:09:29,17,26.9,78.3
05:10:29,9,26.9,78.2
05:11:29,14,26.9,78.3
05:12:29,17,26.8,78.5
05:13:29,17,26.8,78.7
05:14:29,10,26.8,78.6
05:15:29,9,26.8,78.4
05:16:29,19,26.8,78.2
05:17:29,15,26.8,78.4
05:18:29,17,26.8,78.2
05:19:29,16,26.9,78.2
05:20:29,20,26.8,78.3
05:21:29,18,26.8,78.2
05:22:29,13,26.8,78.3
05:23:29,11,26.8,78.2
05:24:30,22,26.8,78.2
05:25:30,9,26.8,78.0
05:26:30,18,26.8,78.1
05:27:30,23,26.8,77.9
05:28:30,19,26.9,77.9
05:29:30,20,26.8,78.2
05:30:30,15,26.8,78.2
05:31:30,15,26.8,78.0
05:32:30,21,26.8,78.1
05:33:30,20,26.8,77.9
05:34:30,25,26.8,77.9
05:35:30,12,26.9,77.7
05:36:30,23,26.8,77.6
05:37:31,18,26.8,77.6
05:38:31,23,26.8,77.7
05:39:31,22,26.8,77.7
05:40:31,14,26.8,78.0
05:41:31,15,26.8,78.1
05:42:31,25,26.8,78.1
05:43:31,12,26.8,78.1
05:44:31,22,26.8,78.2
05:45:31,9,26.8,78.2
05:46:31,10,26.8,78.0
05:47:31,13,26.7,78.4
05:48:31,29,26.7,78.6
05:49:31,14,26.7,78.5
05:50:31,18,26.7,78.6
05:51:31,22,26.7,78.5
05:52:31,26,26.7,78.6
05:53:31,28,26.7,78.6
05:54:31,21,26.7,78.5
05:55:31,24,26.7,78.6
05:56:32,13,26.7,78.4
05:57:32,17,26.7,78.7
05:58:32,17,26.7,78.6
05:59:32,17,26.8,78.4
06:00:32,20,26.7,78.4
06:01:32,15,26.7,78.5
06:02:32,15,26.7,78.8
06:03:32,26,26.7,79.0
06:04:32,20,26.7,78.9
06:05:32,17,26.7,78.9
06:06:32,24,26.7,78.7
06:07:32,24,26.7,78.7
06:08:32,25,26.7,78.9
06:09:32,16,26.6,79.1
06:10:32,17,26.6,79.1
06:11:33,6,26.7,79.0
06:12:33,16,26.6,79.1
06:13:33,15,26.6,79.2
06:14:33,17,26.6,79.3
06:15:33,13,26.6,79.2
06:16:33,23,26.7,79.1
06:17:33,18,26.7,79.0
06:18:33,20,26.7,79.0
06:19:33,26,26.7,79.1
06:20:33,14,26.8,79.0
06:21:33,18,26.7,79.1
06:22:33,7,26.7,79.2
06:23:33,10,26.7,79.2
06:24:34,19,26.7,79.2
06:25:34,5,26.7,79.4
06:26:34,16,26.7,79.4
06:27:34,18,26.6,79.5
06:28:34,10,26.7,79.5
06:29:34,14,26.7,79.5
06:30:34,14,26.7,79.5
06:31:34,15,26.7,79.5
06:32:34,17,26.7,79.4
06:33:34,26,26.7,79.5
06:34:34,21,26.7,79.6
06:35:34,19,26.6,79.9
06:36:34,25,26.7,79.8
06:37:34,8,26.7,79.6
06:38:34,25,26.7,79.8
06:39:34,14,26.7,79.8
06:40:34,21,26.7,79.8
06:41:35,18,26.7,79.8
06:42:35,17,26.6,80.4
06:43:35,13,26.5,80.7
06:44:35,24,26.6,80.8
06:45:35,11,26.5,80.7
06:46:35,21,26.6,80.4
06:47:35,19,26.7,80.2
06:48:35,18,26.7,80.3
06:49:35,13,26.7,80.3
06:50:35,11,26.7,80.1
06:51:35,16,26.8,80.0
06:52:35,20,26.8,79.8
06:53:35,26,26.8,80.0
06:54:36,9,26.7,80.3
06:55:36,18,26.7,80.5
06:56:36,20,26.7,80.3
06:57:36,18,26.7,80.3
06:58:36,21,26.7,80.2
06:59:36,18,26.7,80.4
