07:00:15,17,26.1,83.8
07:01:15,27,26.1,84.0
07:02:15,14,26.1,83.9
07:03:15,13,26.1,83.7
07:04:15,34,26.1,84.0
07:05:15,20,26.2,84.0
07:06:15,23,26.1,84.2
07:07:15,22,26.2,84.8
07:08:15,15,26.1,84.3
07:09:15,17,26.1,84.5
07:10:15,15,26.1,84.4
07:11:15,18,26.2,84.6
07:12:16,17,26.3,85.1
07:13:16,22,26.3,84.8
07:14:16,28,26.3,84.5
07:15:16,14,26.3,84.4
07:16:16,21,26.3,84.6
07:17:16,20,26.3,84.2
07:18:16,25,26.3,84.1
07:19:16,16,26.3,84.3
07:20:16,28,26.3,84.2
07:21:16,22,26.3,84.3
07:22:16,20,26.3,84.6
07:23:16,18,26.3,84.8
07:24:16,26,26.2,84.8
07:25:16,29,26.2,84.6
07:26:16,29,26.2,84.6
07:27:16,18,26.3,84.4
07:28:16,24,26.2,84.0
07:29:16,13,26.2,84.1
07:30:16,14,26.2,84.1
07:31:16,15,26.2,84.2
07:32:16,11,26.3,84.0
07:33:16,18,26.3,84.0
07:34:16,19,26.3,84.2
07:35:16,26,26.3,83.8
07:36:16,26,26.4,83.9
07:37:17,21,26.4,84.3
07:38:17,17,26.4,83.9
07:39:17,17,26.5,84.1
07:40:17,28,26.5,84.0
07:41:17,25,26.4,84.3
07:42:17,15,26.5,84.8
07:43:17,22,26.5,84.6
07:44:17,16,26.6,84.5
07:45:17,17,26.6,84.3
07:46:17,15,26.7,84.5
07:47:17,16,26.7,84.2
07:48:17,21,26.7,83.9
07:49:17,20,26.7,83.9
07:50:17,27,26.7,84.3
07:51:17,16,26.7,83.4
07:52:17,35,26.7,83.5
07:53:17,14,26.7,83.7
07:54:17,8,26.7,84.0
07:55:17,22,26.7,83.9
07:56:17,29,26.7,84.0
07:57:17,21,26.7,84.3
07:58:17,12,26.7,83.5
07:59:17,23,26.8,84.0
08:00:17,24,26.7,84.1
08:01:17,20,26.8,83.9
08:02:17,22,26.8,84.0
08:03:17,19,26.8,84.5
08:04:17,21,26.8,84.0
08:05:17,24,26.8,84.3
08:06:18,25,26.9,84.2
08:07:18,19,26.9,84.4
08:08:18,19,26.9,84.7
08:09:18,26,26.9,85.0
08:10:18,19,27.0,84.6
08:11:18,24,27.0,84.8
08:12:18,29,27.0,84.4
08:13:18,22,27.0,84.4
08:14:18,28,26.9,84.3
08:15:18,12,26.9,84.5
08:16:18,19,26.9,84.3
08:17:18,18,27.0,84.5
08:18:18,20,26.9,84.4
08:19:18,18,27.0,84.2
08:20:18,19,27.0,83.9
08:21:18,13,27.0,83.8
08:22:18,20,27.0,84.1
08:23:18,8,27.0,84.3
08:24:18,17,27.0,83.8
08:25:18,22,27.0,83.7
08:26:18,17,27.1,83.6
08:27:18,20,27.1,83.6
08:28:18,24,27.1,83.6
08:29:18,30,27.2,83.7
08:30:18,24,27.1,84.0
08:31:18,17,27.1,84.2
08:32:18,15,27.1,83.6
08:33:18,19,27.1,83.7
08:34:18,25,27.1,84.0
08:35:18,23,27.0,83.8
08:36:18,28,27.0,84.0
08:37:18,18,27.0,84.2
08:38:18,8,27.1,84.1
08:39:18,18,27.0,84.2
08:40:18,15,27.1,84.6
08:41:19,21,27.1,84.7
08:42:19,24,27.1,84.9
08:43:19,22,27.1,84.6
08:44:19,17,27.1,84.5
08:45:19,14,27.2,84.9
08:46:19,17,27.3,84.7
08:47:19,14,27.3,84.5
08:48:19,26,27.3,84.6
08:49:19,24,27.3,84.7
08:50:19,21,27.3,84.7
08:51:19,20,27.3,84.7
08:52:19,27,27.3,84.6
08:53:19,21,27.3,84.8
08:54:19,12,27.3,85.1
08:55:19,27,27.4,84.9
08:56:19,16,27.4,84.5
08:57:19,19,27.5,83.5
08:58:20,24,27.7,82.0
08:59:20,32,27.8,82.1
09:00:20,21,27.7,82.6
09:01:20,21,27.7,82.7
09:02:20,22,27.7,83.0
09:03:20,31,27.8,82.7
09:04:20,16,27.7,82.9
09:05:20,18,27.7,83.0
09:06:20,22,27.8,82.1
09:07:20,29,27.8,82.3
09:08:20,36,27.9,81.6
09:09:20,18,28.0,81.0
09:10:20,25,28.0,81.1
09:11:20,27,28.1,80.5
09:12:20,22,28.1,80.6
09:13:20,23,28.1,81.0
09:14:20,36,28.2,80.4
09:15:20,17,28.1,80.8
09:16:20,23,28.0,80.8
09:17:20,15,28.2,79.9
09:18:20,35,28.2,79.6
09:19:20,23,28.2,78.4
09:20:20,20,28.3,76.6
09:21:20,25,28.3,77.9
09:22:20,27,28.3,77.9
09:23:20,25,28.2,78.0
09:24:20,24,28.1,78.4
09:25:21,22,28.1,78.9
09:26:21,25,28.1,79.3
09:27:21,24,28.1,79.5
09:28:21,13,28.1,79.6
09:29:21,36,28.1,79.3
09:30:21,35,28.2,79.5
09:31:21,37,28.4,77.1
09:32:21,26,28.6,75.9
09:33:21,31,28.7,76.0
09:34:21,14,28.8,76.2
09:35:21,16,28.8,75.5
09:36:21,28,28.7,76.3
09:37:21,20,28.8,75.3
09:38:21,28,28.8,75.7
09:39:21,26,28.8,75.7
09:40:21,21,28.8,75.9
09:41:21,18,28.8,76.3
09:42:21,22,29.0,75.3
09:43:21,37,29.1,73.8
09:44:21,15,29.0,74.0
09:45:21,16,29.0,74.8
09:46:21,28,28.9,75.6
09:47:21,21,29.0,75.5
09:48:21,23,28.9,75.0
09:49:21,17,28.9,75.0
09:50:21,20,28.9,75.7
09:51:22,31,29.0,74.7
09:52:22,25,29.1,75.1
09:53:22,33,29.1,75.2
09:54:22,26,29.0,75.6
09:55:22,13,28.9,76.2
09:56:22,20,28.8,76.4
09:57:22,37,28.9,75.1
09:58:22,24,29.0,73.7
09:59:22,21,29.0,74.5
10:00:22,25,29.1,74.7
10:01:22,27,29.2,73.5
10:02:22,25,29.1,74.0
10:03:22,30,29.2,74.0
10:04:22,35,29.2,74.1
10:05:22,32,29.2,74.1
10:06:22,18,29.2,74.1
10:07:22,26,29.1,74.8
10:08:22,14,29.0,75.1
10:09:22,34,29.0,75.6
10:10:22,22,29.0,75.2
10:11:22,23,28.9,75.7
10:12:22,29,28.8,76.1
10:13:22,38,28.8,76.3
10:14:22,27,28.8,76.5
10:15:22,22,28.8,76.7
10:16:22,21,29.0,75.5
10:17:22,16,29.2,73.2
10:18:22,19,29.3,72.4
10:19:22,22,29.4,71.8
10:20:23,10,29.4,72.8
10:21:23,21,29.4,74.0
10:22:23,21,29.3,74.2
10:23:23,24,29.2,74.6
10:24:23,9,29.1,74.9
10:25:23,27,29.0,75.3
10:26:23,17,28.9,75.7
10:27:23,15,28.9,76.6
10:28:23,15,29.0,75.8
10:29:23,32,29.1,75.8
10:30:23,18,29.0,75.8
10:31:23,11,29.0,76.9
10:32:23,16,29.1,75.3
10:33:23,19,29.4,73.8
10:34:23,22,29.4,73.6
10:35:23,19,29.4,73.7
10:36:23,20,29.5,73.6
10:37:23,23,29.4,74.3
10:38:24,15,29.5,73.5
10:39:24,23,29.4,74.3
10:40:24,34,29.4,74.1
10:41:24,19,29.4,74.1
10:42:24,17,29.6,73.5
10:43:24,34,29.5,74.8
10:44:24,35,29.6,74.5
10:45:24,22,29.7,73.0
10:46:24,35,29.7,73.8
10:47:24,23,29.7,72.4
10:48:24,29,29.6,73.4
10:49:25,22,29.7,72.6
10:50:25,18,29.7,73.0
10:51:25,23,29.8,72.5
10:52:25,15,29.9,72.7
10:53:25,24,29.7,73.2
10:54:25,20,29.7,72.7
10:55:25,19,29.9,73.1
10:56:25,31,30.0,72.8
10:57:25,24,30.1,72.4
10:58:26,16,30.0,72.9
10:59:26,21,29.8,73.7
11:00:26,12,29.7,74.2
11:01:26,19,29.6,74.4
11:02:26,19,29.5,74.6
11:03:26,28,29.5,74.3
11:04:26,13,29.4,74.6
11:05:26,13,29.4,74.8
11:06:26,25,29.4,74.4
11:07:27,19,29.3,74.4
11:08:27,16,29.3,74.8
11:09:27,21,29.3,74.5
11:10:27,15,29.3,74.2
11:11:27,24,29.3,74.9
11:12:27,13,29.3,74.4
11:13:27,21,29.3,74.8
11:14:27,19,29.3,74.5
11:15:27,13,29.4,74.1
11:16:27,13,29.4,74.2
11:17:27,12,29.3,74.3
11:18:27,21,29.3,75.1
11:19:27,13,29.3,75.2
11:20:27,15,29.3,75.3
11:21:27,14,29.3,75.6
11:22:27,18,29.4,75.7
11:23:27,21,29.5,74.8
11:24:27,20,29.5,73.8
11:25:27,19,29.5,73.7
11:26:27,29,29.6,73.5
11:27:27,26,29.6,73.6
11:28:27,18,29.5,73.9
11:29:27,17,29.5,73.7
11:30:28,27,29.4,74.0
11:31:28,17,29.4,74.2
11:32:28,25,29.6,74.0
11:33:28,22,29.6,74.3
11:34:28,16,29.6,74.2
11:35:28,15,29.6,74.3
11:36:28,13,29.5,74.6
11:37:28,15,29.6,74.5
11:38:28,19,29.6,74.2
11:39:28,13,29.6,74.5
11:40:29,19,29.6,74.3
11:41:29,19,29.5,74.4
11:42:29,19,29.5,74.4
11:43:29,16,29.5,74.6
11:44:29,22,29.5,74.7
11:45:29,14,29.5,74.7
11:46:29,22,29.5,74.8
11:47:29,17,29.5,74.7
11:48:29,13,29.5,74.5
11:49:29,14,29.5,74.3
11:50:30,21,29.5,74.0
11:51:30,12,29.5,73.9
11:52:30,21,29.4,73.9
11:53:30,11,29.5,74.0
11:54:30,15,29.5,73.9
11:55:30,7,29.5,73.7
11:56:30,19,29.5,73.9
11:57:30,25,29.5,74.0
11:58:30,15,29.6,73.9
11:59:30,22,29.5,73.9
12:00:30,17,29.5,74.0
12:01:31,21,29.5,73.9
12:02:31,12,29.6,73.8
12:03:31,21,29.6,73.8
12:04:31,22,29.5,74.0
12:05:31,24,29.6,74.1
12:06:31,13,29.6,74.2
12:07:31,21,29.6,74.1
12:08:31,18,29.6,74.5
12:09:31,13,29.6,74.5
12:10:32,10,29.5,74.6
12:11:32,17,29.6,74.5
12:12:32,14,29.6,74.6
12:13:32,19,29.6,74.5
12:14:32,12,29.6,74.5
12:15:32,26,29.7,74.5
12:16:32,19,29.7,74.6
12:17:32,22,29.7,74.7
12:18:32,18,29.6,74.9
12:19:32,21,29.6,74.9
12:20:32,16,29.7,74.8
12:21:32,23,29.7,74.8
12:22:32,18,29.7,74.9
12:23:32,31,29.7,74.9
12:24:32,18,29.7,74.5
12:25:32,13,29.7,74.5
12:26:32,15,29.7,74.5
12:27:32,17,29.7,74.6
12:28:32,19,29.8,74.5
12:29:32,22,29.8,74.6
12:30:32,12,29.8,74.7
12:31:32,14,29.8,74.8
12:32:32,10,29.8,74.9
12:33:33,13,29.8,75.1
12:34:33,20,29.8,75.4
12:35:33,24,29.7,75.3
12:36:33,17,29.7,74.7
12:37:33,20,29.8,74.2
12:38:33,19,29.8,74.1
12:39:33,22,29.8,73.5
12:40:33,12,29.8,73.2
12:41:33,25,29.8,72.8
12:42:33,26,29.8,72.6
12:43:33,23,29.8,72.4
12:44:33,19,29.8,71.8
12:45:33,23,29.8,71.7
12:46:33,10,29.8,71.8
12:47:33,18,29.8,71.7
12:48:33,17,29.8,71.7
12:49:33,11,29.8,71.7
12:50:33,24,29.8,71.8
12:51:34,17,29.8,72.0
12:52:34,18,29.8,72.2
12:53:34,18,29.8,72.7
12:54:34,10,29.8,72.7
12:55:34,13,29.9,72.8
12:56:34,13,29.9,72.7
12:57:34,12,29.9,72.8
12:58:34,20,29.9,72.9
12:59:34,9,29.9,73.1
13:00:34,16,29.9,73.4
13:01:34,11,30.0,73.2
13:02:34,14,30.0,73.1
13:03:35,15,30.0,73.1
13:04:35,29,30.0,73.0
13:05:35,14,30.0,73.0
13:06:35,24,30.1,73.0
13:07:35,14,30.0,73.1
13:08:35,16,30.0,73.5
13:09:35,20,30.1,73.5
13:10:35,17,30.1,73.3
13:11:35,26,30.1,73.4
13:12:35,23,30.1,73.5
13:13:35,17,30.1,73.6
13:14:35,21,30.1,73.6
13:15:36,17,30.1,73.6
13:16:36,14,30.1,73.5
13:17:36,19,30.1,73.7
13:18:36,13,30.1,73.7
13:19:36,16,30.1,73.8
13:20:36,11,30.1,73.8
13:21:36,28,30.1,73.8
13:22:36,13,30.1,74.0
13:23:36,15,30.1,73.9
13:24:36,16,30.1,74.0
13:25:36,17,30.1,73.9
13:26:36,15,30.1,73.8
13:27:37,18,30.1,73.6
13:28:37,7,30.1,73.5
13:29:37,25,30.1,73.4
13:30:37,17,30.1,73.5
13:31:37,20,30.1,73.4
13:32:37,13,30.1,73.3
13:33:37,27,30.2,73.1
13:34:37,18,30.2,72.9
13:35:37,9,30.1,72.4
13:36:37,23,30.1,72.4
13:37:38,21,30.1,72.5
13:38:38,17,30.1,72.5
13:39:38,19,30.1,72.6
13:40:38,15,30.1,72.8
13:41:38,14,30.1,72.9
13:42:38,16,30.1,73.3
13:43:38,19,30.1,73.5
13:44:38,16,30.1,73.6
13:45:38,16,30.1,73.6
13:46:38,12,30.1,73.8
13:47:38,12,30.1,73.7
13:48:38,12,30.2,73.7
13:49:38,14,30.2,73.6
13:50:38,17,30.1,73.4
13:51:38,20,30.2,73.3
13:52:38,12,30.1,73.2
13:53:38,24,30.1,73.1
13:54:39,14,30.2,73.0
13:55:39,11,30.1,73.0
13:56:39,25,30.1,73.0
13:57:39,11,30.1,73.2
13:58:39,14,30.1,73.2
13:59:39,15,30.1,73.4
14:00:39,14,30.1,73.6
14:01:39,11,30.1,73.7
14:02:39,19,30.0,73.7
14:03:39,22,30.1,73.6
14:04:39,17,30.1,73.7
14:05:39,16,30.1,73.8
14:06:39,21,30.1,73.8
14:07:39,25,30.0,74.1
14:08:39,20,30.1,74.1
14:09:40,18,30.0,74.2
14:10:40,14,30.0,74.4
14:11:40,22,30.0,74.4
14:12:40,25,30.0,74.5
14:13:40,23,30.1,74.4
14:14:40,21,30.1,74.3
14:15:40,21,30.0,74.4
14:16:40,18,30.0,74.3
14:17:40,18,30.0,74.1
14:18:40,23,30.0,74.2
14:19:40,10,30.0,74.2
14:20:40,14,30.0,74.2
14:21:40,13,30.0,74.1
14:22:40,11,30.1,74.1
14:23:40,16,30.1,74.1
14:24:40,25,30.0,74.2
14:25:40,15,30.1,74.1
14:26:40,14,30.1,74.0
14:27:40,19,30.0,74.1
14:28:40,19,30.0,74.0
14:29:41,25,30.0,73.9
14:30:41,20,29.9,74.1
14:31:41,16,29.9,74.4
14:32:41,8,30.0,74.1
14:33:41,15,29.9,74.2
14:34:41,29,29.9,74.1
14:35:41,21,30.0,74.0
14:36:41,16,29.9,73.9
14:37:41,12,30.0,73.8
14:38:41,19,30.0,73.8
14:39:41,10,30.0,74.0
14:40:41,23,29.9,74.0
14:41:41,15,30.0,73.8
14:42:41,19,30.0,73.8
14:43:41,12,29.9,73.2
14:44:41,18,30.0,73.5
14:45:41,23,29.9,73.4
14:46:41,17,29.9,73.5
14:47:42,25,29.9,73.6
14:48:42,17,29.9,73.5
14:49:42,18,29.9,73.5
14:50:42,16,29.9,73.4
14:51:42,17,29.9,73.4
14:52:42,13,29.9,73.5
14:53:42,20,29.9,73.3
14:54:42,15,29.9,73.4
14:55:42,16,29.9,73.2
14:56:42,21,29.9,73.1
14:57:42,22,29.9,73.4
14:58:42,18,29.9,73.2
14:59:42,17,29.9,73.4
15:00:42,16,29.9,73.4
15:01:42,23,29.9,73.4
15:02:43,24,29.9,73.8
15:03:43,16,29.8,73.9
15:04:43,12,29.9,73.8
15:05:43,12,29.9,73.7
15:06:43,15,29.9,73.6
15:07:43,26,29.9,73.7
15:08:43,9,30.0,73.8
15:09:43,15,30.0,73.9
15:10:43,5,29.9,73.8
15:11:43,13,29.9,73.8
15:12:43,14,29.9,73.8
15:13:43,13,29.9,73.9
15:14:43,27,29.9,73.9
15:15:43,17,29.9,73.9
15:16:43,15,29.9,73.9
15:17:43,23,29.9,73.9
15:18:44,21,29.9,73.9
15:19:44,14,29.9,73.8
15:20:44,23,29.9,73.9
15:21:44,22,29.8,73.8
15:22:44,12,29.8,73.4
15:23:44,15,29.8,73.8
15:24:44,11,29.8,73.8
15:25:44,9,29.7,73.7
15:26:44,23,29.8,73.5
15:27:44,20,29.8,73.5
15:28:44,20,29.8,73.6
15:29:44,20,29.7,73.5
15:30:44,17,29.7,73.5
15:31:44,14,29.7,73.5
15:32:44,15,29.7,73.6
15:33:44,13,29.7,73.7
15:34:44,18,29.8,73.6
15:35:44,16,29.7,73.5
15:36:44,25,29.7,73.5
15:37:45,14,29.7,73.7
15:38:45,18,29.7,73.7
15:39:45,14,29.7,73.7
15:40:45,16,29.7,73.8
15:41:45,21,29.6,73.8
15:42:45,19,29.6,73.8
15:43:45,19,29.6,74.0
15:44:45,11,29.6,74.0
15:45:45,23,29.6,74.1
15:46:45,21,29.5,74.1
15:47:45,20,29.6,74.1
15:48:45,27,29.6,74.2
15:49:45,13,29.6,74.1
15:50:45,19,29.6,74.0
15:51:45,15,29.6,74.0
15:52:45,12,29.6,74.1
15:53:45,20,29.6,74.0
15:54:45,17,29.6,74.1
15:55:45,25,29.6,74.2
15:56:45,21,29.6,73.8
15:57:45,18,29.6,74.0
15:58:45,12,29.6,74.1
15:59:45,20,29.6,73.9
16:00:45,25,29.5,74.0
16:01:45,15,29.5,74.1
16:02:45,16,29.5,74.3
16:03:46,13,29.4,74.3
16:04:46,17,29.5,74.3
16:05:46,19,29.5,74.3
16:06:46,8,29.5,74.1
16:07:46,13,29.5,74.2
16:08:46,21,29.5,74.2
16:09:46,19,29.5,73.9
16:10:46,18,29.5,73.9
16:11:46,22,29.5,74.3
16:12:46,20,29.4,74.0
16:13:46,10,29.4,73.9
16:14:46,11,29.4,74.1
16:15:46,14,29.4,74.1
16:16:46,16,29.4,74.0
16:17:46,13,29.4,74.1
16:18:46,15,29.4,74.0
16:19:46,24,29.4,73.9
16:20:46,20,29.4,74.0
16:21:46,22,29.4,74.2
16:22:46,25,29.4,74.2
16:23:47,17,29.4,74.0
16:24:47,18,29.3,74.0
16:25:47,11,29.3,74.1
16:26:47,20,29.4,74.3
16:27:47,25,29.4,74.1
16:28:47,14,29.4,74.1
16:29:47,17,29.3,74.0
16:30:47,11,29.3,74.4
16:31:47,17,29.3,74.4
16:32:47,28,29.3,74.3
16:33:47,19,29.3,74.1
16:34:47,19,29.3,74.4
16:35:47,19,29.3,74.2
16:36:47,15,29.3,74.5
16:37:47,17,29.3,74.2
16:38:48,18,29.2,74.0
16:39:48,19,29.3,74.3
16:40:48,20,29.3,74.1
16:41:48,13,29.2,74.2
16:42:48,16,29.2,74.3
16:43:48,8,29.2,74.1
16:44:48,10,29.2,74.3
16:45:48,14,29.2,74.4
16:46:48,17,29.2,74.5
16:47:48,8,29.1,74.6
16:48:48,17,29.2,74.7
16:49:48,32,29.2,74.8
16:50:49,14,29.1,74.9
16:51:49,10,29.1,75.2
16:52:49,14,29.0,75.5
16:53:49,21,28.8,77.1
16:54:49,26,28.5,77.8
16:55:49,28,28.3,78.7
16:56:49,15,28.2,79.1
16:57:49,22,28.2,79.7
16:58:49,17,28.1,80.4
16:59:49,18,28.0,80.4
17:00:50,16,28.0,80.5
17:01:50,20,28.1,80.6
17:02:50,12,28.0,80.6
17:03:50,15,28.0,80.7
17:04:50,13,28.0,80.8
17:05:50,22,28.0,80.7
17:06:50,23,28.1,80.6
17:07:50,11,28.1,80.6
17:08:50,18,28.2,80.5
17:09:50,21,28.2,80.7
17:10:50,19,28.2,80.5
17:11:50,28,28.2,80.6
17:12:50,22,28.1,80.7
17:13:51,28,28.0,80.9
17:14:51,20,28.0,80.8
17:15:51,17,28.0,80.8
17:16:51,22,28.0,80.8
17:17:51,16,28.0,80.6
17:18:51,20,28.0,80.6
17:19:51,25,28.0,80.8
17:20:51,14,28.0,81.0
17:21:51,15,28.0,81.0
17:22:51,20,28.0,80.9
17:23:51,22,27.9,81.1
17:24:51,19,27.9,81.3
17:25:51,18,27.9,81.5
17:26:51,13,27.9,81.5
17:27:51,21,27.8,81.6
17:28:51,15,27.8,81.8
17:29:51,16,27.8,81.8
17:30:51,15,27.8,81.8
17:31:51,15,27.8,82.1
17:32:52,13,27.8,82.0
17:33:52,29,27.8,82.1
17:34:52,9,27.7,82.1
17:35:52,18,27.8,82.0
17:36:52,23,27.8,82.2
17:37:52,13,27.8,82.1
17:38:52,17,27.8,81.7
17:39:52,15,27.8,81.8
17:40:52,10,27.8,81.8
17:41:52,15,27.8,81.9
17:42:52,18,27.8,81.8
17:43:52,13,27.7,82.1
17:44:52,16,27.7,82.3
17:45:53,14,27.6,82.5
17:46:53,14,27.6,82.7
17:47:53,16,27.7,82.5
17:48:53,14,27.7,82.4
17:49:53,25,27.8,82.5
17:50:53,21,27.8,82.4
17:51:53,24,27.8,82.7
17:52:53,19,27.7,82.6
17:53:53,18,27.8,82.9
17:54:53,10,27.8,82.7
17:55:53,19,27.8,82.8
17:56:53,18,27.7,82.6
17:57:54,18,27.7,82.6
17:58:54,12,27.8,82.7
17:59:54,19,27.7,82.6
18:00:54,17,27.8,82.5
18:01:54,10,27.8,82.7
18:02:54,28,27.7,82.9
18:03:54,18,27.7,82.9
18:04:54,19,27.7,83.0
18:05:54,16,27.6,83.2
18:06:54,20,27.6,83.2
18:07:54,31,27.6,83.3
18:08:54,18,27.6,83.2
18:09:55,14,27.6,83.2
18:10:55,14,27.6,83.1
18:11:55,15,27.6,83.2
18:12:55,20,27.6,83.2
18:13:55,14,27.6,83.3
18:14:55,15,27.6,83.3
18:15:55,17,27.6,83.5
18:16:55,25,27.6,83.6
18:17:55,18,27.6,83.6
18:18:55,19,27.5,83.7
18:19:56,18,27.6,83.8
18:20:56,14,27.6,83.7
18:21:56,18,27.6,83.6
18:22:56,22,27.6,83.8
18:23:56,19,27.6,83.7
18:24:56,13,27.6,84.0
18:25:56,12,27.4,84.3
18:26:56,21,27.4,84.6
18:27:56,10,27.4,84.5
18:28:56,23,27.4,84.4
18:29:56,16,27.4,84.5
18:30:56,26,27.4,84.8
18:31:56,13,27.4,84.6
18:32:57,16,27.4,84.6
18:33:57,19,27.4,84.6
18:34:57,12,27.5,84.4
18:35:57,12,27.4,84.4
18:36:57,21,27.4,84.3
18:37:57,18,27.4,84.4
18:38:57,18,27.4,84.5
18:39:57,18,27.4,84.5
18:40:57,19,27.3,84.7
18:41:57,11,27.3,84.7
18:42:57,16,27.3,84.7
18:43:58,20,27.3,84.6
18:44:58,21,27.3,84.5
18:45:58,24,27.3,84.4
18:46:58,19,27.4,84.2
18:47:58,12,27.3,84.0
18:48:58,16,27.3,83.9
18:49:58,11,27.2,84.0
18:50:58,14,27.2,84.2
18:51:58,12,27.2,84.3
18:52:58,18,27.3,84.1
18:53:58,14,27.3,84.1
18:54:58,20,27.2,84.1
18:55:58,17,27.3,84.1
18:56:59,18,27.3,84.1
18:57:59,10,27.3,84.0
18:58:59,15,27.3,84.2
18:59:59,11,27.3,84.3
19:00:59,25,27.3,84.1
19:01:59,17,27.3,84.1
19:02:59,19,27.3,84.4
19:03:59,18,27.2,84.6
19:04:59,19,27.2,84.8
19:05:59,18,27.2,84.7
19:06:59,15,27.3,84.7
19:07:59,16,27.3,84.6
19:08:59,15,27.2,84.6
19:09:59,21,27.2,84.8
19:10:59,24,27.2,84.8
19:11:59,23,27.3,84.6
19:12:59,30,27.2,84.5
19:13:59,17,27.2,84.7
19:15:00,13,27.1,85.1
19:16:00,18,27.1,85.2
19:17:00,21,27.2,85.2
19:18:00,20,27.1,85.1
19:19:00,15,27.1,85.2
19:20:00,22,27.1,85.0
19:21:00,15,27.1,85.2
19:22:00,19,27.1,85.2
19:23:00,14,27.1,85.3
19:24:00,17,27.1,85.3
19:25:00,19,27.1,85.2
19:26:00,16,27.1,85.3
19:27:00,20,27.1,85.4
19:28:00,22,27.1,85.4
19:29:01,11,27.1,85.5
19:30:01,14,27.1,85.4
19:31:01,12,27.1,85.3
19:32:01,25,27.2,85.2
19:33:01,19,27.2,85.0
19:34:01,12,27.2,85.1
19:35:01,21,27.3,85.2
19:36:01,24,27.2,85.4
19:37:01,12,27.2,85.4
19:38:01,13,27.2,85.5
19:39:02,16,27.2,85.6
19:40:02,21,27.2,85.4
19:41:02,26,27.2,85.6
19:42:02,10,27.1,85.8
19:43:02,17,27.1,86.1
19:44:02,16,27.1,86.1
19:45:02,21,27.1,86.1
19:46:02,22,27.1,86.2
19:47:02,21,27.0,86.4
19:48:03,17,27.0,86.5
19:49:03,15,27.0,86.3
19:50:03,11,27.0,86.3
19:51:03,18,27.0,86.4
19:52:03,16,27.0,86.5
19:53:03,22,27.0,86.5
19:54:03,20,27.0,86.5
19:55:03,18,27.0,86.5
19:56:03,22,27.0,86.6
19:57:04,16,27.0,86.4
19:58:04,18,27.0,86.5
19:59:04,15,27.0,86.6
20:00:04,14,27.0,86.8
20:01:04,15,27.0,86.7
20:02:04,10,27.0,86.7
20:03:04,25,26.9,87.0
20:04:04,18,26.9,86.9
20:05:04,14,26.9,86.9
20:06:04,17,26.9,86.9
20:07:04,20,26.9,86.8
20:08:04,20,26.9,86.8
20:09:04,20,26.9,86.8
20:10:04,15,26.9,86.4
20:11:04,13,27.0,86.2
20:12:04,12,26.9,86.1
20:13:04,24,26.9,86.0
20:14:04,28,26.9,86.0
20:15:04,17,26.9,86.0
20:16:04,18,26.9,85.7
20:17:04,19,27.0,85.6
20:18:04,549,27.0,85.6
20:19:04,20,27.0,85.3
20:20:05,14,27.0,85.2
20:21:05,16,27.0,85.4
20:22:05,20,26.9,85.7
20:23:05,17,26.9,85.7
20:24:05,31,27.0,85.5
20:25:05,14,27.0,85.4
20:26:05,16,27.0,85.3
20:27:05,15,27.1,85.2
20:28:05,16,27.1,85.2
20:29:05,29,27.0,85.5
20:30:05,20,27.0,85.6
20:31:05,20,27.0,85.4
20:32:05,25,27.0,85.6
20:33:05,19,27.1,85.2
20:34:05,18,27.0,85.4
20:35:05,19,27.0,85.2
20:36:05,17,27.0,85.0
20:37:05,22,27.0,85.3
20:38:05,17,27.0,85.3
20:39:05,17,27.0,85.2
20:40:05,23,27.0,85.0
20:41:06,6,27.0,85.0
20:42:06,20,27.0,84.9
20:43:06,19,27.0,85.0
20:44:06,12,27.0,84.9
20:45:06,10,27.0,84.7
20:46:06,15,27.0,84.6
20:47:06,11,27.0,84.5
20:48:06,12,27.0,84.4
20:49:06,13,27.0,84.4
20:50:06,11,27.0,84.5
20:51:06,22,27.0,84.5
20:52:06,14,27.0,84.6
20:53:06,18,26.9,84.6
20:54:06,24,26.8,85.1
20:55:06,19,26.6,85.5
20:56:06,15,26.7,85.5
20:57:06,13,26.7,85.5
20:58:06,22,26.5,85.6
20:59:07,27,26.5,85.6
21:00:07,22,26.6,85.5
21:01:07,13,26.7,85.5
21:02:07,26,26.7,85.3
21:03:07,18,26.7,85.4
21:04:07,9,26.7,85.3
21:05:07,23,26.7,85.4
21:06:07,23,26.7,85.4
21:07:07,30,26.5,85.7
21:08:07,10,26.4,86.1
21:09:07,30,26.4,86.0
21:10:07,17,26.4,86.1
21:11:07,19,26.5,85.9
21:12:08,16,26.6,85.7
21:13:08,20,26.7,85.2
21:14:08,19,26.7,85.4
21:15:08,11,26.8,85.5
21:16:08,10,26.7,85.7
21:17:08,13,26.7,85.7
21:18:08,15,26.7,86.1
21:19:08,15,26.8,85.9
21:20:08,16,26.9,85.4
21:21:08,17,27.0,85.2
21:22:08,11,27.2,84.7
21:23:08,21,27.3,84.4
21:24:08,16,27.4,83.9
21:25:08,12,27.5,83.6
21:26:09,21,27.5,83.7
21:27:09,18,27.5,83.5
21:28:09,23,27.6,83.3
21:29:09,22,27.6,83.4
21:30:09,10,27.6,83.3
21:31:09,11,27.8,82.9
21:32:09,18,27.8,83.1
21:33:09,16,27.8,82.7
21:34:09,21,27.8,83.0
21:35:09,18,27.8,82.9
21:36:09,14,27.8,82.9
21:37:09,20,27.8,82.5
21:38:09,24,27.9,82.6
21:39:09,11,27.9,82.7
21:40:09,19,27.9,82.5
21:41:09,23,27.9,82.4
21:42:09,16,27.9,82.5
21:43:09,19,27.9,82.5
21:44:09,17,28.0,82.4
21:45:09,18,28.0,82.3
21:46:09,21,28.0,82.4
21:47:09,27,28.0,82.4
21:48:09,27,27.9,82.5
21:49:09,20,27.9,82.5
21:50:09,23,27.9,82.4
21:51:09,23,27.9,82.5
21:52:09,17,28.0,82.4
21:53:09,24,28.0,82.3
21:54:09,15,28.0,82.5
21:55:09,27,28.0,82.4
21:56:09,14,28.1,82.3
21:57:09,28,28.0,82.2
21:58:09,20,28.1,82.2
21:59:09,14,28.1,82.1
22:00:09,17,28.1,82.1
22:01:09,21,28.1,82.1
22:02:10,25,28.1,82.0
22:03:10,14,28.1,82.1
22:04:10,17,28.2,81.9
22:05:10,16,28.2,81.9
22:06:10,22,28.2,81.9
22:07:10,11,28.2,82.0
22:08:10,15,28.1,82.1
22:09:10,12,28.2,82.0
22:10:10,12,28.2,81.9
22:11:10,27,28.1,82.1
22:12:10,12,28.1,82.2
22:13:10,16,28.1,82.2
22:14:10,18,28.2,81.9
22:15:10,16,28.2,81.8
22:16:10,14,28.2,81.8
22:17:10,20,28.2,81.9
22:18:10,17,28.2,81.9
22:19:10,25,28.2,82.0
22:20:10,11,28.2,81.8
22:21:10,23,28.2,82.1
22:22:10,19,28.2,81.9
22:23:10,21,28.2,82.0
22:24:10,12,28.2,82.0
22:25:10,16,28.2,82.1
22:26:10,11,27.9,82.9
22:27:10,14,27.7,83.7
22:28:10,8,27.5,84.2
22:29:10,13,27.4,84.5
22:30:10,22,27.3,84.8
22:31:10,21,27.2,85.2
22:32:10,9,27.1,85.4
22:33:11,14,27.1,85.4
22:34:11,9,27.1,85.7
22:35:11,18,27.1,85.9
22:36:11,22,27.0,85.9
22:37:11,18,27.0,86.0
22:38:11,23,27.0,85.9
22:39:11,20,27.0,85.9
22:40:11,16,26.9,86.1
22:41:11,12,26.9,86.2
22:42:11,19,26.9,86.2
22:43:11,19,26.9,86.3
22:44:11,21,26.9,86.3
22:45:11,7,26.8,86.3
22:46:11,16,26.8,86.3
22:47:11,24,26.8,86.2
22:48:11,15,26.8,86.3
22:49:12,14,26.8,86.3
22:50:12,22,26.8,86.1
22:51:12,25,26.8,86.2
22:52:12,11,26.8,86.3
22:53:12,15,26.7,86.4
22:54:12,14,26.7,86.5
22:55:12,25,26.7,86.5
22:56:12,22,26.7,86.5
22:57:12,15,26.8,86.6
22:58:12,23,26.8,86.5
22:59:12,16,26.8,86.3
23:00:13,19,26.9,85.9
23:01:13,13,27.0,85.8
23:02:13,25,27.0,85.8
23:03:13,17,27.0,85.8
23:04:13,19,27.0,85.6
23:05:13,24,27.0,85.5
23:06:13,9,27.0,85.5
23:07:13,14,27.0,85.6
23:08:13,25,27.0,85.7
23:09:13,12,27.0,85.7
23:10:13,12,27.0,85.7
23:11:13,29,27.0,85.7
23:12:14,17,27.0,85.7
23:13:14,24,27.0,85.6
23:14:14,18,27.0,85.6
23:15:14,25,27.0,85.7
23:16:14,12,27.0,85.7
23:17:14,25,27.0,85.7
23:18:14,20,27.0,85.7
23:19:14,14,27.0,85.7
23:20:14,24,27.0,85.8
23:21:14,19,27.0,85.9
23:22:14,9,27.0,85.9
23:23:14,14,27.1,85.9
23:24:14,20,27.0,86.0
23:25:14,22,27.0,86.0
23:26:14,17,27.0,86.1
23:27:14,17,27.1,86.0
23:28:14,17,27.1,86.2
23:29:14,11,27.0,86.2
23:30:15,15,27.0,86.2
23:31:15,23,27.0,86.2
23:32:15,12,27.0,86.4
23:33:15,17,27.0,86.4
23:34:15,23,27.0,86.4
23:35:15,21,27.0,86.5
23:36:15,22,27.1,86.5
23:37:15,14,27.0,86.5
23:38:15,16,27.1,86.4
23:39:15,8,27.2,86.0
23:40:15,23,27.3,85.5
23:41:15,14,27.4,85.0
23:42:15,20,27.5,84.7
23:43:15,22,27.6,84.5
23:44:15,25,27.7,84.4
23:45:15,27,27.7,84.1
23:46:15,19,27.7,83.8
23:47:16,10,27.8,83.7
23:48:16,28,27.8,83.6
23:49:16,16,27.8,83.5
23:50:16,19,27.8,83.4
23:51:16,16,27.9,83.3
23:52:16,17,27.9,83.2
23:53:16,19,27.9,83.0
23:54:16,13,27.9,82.9
23:55:16,18,27.9,82.9
23:56:16,14,28.0,82.8
23:57:16,8,27.9,82.9
23:58:16,17,27.9,82.9
23:59:16,21,28.0,82.8
00:00:16,8,27.9,82.8
00:01:17,17,28.0,82.8
00:02:17,18,28.0,82.7
00:03:17,10,28.0,82.5
00:04:17,18,28.0,82.6
00:05:17,17,28.0,82.6
00:06:17,17,28.0,82.7
00:07:17,25,28.0,82.6
00:08:17,21,28.0,82.6
00:09:17,20,28.0,82.5
00:10:17,18,28.0,82.4
00:11:17,21,28.0,82.4
00:12:17,11,28.0,82.4
00:13:17,20,28.0,82.4
00:14:18,14,28.1,82.3
00:15:18,20,28.1,82.3
00:16:18,16,28.0,82.4
00:17:18,14,28.0,82.5
00:18:18,20,28.0,82.6
00:19:18,13,28.0,82.6
00:20:18,16,28.0,82.5
00:21:18,22,28.0,82.6
00:22:18,23,28.0,82.7
00:23:18,16,27.9,82.6
00:24:18,15,27.9,82.7
00:25:18,12,28.0,82.6
00:26:18,20,28.0,82.6
00:27:18,13,28.0,82.4
00:28:18,18,28.0,82.2
00:29:18,15,28.0,82.2
00:30:18,15,28.0,82.2
00:31:18,17,28.0,82.1
00:32:19,8,28.1,82.1
00:33:19,10,28.0,82.1
00:34:19,15,28.1,82.0
00:35:19,27,28.1,81.9
00:36:19,11,28.1,81.9
00:37:19,16,28.1,81.7
00:38:19,9,28.1,81.7
00:39:19,21,28.1,81.6
00:40:19,21,28.1,81.6
00:41:19,28,28.1,81.6
00:42:19,20,28.1,81.4
00:43:19,20,28.1,81.3
00:44:19,12,28.1,81.3
00:45:19,17,28.2,81.1
00:46:19,17,28.2,81.1
00:47:19,27,28.1,81.0
00:48:19,20,28.1,81.1
00:49:19,12,28.1,80.9
00:50:19,19,28.1,80.9
00:51:20,15,28.2,80.9
00:52:20,19,28.2,80.7
00:53:20,13,28.2,80.7
00:54:20,18,28.2,80.7
00:55:20,20,28.2,80.7
00:56:20,14,28.1,80.8
00:57:20,19,28.1,80.7
00:58:20,22,28.1,80.5
00:59:20,13,28.1,80.7
01:00:20,13,28.1,80.6
01:01:20,21,28.2,80.5
01:02:20,16,28.2,80.6
01:03:20,19,28.2,80.3
01:04:21,12,28.2,80.3
01:05:21,13,28.1,80.4
01:06:21,19,28.1,80.6
01:07:21,16,28.1,80.5
01:08:21,21,28.1,80.6
01:09:21,19,28.1,80.6
01:10:21,24,28.1,80.6
01:11:21,17,28.1,80.5
01:12:21,8,28.1,80.6
01:13:21,15,28.1,80.7
01:14:22,13,28.1,80.5
01:15:22,23,28.1,80.4
01:16:22,24,28.1,80.4
01:17:22,12,28.1,80.4
01:18:22,16,28.1,80.4
01:19:22,13,28.1,80.4
01:20:22,16,28.1,80.4
01:21:22,28,28.1,80.5
01:22:22,11,28.1,80.5
01:23:22,6,28.1,80.4
01:24:22,26,28.1,80.4
01:25:22,18,28.1,80.5
01:26:23,11,28.1,80.3
01:27:23,24,28.1,80.2
01:28:23,17,28.1,80.2
01:29:23,8,28.1,80.1
01:30:23,13,28.1,80.3
01:31:23,14,28.1,80.2
01:32:23,15,28.1,80.2
01:33:23,15,28.1,80.4
01:34:23,13,28.1,80.4
01:35:23,17,28.1,80.4
01:36:23,14,28.1,80.4
01:37:23,17,28.1,80.3
01:38:23,8,28.1,80.2
01:39:23,18,28.1,80.1
01:40:23,13,28.1,80.2
01:41:23,24,28.1,80.1
01:42:23,15,28.0,80.4
01:43:24,11,28.0,80.5
01:44:24,15,28.0,80.5
01:45:24,36,28.0,80.5
01:46:24,12,28.0,80.5
01:47:24,15,28.1,80.2
01:48:24,18,28.1,80.1
01:49:24,28,28.1,80.2
01:50:24,13,28.1,80.1
01:51:24,3,28.1,80.2
01:52:24,28,28.1,80.1
01:53:24,23,28.1,80.1
01:54:24,12,28.1,79.9
01:55:24,25,28.1,79.8
01:56:24,21,28.1,79.8
01:57:24,14,28.1,79.8
01:58:24,16,28.1,80.0
01:59:24,15,28.1,80.0
02:00:24,25,28.1,80.0
02:01:24,17,28.0,80.0
02:02:24,17,28.1,80.0
02:03:24,19,28.1,80.0
02:04:25,19,28.1,80.0
02:05:25,10,28.1,79.9
02:06:25,18,28.0,80.0
02:07:25,23,28.0,80.0
02:08:25,15,28.0,80.1
02:09:25,21,28.0,80.1
02:10:25,13,27.9,80.3
02:11:25,30,28.0,80.1
02:12:25,19,28.0,79.7
02:13:25,19,28.0,79.6
02:14:25,11,28.0,79.6
02:15:25,25,28.0,79.4
02:16:26,19,28.0,79.2
02:17:26,17,28.0,79.3
02:18:26,18,28.0,79.3
02:19:26,29,28.0,79.3
02:20:26,16,28.0,79.4
02:21:26,14,28.0,79.4
02:22:26,17,28.1,79.2
02:23:26,13,28.0,79.2
02:24:26,18,28.0,79.4
02:25:26,18,28.0,79.2
02:26:26,17,28.0,79.2
02:27:26,17,28.0,79.0
02:28:26,19,28.1,78.8
02:29:26,12,28.1,78.7
02:30:26,18,28.1,78.6
02:31:26,9,28.0,78.3
02:32:27,9,28.0,78.4
02:33:27,29,28.0,78.3
02:34:27,18,28.0,78.2
02:35:27,13,28.0,78.3
02:36:27,8,28.0,78.2
02:37:27,21,28.0,78.2
02:38:27,15,28.0,78.1
02:39:27,29,27.9,78.1
02:40:27,26,28.0,78.0
02:41:27,13,28.0,77.9
02:42:27,21,27.9,77.8
02:43:27,18,27.9,77.9
02:44:27,18,28.0,77.9
02:45:27,14,27.9,77.8
02:46:27,23,27.9,77.6
02:47:27,15,27.9,77.7
02:48:27,18,27.9,77.6
02:49:27,11,27.9,77.5
02:50:27,12,27.9,77.5
02:51:27,17,27.9,77.6
02:52:27,20,27.9,77.4
02:53:27,17,27.9,77.3
02:54:28,16,27.9,77.1
02:55:28,19,27.9,77.2
02:56:28,14,27.9,77.3
02:57:28,15,27.9,77.2
02:58:28,17,27.9,77.2
02:59:28,17,27.9,77.2
03:00:28,20,27.9,77.1
03:01:28,26,27.9,77.1
03:02:28,17,27.9,77.2
03:03:28,9,27.9,77.1
03:04:28,17,27.9,77.1
03:05:29,10,27.9,77.1
03:06:29,25,27.9,77.2
03:07:29,14,27.9,77.0
03:08:29,14,27.8,77.2
03:09:29,11,27.9,77.1
03:10:29,23,27.8,77.3
03:11:29,20,27.8,77.4
03:12:29,15,27.8,77.3
03:13:29,25,27.9,77.2
03:14:29,18,27.8,77.4
03:15:29,17,27.8,77.8
03:16:29,18,27.8,77.4
03:17:29,20,27.8,77.6
03:18:29,12,27.8,77.7
03:19:29,18,27.8,77.9
03:20:29,15,27.8,77.8
03:21:29,14,27.8,77.7
03:22:29,18,27.8,77.9
03:23:29,9,27.8,77.8
03:24:30,10,27.8,77.6
03:25:30,21,27.9,77.7
03:26:30,15,27.9,77.5
03:27:30,18,27.9,77.5
03:28:30,25,27.9,77.4
03:29:30,26,27.9,77.4
03:30:30,23,27.9,77.6
03:31:30,13,27.9,77.4
03:32:30,14,27.9,77.5
03:33:30,16,27.8,77.5
03:34:30,17,27.8,77.5
03:35:30,19,27.9,77.4
03:36:31,15,27.8,77.5
03:37:31,25,27.8,77.6
03:38:31,20,27.8,77.5
03:39:31,26,27.8,77.5
03:40:31,13,27.8,77.4
03:41:31,14,27.8,77.3
03:42:31,18,27.8,77.4
03:43:31,17,27.8,77.3
03:44:31,16,27.8,77.3
03:45:31,9,27.8,77.3
03:46:32,9,27.8,77.3
03:47:32,23,27.8,77.2
03:48:32,12,27.8,77.4
03:49:32,23,27.8,77.3
03:50:32,23,27.8,77.3
03:51:32,21,27.8,77.2
03:52:32,22,27.8,77.2
03:53:32,13,27.8,77.0
03:54:32,13,27.8,77.1
03:55:32,6,27.8,77.0
03:56:32,17,27.8,77.1
03:57:33,16,27.7,77.7
03:58:33,22,27.6,77.5
03:59:33,18,27.6,77.6
04:00:33,19,27.7,77.3
04:01:33,19,27.7,77.1
04:02:33,13,27.7,77.1
04:03:33,14,27.7,77.1
04:04:33,23,27.7,77.1
04:05:33,22,27.7,77.1
04:06:33,24,27.7,77.1
04:07:33,17,27.7,77.0
04:08:33,23,27.7,77.3
04:09:33,11,27.7,77.2
04:10:34,14,27.7,77.2
04:11:34,16,27.7,77.0
04:12:34,15,27.7,77.0
04:13:34,14,27.7,77.0
04:14:34,13,27.6,77.1
04:15:34,25,27.6,77.4
04:16:34,17,27.6,77.2
04:17:34,22,27.7,77.2
04:18:34,16,27.7,77.1
04:19:34,22,27.7,77.0
04:20:34,16,27.7,77.0
04:21:34,16,27.7,77.0
04:22:34,14,27.7,77.4
04:23:34,18,27.6,77.8
04:24:34,14,27.5,78.3
04:25:34,24,27.4,78.5
04:26:34,18,27.4,77.9
04:27:34,13,27.4,78.5
04:28:35,20,27.4,77.9
04:29:35,23,27.4,77.8
04:30:35,18,27.5,77.5
04:31:35,17,27.6,77.2
04:32:35,14,27.6,76.9
04:33:35,18,27.6,76.9
04:34:35,18,27.7,76.8
04:35:35,13,27.7,76.7
04:36:35,15,27.7,76.6
04:37:35,17,27.6,76.4
04:38:35,17,27.7,76.4
04:39:35,16,27.7,76.4
04:40:35,15,27.7,76.5
04:41:35,23,27.7,76.5
04:42:35,22,27.7,76.6
04:43:35,27,27.6,77.2
04:44:36,22,27.5,77.4
04:45:36,11,27.4,78.0
04:46:36,23,27.4,77.5
04:47:36,15,27.4,77.3
04:48:36,16,27.4,77.0
04:49:36,14,27.4,77.0
04:50:36,13,27.4,78.2
04:51:36,19,27.3,77.5
04:52:36,21,27.3,77.4
04:53:36,28,27.3,77.4
04:54:36,18,27.4,77.4
04:55:36,12,27.5,77.0
04:56:36,17,27.5,77.3
04:57:36,14,27.5,77.5
04:58:36,16,27.5,78.1
04:59:36,15,27.5,77.5
05:00:36,18,27.4,77.4
05:01:36,24,27.5,77.3
05:02:37,13,27.5,77.4
05:03:37,25,27.5,77.4
05:04:37,11,27.5,77.4
05:05:37,21,27.5,77.0
05:06:37,24,27.5,76.3
05:07:37,19,27.6,76.2
05:08:37,24,27.6,76.2
05:09:37,19,27.5,76.9
05:10:37,16,27.5,77.1
05:11:37,21,27.4,77.3
05:12:37,20,27.4,77.3
05:13:37,21,27.4,77.5
05:14:37,24,27.4,77.6
05:15:37,17,27.3,77.1
05:16:37,22,27.3,77.3
05:17:37,21,27.3,77.3
05:18:37,24,27.3,77.2
05:19:38,8,27.4,77.3
05:20:38,14,27.4,77.3
05:21:38,6,27.3,77.4
05:22:38,12,27.3,77.4
05:23:38,18,27.3,77.0
05:24:38,23,27.3,77.1
05:25:38,22,27.4,76.9
05:26:38,17,27.3,77.1
05:27:38,19,27.3,77.0
05:28:38,12,27.3,77.2
05:29:38,17,27.3,77.2
05:30:38,12,27.3,77.1
05:31:38,12,27.3,76.9
05:32:38,17,27.3,76.9
05:33:38,29,27.3,76.3
05:34:38,18,27.3,76.8
05:35:38,25,27.3,77.4
05:36:38,15,27.3,76.9
05:37:38,16,27.3,77.2
05:38:38,20,27.3,76.5
05:39:38,16,27.3,76.9
05:40:38,13,27.3,77.4
05:41:38,14,27.3,77.3
05:42:38,21,27.4,76.7
05:43:39,22,27.4,76.6
05:44:39,14,27.4,77.2
05:45:39,16,27.3,77.4
05:46:39,14,27.3,77.4
05:47:39,15,27.3,77.4
05:48:39,20,27.3,76.8
05:49:39,16,27.4,76.6
05:50:39,20,27.4,76.9
05:51:39,20,27.4,76.6
05:52:39,14,27.4,76.5
05:53:39,23,27.4,76.5
05:54:39,20,27.4,76.5
05:55:39,32,27.4,77.2
05:56:39,16,27.4,76.7
05:57:39,17,27.4,76.6
05:58:39,14,27.4,76.7
05:59:39,28,27.4,76.6
06:00:39,29,27.4,76.7
06:01:40,18,27.4,76.5
06:02:40,18,27.5,76.4
06:03:40,20,27.5,76.3
06:04:40,32,27.5,76.6
06:05:40,20,27.5,76.5
06:06:40,19,27.5,76.5
06:07:40,21,27.5,76.5
06:08:40,13,27.4,77.3
06:09:40,13,27.4,77.6
06:10:40,14,27.4,77.4
06:11:40,22,27.4,76.9
06:12:40,19,27.4,76.9
06:13:40,23,27.5,77.2
06:14:40,20,27.4,77.8
06:15:40,18,27.4,77.6
06:16:40,20,27.4,77.9
06:17:41,22,27.4,77.8
06:18:41,10,27.4,77.8
06:19:41,20,27.5,77.5
06:20:41,16,27.5,77.2
06:21:41,13,27.5,77.6
06:22:41,14,27.4,78.1
06:23:41,17,27.4,78.3
06:24:41,21,27.4,78.4
06:25:41,25,27.4,78.3
06:26:41,11,27.4,78.5
06:27:41,15,27.4,78.0
06:28:41,11,27.5,77.8
06:29:41,21,27.5,77.9
06:30:41,18,27.5,78.1
06:31:41,11,27.5,78.4
06:32:41,9,27.4,78.2
06:33:41,16,27.5,77.8
06:34:41,14,27.6,77.6
06:35:42,14,27.6,77.5
06:36:42,15,27.6,77.5
06:37:42,24,27.6,77.5
06:38:42,21,27.6,77.7
06:39:42,18,27.6,77.6
06:40:42,20,27.6,77.9
06:41:42,17,27.6,78.1
06:42:42,13,27.6,78.1
06:43:42,16,27.6,78.4
06:44:42,14,27.5,78.7
06:45:42,17,27.6,78.5
06:46:43,17,27.6,78.1
06:47:43,11,27.6,78.1
06:48:43,27,27.7,77.9
06:49:43,17,27.7,77.7
06:50:43,14,27.6,78.0
06:51:43,13,27.6,78.1
06:52:43,6,27.6,77.9
06:53:43,31,27.6,78.1
06:54:43,16,27.6,78.1
06:55:43,16,27.6,77.9
06:56:43,17,27.6,78.0
06:57:43,17,27.6,78.1
06:58:43,22,27.6,78.1
06:59:43,17,27.6,78.1
