07:00:43,26,27.6,78.2
07:01:43,14,27.6,78.1
07:02:44,22,27.6,77.9
07:03:44,21,27.6,78.2
07:04:44,15,27.6,78.0
07:05:44,16,27.6,77.9
07:06:44,9,27.6,78.0
07:07:44,17,27.6,78.3
07:08:44,37,27.6,78.2
07:09:44,16,27.5,78.5
07:10:44,15,27.5,78.5
07:11:44,20,27.6,78.2
07:12:44,17,27.6,78.1
07:13:44,22,27.7,78.0
07:14:44,9,27.6,77.9
07:15:44,17,27.6,77.9
07:16:44,20,27.7,78.0
07:17:44,13,27.7,77.9
07:18:44,11,27.7,77.9
07:19:44,17,27.7,77.8
07:20:44,15,27.7,77.9
07:21:45,22,27.6,78.1
07:22:45,21,27.6,78.3
07:23:45,29,27.7,78.2
07:24:45,10,27.7,78.2
07:25:45,22,27.7,78.3
07:26:45,10,27.7,78.2
07:27:45,16,27.7,78.1
07:28:45,19,27.7,78.2
07:29:45,8,27.7,78.4
07:30:45,18,27.7,78.3
07:31:45,20,27.7,78.1
07:32:45,17,27.7,78.1
07:33:45,22,27.8,78.0
07:34:45,13,27.7,78.1
07:35:45,15,27.7,78.1
07:36:45,21,27.8,78.2
07:37:45,18,27.8,78.0
07:38:45,12,27.8,78.1
07:39:45,28,27.8,78.1
07:40:45,13,27.8,78.1
07:41:45,16,27.7,78.4
07:42:45,15,27.7,78.5
07:43:46,16,27.8,78.3
07:44:46,24,27.8,78.2
07:45:46,13,27.7,78.3
07:46:46,11,27.6,78.8
07:47:46,27,27.7,78.7
07:48:46,17,27.7,78.6
07:49:46,17,27.7,78.7
07:50:46,14,27.6,78.8
07:51:46,19,27.5,79.2
07:52:46,15,27.6,79.3
07:53:46,20,27.6,79.3
07:54:46,11,27.6,79.2
07:55:46,20,27.7,79.2
07:56:46,21,27.7,79.1
07:57:46,13,27.7,79.1
07:58:46,8,27.7,79.4
07:59:46,16,27.7,79.4
08:00:46,21,27.8,79.1
08:01:46,13,27.8,79.1
08:02:46,22,27.8,79.2
08:03:47,26,27.8,79.2
08:04:47,26,27.8,79.1
08:05:47,24,27.8,79.4
08:06:47,10,27.7,79.5
08:07:47,11,27.7,79.7
08:08:47,20,27.7,79.8
08:09:47,14,27.8,79.5
08:10:47,27,27.8,79.4
08:11:47,12,27.9,79.4
08:12:47,29,27.9,79.3
08:13:47,9,27.9,79.2
08:14:47,12,27.9,79.2
08:15:47,21,27.9,79.2
08:16:47,7,28.0,79.1
08:17:47,20,28.0,79.2
08:18:47,16,28.0,79.2
08:19:47,9,27.9,79.5
08:20:47,19,27.9,79.6
08:21:47,24,28.0,79.6
08:22:48,18,28.0,79.4
08:23:48,16,28.0,79.4
08:24:48,18,28.0,79.4
08:25:48,20,28.0,79.2
08:26:48,20,28.0,79.2
08:27:48,29,28.1,79.3
08:28:48,21,28.1,79.3
08:29:48,17,28.1,79.3
08:30:48,26,27.9,79.5
08:31:48,31,27.9,79.7
08:32:48,35,27.9,79.4
08:33:48,15,28.0,79.2
08:34:49,15,28.0,79.1
08:35:49,19,28.0,79.4
08:36:49,15,27.9,79.9
08:37:49,22,27.8,79.9
08:38:49,25,27.8,79.7
08:39:49,18,27.7,80.1
08:40:49,23,27.8,79.2
08:41:49,15,27.9,79.9
08:42:49,24,27.8,80.0
08:43:49,18,27.8,80.1
08:44:49,21,27.8,80.4
08:45:49,15,27.9,80.2
08:46:49,17,27.9,79.9
08:47:49,24,28.0,79.7
08:48:50,22,28.0,79.6
08:49:50,20,28.1,79.5
08:50:50,20,28.1,79.4
08:51:50,14,28.1,79.4
08:52:50,23,28.1,79.5
08:53:50,11,28.1,79.2
08:54:50,24,28.1,79.2
08:55:50,14,28.2,79.2
08:56:50,13,28.2,79.0
08:57:50,11,28.2,79.1
08:58:50,25,28.2,79.0
08:59:50,12,28.2,79.0
09:00:51,19,28.2,79.0
09:01:51,24,28.2,79.1
09:02:51,15,28.2,79.2
09:03:51,19,28.2,79.1
09:04:51,23,28.1,79.2
09:05:51,23,28.1,79.3
09:06:51,20,28.1,79.5
09:07:51,18,28.1,79.5
09:08:51,18,28.1,79.5
09:09:52,15,28.0,79.7
09:10:52,8,28.0,79.8
09:11:52,17,28.0,79.9
09:12:52,16,28.0,80.4
09:13:52,18,28.0,80.0
09:14:52,29,28.0,80.1
09:15:52,29,28.0,80.1
09:16:52,22,28.0,80.1
09:17:52,13,28.0,80.0
09:18:53,16,28.0,80.2
09:19:53,22,28.0,80.0
09:20:53,21,28.0,80.4
09:21:53,12,28.1,80.0
09:22:53,23,28.1,80.2
09:23:53,20,28.1,80.3
09:24:53,19,28.1,80.2
09:25:53,16,28.1,80.3
09:26:53,23,28.1,80.4
09:27:53,14,28.1,80.5
09:28:53,21,28.1,80.3
09:29:53,10,28.1,80.7
09:30:54,19,28.1,80.5
09:31:54,16,28.1,80.6
09:32:54,11,28.1,80.6
09:33:54,18,28.2,80.6
09:34:54,18,28.2,80.5
09:35:54,20,28.2,80.4
09:36:54,13,28.2,80.5
09:37:54,20,28.2,80.6
09:38:54,17,28.2,80.5
09:39:54,14,28.2,80.5
09:40:54,14,28.2,80.6
09:41:54,27,28.2,80.7
09:42:55,15,28.3,80.6
09:43:55,31,28.2,80.7
09:44:55,12,28.2,80.8
09:45:55,18,28.3,80.6
09:46:55,20,28.3,80.4
09:47:55,15,28.3,80.7
09:48:55,21,28.3,80.6
09:49:55,14,28.3,80.6
09:50:55,15,28.4,80.5
09:51:55,13,28.4,80.4
09:52:55,18,28.4,80.3
09:53:56,11,28.4,80.2
09:54:56,8,28.5,80.2
09:55:56,15,28.4,80.1
09:56:56,12,28.4,80.2
09:57:56,26,28.4,80.3
09:58:56,19,28.4,80.3
09:59:56,21,28.4,80.5
10:00:56,20,28.4,80.4
10:01:56,25,28.4,80.4
10:02:56,21,28.4,80.5
10:03:56,12,28.4,80.5
10:04:56,12,28.4,80.5
10:05:57,19,28.4,80.6
10:06:57,11,28.4,80.5
10:07:57,12,28.4,80.5
10:08:57,10,28.5,80.3
10:09:57,21,28.5,80.4
10:10:57,14,28.5,80.4
10:11:57,21,28.5,80.3
10:12:57,18,28.5,80.3
10:13:57,32,28.5,80.5
10:14:57,14,28.5,80.4
10:15:57,8,28.5,80.5
10:16:57,23,28.5,80.4
10:17:57,12,28.6,80.3
10:18:57,20,28.6,80.3
10:19:57,8,28.6,80.3
10:20:57,16,28.6,80.1
10:21:57,13,28.6,80.2
10:22:58,14,28.6,80.2
10:23:58,11,28.6,80.3
10:24:58,21,28.6,80.2
10:25:58,16,28.6,80.2
10:26:58,15,28.6,80.3
10:27:58,12,28.6,80.3
10:28:58,12,28.6,80.1
10:29:58,14,28.6,80.1
10:30:58,15,28.7,80.0
10:31:58,16,28.7,80.0
10:32:58,20,28.7,79.9
10:33:58,23,28.6,80.0
10:34:58,16,28.7,80.0
10:35:58,15,28.7,79.9
10:36:58,20,28.7,79.7
10:37:58,22,28.7,79.7
10:38:58,19,28.7,79.6
10:39:58,18,28.7,79.7
10:40:58,12,28.7,79.7
10:41:58,16,28.7,79.8
10:42:58,20,28.8,79.7
10:43:59,22,28.8,79.7
10:44:59,21,28.8,79.6
10:45:59,11,28.8,79.5
10:46:59,18,28.8,79.5
10:47:59,16,28.9,79.4
10:48:59,22,28.9,79.4
10:49:59,23,28.9,79.1
10:50:59,11,28.9,78.9
10:51:59,13,28.9,79.0
10:52:59,27,28.9,79.2
10:53:59,13,28.9,79.2
10:54:59,20,28.9,79.2
10:55:59,12,28.9,79.0
10:56:59,12,29.0,78.9
10:57:59,21,28.9,78.9
10:58:59,26,29.0,78.9
11:00:00,23,29.0,78.7
11:01:00,21,29.0,78.8
11:02:00,16,29.0,78.6
11:03:00,12,29.1,78.3
11:04:00,18,29.0,78.3
11:05:00,22,29.0,78.6
11:06:00,29,29.0,78.1
11:07:00,10,29.1,78.3
11:08:00,20,29.1,78.0
11:09:00,13,29.1,77.6
11:10:00,13,29.1,77.6
11:11:00,19,29.1,77.8
11:12:00,19,29.1,77.8
11:13:00,20,29.1,77.7
11:14:00,22,29.1,77.5
11:15:00,22,29.1,77.5
11:16:00,19,29.1,77.3
11:17:00,16,29.2,76.0
11:18:00,11,29.2,76.4
11:19:00,27,29.2,75.6
11:20:00,17,29.2,75.4
11:21:01,19,29.2,75.2
11:22:01,23,29.2,75.2
11:23:01,16,29.2,75.1
11:24:01,22,29.2,74.9
11:25:01,15,29.2,74.8
11:26:01,15,29.3,75.0
11:27:01,14,29.3,74.2
11:28:01,16,29.3,74.5
11:29:01,24,29.3,74.4
11:30:01,15,29.3,74.4
11:31:01,18,29.3,74.5
11:32:01,20,29.3,74.6
11:33:01,15,29.3,74.5
11:34:01,11,29.4,74.1
11:35:01,20,29.4,74.2
11:36:01,11,29.4,74.4
11:37:01,10,29.4,74.3
11:38:01,16,29.4,73.9
11:39:01,9,29.3,73.7
11:40:01,24,29.3,74.3
11:41:01,21,29.3,74.3
11:42:01,9,29.3,74.1
11:43:01,20,29.4,73.9
11:44:01,16,29.4,73.9
11:45:01,16,29.4,73.6
11:46:01,12,29.4,73.5
11:47:02,7,29.4,73.5
11:48:02,13,29.4,73.1
11:49:02,15,29.4,73.3
11:50:02,27,29.4,73.6
11:51:02,25,29.4,73.4
11:52:02,11,29.4,73.6
11:53:02,20,29.4,73.0
11:54:02,13,29.4,73.4
11:55:02,20,29.4,73.7
11:56:02,13,29.4,73.5
11:57:02,20,29.4,73.8
11:58:02,13,29.4,74.0
11:59:02,17,29.4,73.7
12:00:02,14,29.4,73.5
12:01:02,26,29.4,73.7
12:02:02,6,29.4,73.7
12:03:02,22,29.4,73.6
12:04:02,13,29.4,74.0
12:05:02,13,29.4,73.9
12:06:02,21,29.4,73.9
12:07:03,15,29.4,73.9
12:08:03,27,29.4,74.0
12:09:03,20,29.4,74.3
12:10:03,23,29.4,74.1
12:11:03,22,29.4,74.4
12:12:03,23,29.5,74.2
12:13:03,8,29.5,73.9
12:14:03,10,29.5,74.0
12:15:03,16,29.4,74.0
12:16:03,19,29.4,74.1
12:17:03,26,29.5,74.2
12:18:03,12,29.5,74.0
12:19:03,15,29.5,74.1
12:20:03,16,29.5,74.4
12:21:03,22,29.5,74.4
12:22:03,16,29.6,74.3
12:23:03,14,29.5,74.3
12:24:03,8,29.5,74.5
12:25:04,18,29.5,74.6
12:26:04,24,29.5,74.6
12:27:04,12,29.5,74.6
12:28:04,15,29.5,74.6
12:29:04,21,29.6,74.4
12:30:04,28,29.6,74.6
12:31:04,21,29.6,74.4
12:32:04,10,29.6,74.3
12:33:04,13,29.6,74.1
12:34:04,10,29.6,74.1
12:35:04,21,29.6,74.2
12:36:04,12,29.7,74.5
12:37:04,18,29.6,74.5
12:38:04,18,29.6,74.6
12:39:04,19,29.7,74.7
12:40:04,15,29.7,74.7
12:41:04,22,29.7,74.7
12:42:04,26,29.7,74.8
12:43:04,18,29.7,74.6
12:44:04,11,29.7,74.7
12:45:04,15,29.7,74.6
12:46:04,23,29.7,74.8
12:47:04,17,29.7,74.8
12:48:05,27,29.7,74.7
12:49:05,19,29.7,74.7
12:50:05,18,29.8,74.7
12:51:05,10,29.8,74.8
12:52:05,20,29.8,74.4
12:53:05,17,29.8,74.5
12:54:05,11,29.8,74.2
12:55:05,10,29.8,74.1
12:56:05,10,29.8,72.7
12:57:05,14,29.8,73.5
12:58:05,17,29.8,73.7
12:59:05,18,29.8,73.8
13:00:05,22,29.8,73.7
13:01:05,22,29.8,73.8
13:02:05,12,29.8,74.1
13:03:05,18,29.8,74.1
13:04:05,13,29.8,72.7
13:05:05,14,29.8,73.1
13:06:05,21,29.7,73.2
13:07:05,17,29.7,72.0
13:08:05,17,29.8,72.2
13:09:05,16,29.7,72.9
13:10:05,12,29.8,73.0
13:11:05,27,29.8,73.2
13:12:05,14,29.8,73.3
13:13:05,14,29.8,73.2
13:14:05,21,29.8,73.2
13:15:05,19,29.8,73.2
13:16:05,19,29.8,73.2
13:17:05,15,29.8,73.3
13:18:05,23,29.8,73.4
13:19:05,18,29.8,73.5
13:20:05,20,29.8,73.5
13:21:05,25,29.8,73.7
13:22:06,16,29.8,73.3
13:23:06,18,29.8,73.4
13:24:06,24,29.8,73.3
13:25:06,21,29.8,73.3
13:26:06,17,29.8,72.8
13:27:06,17,29.8,72.9
13:28:06,14,29.8,73.1
13:29:06,24,29.8,72.9
13:30:06,16,29.8,73.6
13:31:06,15,29.8,73.5
13:32:06,16,29.8,73.5
13:33:06,16,29.8,73.6
13:34:06,18,29.8,73.7
13:35:06,11,29.8,73.7
13:36:06,14,29.8,73.8
13:37:06,19,29.8,74.0
13:38:06,13,29.8,74.1
13:39:07,22,29.8,74.0
13:40:07,14,29.7,74.0
13:41:07,21,29.7,74.1
13:42:07,28,29.8,74.1
13:43:07,18,29.8,74.2
13:44:07,12,29.8,73.7
13:45:07,12,29.9,73.3
13:46:07,19,29.8,73.4
13:47:07,18,29.9,73.3
13:48:07,15,29.9,73.4
13:49:07,15,29.9,73.2
13:50:07,12,29.9,72.6
13:51:07,16,29.9,72.9
13:52:07,24,29.9,73.2
13:53:07,10,29.9,73.3
13:54:07,11,29.9,73.3
13:55:08,13,29.9,73.5
13:56:08,11,30.0,73.0
13:57:08,20,30.0,73.1
13:58:08,15,30.0,73.2
13:59:08,15,30.0,73.1
14:00:08,10,30.0,71.9
14:01:08,25,30.0,72.4
14:02:08,25,30.0,72.7
14:03:08,18,30.0,73.0
14:04:08,18,29.9,73.2
14:05:08,23,29.9,73.3
14:06:08,16,29.9,73.4
14:07:08,19,30.0,73.7
14:08:09,15,29.9,74.0
14:09:09,28,29.9,74.0
14:10:09,24,30.0,74.0
14:11:09,19,30.0,74.0
14:12:09,11,30.0,74.1
14:13:09,13,30.0,73.8
14:14:09,21,30.1,73.3
14:15:09,18,30.0,73.6
14:16:09,12,30.1,73.8
14:17:09,15,30.0,73.9
14:18:09,22,30.0,73.9
14:19:09,12,30.0,74.0
14:20:09,19,30.0,74.1
14:21:10,21,30.0,74.1
14:22:10,14,30.1,74.1
14:23:10,14,30.1,74.2
14:24:10,12,30.1,74.2
14:25:10,14,30.1,74.1
14:26:10,15,30.2,73.2
14:27:10,18,30.1,73.3
14:28:10,15,30.1,73.2
14:29:10,14,30.1,72.6
14:30:10,28,30.1,72.5
14:31:10,20,30.1,72.7
14:32:10,22,30.2,72.5
14:33:10,17,30.1,73.0
14:34:11,7,30.2,72.9
14:35:11,20,30.1,73.1
14:36:11,27,30.2,72.6
14:37:11,12,30.2,72.9
14:38:11,11,30.1,73.1
14:39:11,8,30.1,73.1
14:40:11,16,30.1,73.1
14:41:11,24,30.1,72.7
14:42:11,22,30.1,73.1
14:43:11,18,30.1,73.1
14:44:11,13,30.2,73.0
14:45:12,22,30.2,73.1
14:46:12,15,30.2,73.2
14:47:12,17,30.1,73.2
14:48:12,14,30.2,73.2
14:49:12,17,30.2,73.5
14:50:12,17,30.1,73.4
14:51:12,13,30.2,73.3
14:52:12,17,30.1,73.2
14:53:12,16,30.1,73.1
14:54:12,17,30.2,73.0
14:55:13,16,30.2,72.9
14:56:13,12,30.2,73.0
14:57:13,13,30.2,73.1
14:58:13,28,30.2,73.3
14:59:13,14,30.2,73.3
15:00:13,17,30.2,73.4
15:01:13,20,30.2,73.4
15:02:13,22,30.2,73.3
15:03:13,19,30.2,72.7
15:04:13,22,30.3,73.3
15:05:13,18,30.2,73.3
15:06:14,19,30.2,73.3
15:07:14,23,30.2,73.5
15:08:14,18,30.2,73.5
15:09:14,9,30.2,73.4
15:10:14,26,30.3,73.7
15:11:14,6,30.2,73.6
15:12:14,13,30.2,73.9
15:13:14,17,30.2,73.9
15:14:14,18,30.2,73.8
15:15:14,19,30.3,73.9
15:16:14,20,30.2,74.0
15:17:14,19,30.2,74.1
15:18:14,23,30.2,74.1
15:19:14,21,30.2,74.0
15:20:15,25,30.2,74.0
15:21:15,12,30.2,74.0
15:22:15,10,30.2,74.2
15:23:15,13,30.2,74.3
15:24:15,13,30.1,74.3
15:25:15,15,30.2,74.4
15:26:15,14,30.1,74.3
15:27:15,15,30.2,74.3
15:28:15,20,30.2,74.3
15:29:15,14,30.2,74.4
15:30:15,17,30.2,74.3
15:31:15,22,30.2,74.4
15:32:16,8,30.2,74.3
15:33:16,21,30.1,74.3
15:34:16,10,30.1,74.5
15:35:16,24,30.1,74.5
15:36:16,12,30.1,74.4
15:37:16,20,30.1,74.7
15:38:16,13,30.1,74.4
15:39:16,21,30.0,74.5
15:40:16,19,30.0,74.4
15:41:16,20,30.1,74.3
15:42:16,13,30.1,74.4
15:43:16,16,30.1,74.5
15:44:16,16,30.0,74.4
15:45:17,22,29.9,74.6
15:46:17,30,30.0,74.5
15:47:17,18,29.9,74.7
15:48:17,18,30.0,74.8
15:49:17,19,30.0,74.8
15:50:17,19,30.0,74.7
15:51:17,12,30.1,74.5
15:52:17,15,30.0,74.6
15:53:17,16,30.0,74.6
15:54:17,15,30.0,74.9
15:55:17,20,29.9,75.5
15:56:17,26,29.8,75.3
15:57:17,16,29.9,75.4
15:58:17,18,29.8,75.5
15:59:18,25,29.7,75.5
16:00:18,22,29.6,75.3
16:01:18,18,29.6,75.5
16:02:18,32,29.6,75.6
16:03:18,25,29.6,75.6
16:04:18,13,29.6,75.4
16:05:18,14,29.7,75.6
16:06:18,10,29.7,75.9
16:07:18,26,29.6,75.7
16:08:18,13,29.7,75.4
16:09:19,18,29.7,75.5
16:10:19,18,29.7,75.8
16:11:19,12,29.7,75.8
16:12:19,22,29.7,75.8
16:13:19,13,29.7,75.7
16:14:19,10,29.7,75.7
16:15:19,11,29.7,76.1
16:16:19,21,29.7,75.9
16:17:20,20,29.8,75.9
16:18:20,14,29.8,75.6
16:19:20,22,29.7,75.6
16:20:20,30,29.5,75.7
16:21:20,13,29.6,75.9
16:22:20,18,29.6,75.9
16:23:20,26,29.5,76.1
16:24:20,19,29.5,75.9
16:25:20,28,29.5,76.1
16:26:20,20,29.4,76.2
16:27:20,15,29.4,76.8
16:28:20,14,29.4,76.7
16:29:20,23,29.4,76.3
16:30:20,22,29.4,76.3
16:31:21,18,29.4,76.4
16:32:21,24,29.3,76.8
16:33:21,22,29.3,76.4
16:34:21,10,29.3,76.7
16:35:21,16,29.2,76.9
16:36:21,12,29.2,76.8
16:37:21,24,29.3,76.8
16:38:21,21,29.3,77.0
16:39:21,18,29.3,76.7
16:40:21,13,29.3,76.6
16:41:21,19,29.2,76.9
16:42:22,15,29.3,77.1
16:43:22,28,29.3,77.2
16:44:22,18,29.2,77.2
16:45:22,18,29.2,77.1
16:46:22,18,29.2,77.1
16:47:22,18,29.2,77.2
16:48:22,10,29.2,77.5
16:49:22,12,29.1,77.4
16:50:22,19,29.1,77.3
16:51:22,20,29.2,77.5
16:52:22,15,29.1,77.3
16:53:22,9,29.1,77.6
16:54:22,21,29.1,77.6
16:55:22,14,29.0,77.8
16:56:22,21,29.1,77.7
16:57:22,11,29.1,77.9
16:58:22,12,29.1,77.8
16:59:22,27,29.2,78.2
17:00:22,12,29.2,77.8
17:01:22,17,29.2,77.5
17:02:23,22,29.1,77.3
17:03:23,18,29.1,77.5
17:04:23,22,29.1,78.0
17:05:23,10,29.1,78.0
17:06:23,17,29.1,78.0
17:07:23,14,29.1,78.2
17:08:23,14,29.1,77.9
17:09:23,20,29.1,77.7
17:10:23,21,29.0,77.7
17:11:23,23,29.0,77.7
17:12:23,17,29.0,78.0
17:13:23,19,29.1,77.8
17:14:23,19,29.0,77.5
17:15:23,14,28.9,77.7
17:16:24,19,28.9,77.9
17:17:24,20,28.9,78.2
17:18:24,14,28.9,78.2
17:19:24,19,28.8,78.5
17:20:24,15,28.8,78.7
17:21:24,21,28.8,78.6
17:22:24,16,28.9,78.6
17:23:24,21,28.9,79.0
17:24:24,16,28.9,78.8
17:25:25,21,28.9,78.9
17:26:25,20,28.8,78.8
17:27:25,26,28.8,78.9
17:28:25,12,28.8,78.9
17:29:25,17,28.8,78.9
17:30:25,19,28.8,79.1
17:31:25,18,28.7,79.0
17:32:25,18,28.7,79.2
17:33:25,25,28.7,79.4
17:34:25,18,28.7,79.2
17:35:25,22,28.7,79.4
17:36:25,22,28.6,79.1
17:37:25,23,28.6,79.1
17:38:26,9,28.6,79.4
17:39:26,23,28.6,79.6
17:40:26,11,28.6,79.3
17:41:26,15,28.6,79.2
17:42:26,9,28.6,79.2
17:43:26,21,28.6,79.4
17:44:26,28,28.6,79.3
17:45:26,19,28.6,79.2
17:46:26,26,28.6,79.4
17:47:26,13,28.6,79.4
17:48:26,9,28.6,79.3
17:49:26,19,28.6,79.3
17:50:26,15,28.6,79.2
17:51:26,23,28.6,79.4
17:52:26,22,28.6,79.7
17:53:26,18,28.6,79.7
17:54:26,25,28.6,79.4
17:55:26,13,28.5,79.7
17:56:26,22,28.5,79.8
17:57:26,18,28.4,80.0
17:58:26,18,28.4,79.9
17:59:26,17,28.4,79.8
18:00:26,19,28.4,79.9
18:01:26,26,28.5,79.9
18:02:26,23,28.5,79.9
18:03:26,22,28.5,79.7
18:04:26,18,28.5,79.8
18:05:26,23,28.5,79.9
18:06:26,15,28.6,79.8
18:07:26,16,28.6,79.5
18:08:26,25,28.6,79.5
18:09:26,20,28.6,79.4
18:10:26,19,28.6,79.3
18:11:26,15,28.6,79.3
18:12:27,21,28.6,79.4
18:13:27,20,28.6,79.5
18:14:27,8,28.6,79.6
18:15:27,18,28.6,79.7
18:16:27,17,28.6,79.7
18:17:27,15,28.6,79.8
18:18:27,21,28.5,79.9
18:19:27,21,28.5,79.9
18:20:27,13,28.5,79.7
18:21:27,15,28.5,79.7
18:22:27,18,28.5,79.8
18:23:27,20,28.4,80.1
18:24:27,10,28.4,80.3
18:25:27,13,28.4,80.5
18:26:27,27,28.4,80.5
18:27:27,16,28.5,80.4
18:28:27,11,28.4,80.4
18:29:27,20,28.4,80.5
18:30:27,14,28.3,80.7
18:31:27,18,28.3,80.7
18:32:27,21,28.3,80.7
18:33:27,15,28.4,80.6
18:34:27,13,28.4,80.6
18:35:27,17,28.4,80.7
18:36:27,15,28.3,80.7
18:37:27,17,28.3,80.8
18:38:27,14,28.3,81.1
18:39:27,16,28.3,80.8
18:40:27,14,28.4,80.8
18:41:27,18,28.4,80.6
18:42:27,9,28.4,80.6
18:43:27,15,28.4,80.8
18:44:27,20,28.5,80.6
18:45:27,28,28.5,80.5
18:46:27,13,28.5,80.5
18:47:27,18,28.4,80.5
18:48:27,6,28.4,80.5
18:49:28,20,28.4,80.6
18:50:28,12,28.4,80.7
18:51:28,20,28.4,80.7
18:52:28,18,28.4,80.4
18:53:28,15,28.4,80.5
18:54:28,15,28.4,80.3
18:55:28,10,28.4,80.3
18:56:28,12,28.4,80.3
18:57:28,15,28.4,80.5
18:58:28,20,28.5,80.2
18:59:28,11,28.4,80.3
19:00:28,21,28.4,80.4
19:01:28,17,28.4,80.2
19:02:28,20,28.4,80.1
19:03:28,17,28.3,80.3
19:04:28,19,28.3,80.2
19:05:28,11,28.2,80.4
19:06:28,18,28.3,80.6
19:07:28,10,28.3,80.5
19:08:28,20,28.3,80.5
19:09:29,11,28.3,80.5
19:10:29,15,28.2,80.7
19:11:29,15,28.2,80.7
19:12:29,19,28.3,80.7
19:13:29,16,28.2,80.7
19:14:29,25,28.2,80.9
19:15:29,17,28.2,80.8
19:16:29,10,28.3,80.7
19:17:29,29,28.3,80.8
19:18:29,17,28.3,81.0
19:19:29,14,28.2,81.1
19:20:29,27,28.2,81.1
19:21:29,17,28.2,80.9
19:22:29,12,28.1,80.9
19:23:29,16,28.1,80.6
19:24:29,25,28.1,80.8
19:25:29,10,28.1,80.7
19:26:29,16,28.1,81.0
19:27:29,17,28.1,81.0
19:28:30,14,28.1,81.2
19:29:30,26,28.0,80.8
19:30:30,16,28.0,80.6
19:31:30,22,27.9,79.8
19:32:30,11,27.9,79.5
19:33:30,17,27.8,79.2
19:34:30,16,27.8,79.0
19:35:30,9,27.7,78.6
19:36:30,7,27.7,78.5
19:37:30,13,27.6,78.4
19:38:30,15,27.6,78.4
19:39:30,13,27.6,77.5
19:40:31,15,27.6,76.9
19:41:31,24,27.6,76.7
19:42:31,23,27.5,76.5
19:43:31,27,27.5,76.0
19:44:31,30,27.5,75.5
19:45:31,22,27.6,75.2
19:46:31,16,27.6,75.2
19:47:31,10,27.6,75.1
19:48:31,20,27.6,74.3
19:49:31,13,27.6,74.0
19:50:31,18,27.6,73.8
19:51:31,10,27.6,73.6
19:52:32,20,27.6,74.3
19:53:32,30,27.7,73.6
19:54:32,18,27.7,73.6
19:55:32,15,27.7,73.8
19:56:32,21,27.7,74.2
19:57:32,14,27.7,74.0
19:58:32,14,27.7,74.5
19:59:32,10,27.7,74.9
20:00:32,10,27.7,75.9
20:01:33,13,27.7,76.2
20:02:33,17,27.7,76.0
20:03:33,18,27.7,75.9
20:04:33,16,27.7,75.5
20:05:33,15,27.7,75.3
20:06:33,16,27.7,74.9
20:07:33,19,27.8,74.8
20:08:33,13,27.8,74.9
20:09:33,21,27.8,75.0
20:10:34,19,27.8,76.0
20:11:34,13,27.8,76.5
20:12:34,19,27.7,76.9
20:13:34,15,27.6,77.1
20:14:34,16,27.4,77.3
20:15:34,22,27.4,77.5
20:16:34,21,27.3,77.5
20:17:34,18,27.3,77.6
20:18:34,19,27.4,78.0
20:19:34,16,27.4,78.2
20:20:35,28,27.5,79.0
20:21:35,12,27.5,79.7
20:22:35,15,27.5,80.5
20:23:35,19,27.5,81.0
20:24:35,10,27.6,81.2
20:25:35,27,27.6,81.6
20:26:35,18,27.6,82.1
20:27:35,17,27.6,82.5
20:28:35,17,27.6,82.2
20:29:36,13,27.6,82.7
20:30:36,24,27.6,82.9
20:31:36,12,27.6,83.3
20:32:36,23,27.5,83.7
20:33:36,27,27.5,83.8
20:34:36,16,27.5,83.9
20:35:36,20,27.5,83.8
20:36:36,16,27.6,83.7
20:37:36,16,27.6,83.6
20:38:37,30,27.5,84.2
20:39:37,18,27.5,84.5
20:40:37,21,27.5,84.2
20:41:37,15,27.5,84.4
20:42:37,17,27.4,84.7
20:43:37,21,27.5,84.1
20:44:37,26,27.4,83.9
20:45:37,12,27.4,83.8
20:46:37,15,27.4,83.7
20:47:37,19,27.4,83.6
20:48:37,20,27.5,83.4
20:49:37,15,27.4,83.6
20:50:37,14,27.4,83.8
20:51:37,15,27.5,83.5
20:52:37,21,27.5,83.6
20:53:37,13,27.5,83.6
20:54:37,16,27.5,83.7
20:55:37,18,27.5,83.6
20:56:38,10,27.6,83.6
20:57:38,18,27.6,83.6
20:58:38,19,27.6,83.6
20:59:38,18,27.6,83.8
21:00:38,19,27.6,84.0
21:01:38,24,27.6,84.1
21:02:38,17,27.6,84.1
21:03:38,17,27.6,84.2
21:04:38,11,27.6,84.2
21:05:38,14,27.6,84.3
21:06:38,25,27.6,84.2
21:07:38,9,27.6,84.2
21:08:38,14,27.7,84.3
21:09:38,12,27.6,84.4
21:10:38,15,27.4,85.1
21:11:38,17,27.4,85.2
21:12:38,17,27.5,85.0
21:13:38,19,27.5,85.0
21:14:38,17,27.4,85.1
21:15:39,16,27.5,85.1
21:16:39,22,27.6,85.0
21:17:39,29,27.6,84.9
21:18:39,8,27.7,84.7
21:19:39,14,27.6,84.8
21:20:39,16,27.6,85.2
21:21:39,24,27.6,84.9
21:22:39,27,27.7,84.7
21:23:39,9,27.6,84.7
21:24:39,22,27.7,84.6
21:25:39,13,27.7,84.4
21:26:39,34,27.6,84.4
21:27:39,18,27.6,84.6
21:28:39,22,27.5,84.7
21:29:39,6,27.5,84.6
21:30:40,10,27.6,84.5
21:31:40,14,27.7,84.2
21:32:40,20,27.7,83.9
21:33:40,32,27.6,83.9
21:34:40,18,27.6,84.2
21:35:40,12,27.5,84.2
21:36:40,15,27.5,84.4
21:37:40,17,27.5,84.4
21:38:40,17,27.5,84.5
21:39:41,18,27.5,84.5
21:40:41,14,27.5,84.5
21:41:41,25,27.4,84.8
21:42:41,8,27.4,85.2
21:43:41,16,27.4,85.0
21:44:41,11,27.4,84.8
21:45:41,23,27.5,84.7
21:46:41,14,27.5,84.5
21:47:41,20,27.5,84.3
21:48:42,20,27.5,84.2
21:49:42,15,27.5,84.2
21:50:42,15,27.2,85.2
21:51:42,6,27.2,85.5
21:52:42,18,27.1,85.4
21:53:42,13,27.0,85.8
21:54:42,17,27.1,85.8
21:55:42,27,26.9,86.4
21:56:42,16,26.8,86.9
21:57:43,19,26.8,86.4
21:58:43,13,26.8,86.5
21:59:43,19,26.8,86.5
22:00:43,18,26.7,86.6
22:01:43,15,26.7,86.6
22:02:43,14,26.7,85.9
22:03:43,16,26.8,85.7
22:04:43,25,26.8,85.5
22:05:43,17,26.8,85.0
22:06:44,18,26.8,84.7
22:07:44,14,26.7,83.9
22:08:44,30,26.8,83.5
22:09:44,16,26.9,82.9
22:10:44,18,26.9,82.5
22:11:44,11,27.0,82.9
22:12:44,20,27.2,82.7
22:13:44,14,27.3,82.3
22:14:44,23,27.4,82.3
22:15:44,29,27.5,81.6
22:16:45,18,27.7,81.0
22:17:45,23,27.9,80.4
22:18:45,12,27.9,80.3
22:19:45,14,28.0,79.8
22:20:45,7,28.1,79.8
22:21:45,20,28.1,79.5
22:22:45,18,28.2,79.1
22:23:45,24,28.2,78.9
22:24:45,19,28.3,78.7
22:25:45,22,28.3,78.6
22:26:46,21,28.3,78.5
22:27:46,19,28.3,78.4
22:28:46,23,28.3,78.3
22:29:46,16,28.3,78.2
22:30:46,13,28.4,78.1
22:31:46,15,28.4,78.0
22:32:46,15,28.4,78.0
22:33:46,20,28.3,78.1
22:34:46,12,28.4,77.9
22:35:46,23,28.3,78.0
22:36:46,13,28.3,77.9
22:37:46,12,28.3,77.9
22:38:46,17,28.3,77.9
22:39:46,12,28.3,78.2
22:40:46,24,28.3,78.0
22:41:46,14,28.3,77.9
22:42:46,26,28.3,78.3
22:43:47,15,28.3,78.2
22:44:47,24,28.3,78.2
22:45:47,10,28.3,78.1
22:46:47,20,28.3,78.1
22:47:47,17,28.3,78.3
22:48:47,18,28.3,78.5
22:49:47,17,28.4,78.5
22:50:47,22,28.3,78.4
22:51:47,16,28.3,78.7
22:52:47,10,28.3,79.0
22:53:47,16,28.3,78.8
22:54:47,20,28.3,78.8
22:55:47,23,28.3,78.9
22:56:48,20,28.4,78.8
22:57:48,19,28.4,79.0
22:58:48,15,28.4,78.9
22:59:48,15,28.3,79.0
23:00:48,21,28.3,79.1
23:01:48,22,28.3,79.4
23:02:48,21,28.3,79.3
23:03:48,20,28.3,79.3
23:04:48,13,28.3,79.4
23:05:48,14,28.4,79.2
23:06:49,13,28.4,79.1
23:07:49,21,28.4,79.0
23:08:49,17,28.4,78.9
23:09:49,12,28.4,79.0
23:10:49,21,28.4,79.2
23:11:49,17,28.3,79.3
23:12:49,15,28.3,79.4
23:13:49,17,28.4,79.3
23:14:49,22,28.4,79.3
23:15:49,15,28.4,79.2
23:16:49,20,28.4,79.3
23:17:49,24,28.3,79.5
23:18:49,10,28.4,79.4
23:19:50,20,28.3,79.5
23:20:50,17,28.3,79.6
23:21:50,20,28.4,79.3
23:22:50,13,28.4,79.4
23:23:50,14,28.4,79.3
23:24:50,21,28.5,79.3
23:25:50,16,28.5,79.3
23:26:50,14,28.5,79.0
23:27:50,17,28.6,78.9
23:28:50,15,28.6,78.6
23:29:50,14,28.6,78.5
23:30:50,15,28.6,78.3
23:31:50,17,28.6,78.1
23:32:51,13,28.6,78.1
23:33:51,15,28.6,78.2
23:34:51,23,28.6,78.0
23:35:51,11,28.6,78.0
23:36:51,15,28.6,78.2
23:37:51,6,28.6,78.0
23:38:51,12,28.6,78.0
23:39:51,8,28.5,78.1
23:40:51,16,28.5,78.2
23:41:51,33,28.4,78.5
23:42:51,14,28.4,78.6
23:43:51,18,28.4,78.5
23:44:51,18,28.4,78.6
23:45:51,16,28.4,78.5
23:46:51,12,28.5,78.5
23:47:51,16,28.4,78.8
23:48:51,24,28.4,78.9
23:49:52,12,28.5,78.9
23:50:52,15,28.5,78.9
23:51:52,16,28.5,78.8
23:52:52,14,28.5,79.0
23:53:52,13,28.5,78.9
23:54:52,23,28.5,78.9
23:55:52,15,28.4,79.0
23:56:52,17,28.4,79.2
23:57:52,11,28.4,79.2
23:58:52,30,28.4,79.3
23:59:52,12,28.4,79.3
00:00:52,23,28.4,79.4
00:01:52,19,28.4,79.3
00:02:52,12,28.4,79.6
00:03:53,20,28.4,79.3
00:04:53,21,28.4,79.6
00:05:53,26,28.4,79.5
00:06:53,29,28.3,79.7
00:07:53,15,28.3,79.8
00:08:53,15,28.4,79.8
00:09:53,18,28.4,79.6
00:10:53,22,28.3,80.0
00:11:53,20,28.3,80.0
00:12:53,19,28.2,80.2
00:13:53,24,28.3,80.2
00:14:54,14,28.3,80.1
00:15:54,21,28.3,80.0
00:16:54,14,28.3,80.1
00:17:54,22,28.3,80.4
00:18:54,19,28.4,80.3
00:19:54,20,28.5,79.7
00:20:54,14,28.5,79.7
00:21:54,26,28.6,79.7
00:22:54,14,28.6,79.5
00:23:54,21,28.6,79.4
00:24:54,13,28.6,79.6
00:25:54,28,28.6,79.5
00:26:54,16,28.6,79.5
00:27:54,21,28.6,79.5
00:28:54,17,28.6,79.4
00:29:54,17,28.6,79.4
00:30:54,12,28.7,79.2
00:31:55,17,28.7,79.2
00:32:55,17,28.7,79.1
00:33:55,12,28.6,79.0
00:34:55,12,28.6,79.4
00:35:55,17,28.5,79.3
00:36:55,18,28.4,79.7
00:37:55,20,28.4,79.7
00:38:55,16,28.4,79.9
00:39:55,14,28.4,79.8
00:40:55,13,28.3,80.0
00:41:55,12,28.3,79.9
00:42:55,7,28.2,80.1
00:43:55,20,28.2,79.9
00:44:55,15,28.2,79.7
00:45:56,12,28.3,79.2
00:46:56,15,28.3,79.1
00:47:56,14,28.3,79.0
00:48:56,20,28.3,78.9
00:49:56,25,28.4,78.8
00:50:56,19,28.4,78.6
00:51:56,16,28.4,78.8
00:52:56,17,28.5,78.8
00:53:56,18,28.5,78.6
00:54:56,21,28.5,78.7
00:55:56,21,28.5,78.6
00:56:56,21,28.5,78.6
00:57:56,18,28.5,78.6
00:58:56,17,28.5,78.5
00:59:57,22,28.5,78.6
01:00:57,23,28.5,78.4
01:01:57,19,28.5,78.4
01:02:57,19,28.5,78.4
01:03:57,20,28.4,78.6
01:04:57,11,28.4,78.7
01:05:57,20,28.4,78.7
01:06:57,17,28.5,78.7
01:07:57,21,28.6,78.3
01:08:57,13,28.6,78.2
01:09:57,19,28.6,78.0
01:10:57,19,28.5,78.3
01:11:58,15,28.5,78.2
01:12:58,27,28.5,78.4
01:13:58,12,28.5,78.4
01:14:58,22,28.5,78.3
01:15:58,19,28.5,78.3
01:16:58,15,28.6,78.4
01:17:58,22,28.6,78.3
01:18:58,17,28.6,78.2
01:19:58,17,28.6,78.0
01:20:58,12,28.6,78.1
01:21:58,14,28.5,78.3
01:22:58,18,28.5,78.3
01:23:58,15,28.5,78.2
01:24:58,12,28.4,78.4
01:25:58,28,28.5,78.4
01:26:58,13,28.5,78.3
01:27:58,23,28.5,78.1
01:28:58,15,28.4,78.6
01:29:58,8,28.3,79.1
01:30:59,21,28.3,79.3
01:31:59,20,28.4,78.9
01:32:59,18,28.4,78.8
01:33:59,33,28.4,78.7
01:34:59,19,28.5,78.4
01:35:59,21,28.5,78.2
01:36:59,22,28.5,78.2
01:37:59,11,28.5,78.2
01:38:59,15,28.6,78.2
01:39:59,27,28.5,78.3
01:40:59,18,28.5,78.2
01:42:00,23,28.5,78.4
01:43:00,20,28.5,78.3
01:44:00,28,28.5,78.3
01:45:00,19,28.6,78.3
01:46:00,18,28.6,78.2
01:47:00,18,28.6,78.0
01:48:00,13,28.6,78.0
01:49:00,9,28.6,78.0
01:50:00,23,28.6,77.9
01:51:00,27,28.6,77.9
01:52:00,10,28.6,77.8
01:53:00,15,28.5,77.8
01:54:00,15,28.5,78.0
01:55:01,17,28.5,78.0
01:56:01,21,28.5,78.0
01:57:01,9,28.5,78.0
01:58:01,31,28.4,77.9
01:59:01,17,28.5,78.1
02:00:01,11,28.5,77.8
02:01:01,11,28.5,77.7
02:02:01,15,28.6,77.6
02:03:01,16,28.5,77.7
02:04:01,13,28.6,77.8
02:05:01,22,28.6,77.8
02:06:01,13,28.5,78.1
02:07:01,17,28.5,78.1
02:08:01,16,28.5,78.0
02:09:02,13,28.5,77.9
02:10:02,14,28.6,77.6
02:11:02,16,28.6,77.7
02:12:02,24,28.6,77.8
02:13:02,13,28.6,77.8
02:14:02,25,28.6,77.7
02:15:02,14,28.6,77.7
02:16:02,18,28.6,77.6
02:17:02,11,28.6,77.7
02:18:02,19,28.6,77.6
02:19:02,11,28.6,77.7
02:20:02,11,28.5,77.7
02:21:03,15,28.6,77.6
02:22:03,11,28.6,77.6
02:23:03,9,28.6,77.6
02:24:03,28,28.6,77.6
02:25:03,21,28.6,77.5
02:26:03,17,28.6,77.5
02:27:03,18,28.6,77.6
02:28:03,21,28.6,77.6
02:29:03,21,28.6,77.6
02:30:03,15,28.6,77.7
02:31:03,22,28.6,77.7
02:32:03,12,28.6,77.6
02:33:04,24,28.5,77.6
02:34:04,27,28.5,77.8
02:35:04,17,28.5,78.0
02:36:04,21,28.5,77.9
02:37:04,20,28.5,77.9
02:38:04,21,28.5,77.9
02:39:04,21,28.5,78.0
02:40:04,23,28.4,77.9
02:41:04,23,28.4,78.0
02:42:04,20,28.4,78.0
02:43:04,17,28.4,78.1
02:44:04,18,28.4,77.9
02:45:05,14,28.5,77.9
02:46:05,18,28.5,77.8
02:47:05,18,28.5,77.8
02:48:05,22,28.5,77.8
02:49:05,23,28.5,77.7
02:50:05,25,28.5,77.7
02:51:05,24,28.5,77.7
02:52:05,16,28.5,77.6
02:53:05,19,28.5,77.6
02:54:05,12,28.4,77.7
02:55:05,20,28.4,78.0
02:56:05,6,28.4,77.9
02:57:05,17,28.4,77.8
02:58:05,15,28.4,77.8
02:59:05,19,28.5,77.9
03:00:06,23,28.4,77.7
03:01:06,24,28.4,77.8
03:02:06,12,28.3,78.1
03:03:06,11,28.2,78.3
03:04:06,14,28.2,78.3
03:05:06,25,28.2,78.2
03:06:06,21,28.2,78.3
03:07:06,16,28.2,78.4
03:08:06,25,28.2,78.4
03:09:06,6,28.2,78.5
03:10:06,16,28.2,78.3
03:11:06,31,28.1,78.4
03:12:06,14,28.2,78.4
03:13:06,17,28.2,78.3
03:14:07,15,28.2,78.1
03:15:07,18,28.2,78.2
03:16:07,25,28.2,78.2
03:17:07,31,28.2,78.1
03:18:07,16,28.2,78.1
03:19:07,17,28.2,78.1
03:20:07,22,28.2,78.2
03:21:07,15,28.2,78.1
03:22:07,21,28.3,78.2
03:23:07,18,28.3,77.9
03:24:07,19,28.2,78.1
03:25:07,13,28.2,78.2
03:26:07,26,28.2,78.1
03:27:07,28,28.2,78.2
03:28:07,21,28.2,78.0
03:29:07,19,28.2,78.2
03:30:07,12,28.2,78.2
03:31:07,18,28.2,78.3
03:32:07,12,28.2,78.3
03:33:08,9,28.3,77.9
03:34:08,20,28.4,77.9
03:35:08,22,28.4,77.5
03:36:08,12,28.4,77.3
03:37:08,14,28.4,77.6
03:38:08,27,28.4,77.5
03:39:08,26,28.4,77.5
03:40:08,9,28.4,77.5
03:41:08,19,28.4,77.3
03:42:08,13,28.4,77.2
03:43:08,21,28.4,77.3
03:44:08,20,28.4,77.2
03:45:08,13,28.3,77.2
03:46:08,18,28.4,77.2
03:47:08,17,28.4,76.9
03:48:09,21,28.4,77.0
03:49:09,12,28.4,77.0
03:50:09,17,28.4,77.0
03:51:09,23,28.4,77.2
03:52:09,17,28.3,77.1
03:53:09,18,28.3,77.1
03:54:09,16,28.3,77.1
03:55:09,12,28.3,77.1
03:56:09,13,28.3,77.1
03:57:09,21,28.3,77.0
03:58:09,20,28.3,76.9
03:59:09,18,28.3,77.0
04:00:09,21,28.3,76.9
04:01:09,16,28.3,76.8
04:02:09,13,28.3,77.0
04:03:09,22,28.3,77.0
04:04:09,24,28.3,77.0
04:05:09,18,28.3,77.3
04:06:10,18,28.4,76.8
04:07:10,16,28.4,76.8
04:08:10,21,28.4,76.7
04:09:10,18,28.4,76.7
04:10:10,11,28.4,76.6
04:11:10,9,28.4,76.9
04:12:10,12,28.2,77.6
04:13:10,12,28.1,77.7
04:14:10,18,28.2,77.4
04:15:10,21,28.2,77.4
04:16:10,24,28.2,77.3
04:17:10,21,28.2,77.3
04:18:10,16,28.3,77.4
04:19:10,16,28.3,77.2
04:20:10,27,28.3,77.2
04:21:10,19,28.3,77.1
04:22:10,20,28.3,77.1
04:23:11,16,28.3,77.3
04:24:11,25,28.3,77.2
04:25:11,23,28.3,77.2
04:26:11,17,28.3,77.1
04:27:11,20,28.3,77.1
04:28:11,14,28.3,77.0
04:29:11,14,28.3,77.0
04:30:11,20,28.3,77.0
04:31:11,10,28.3,77.0
04:32:11,13,28.3,77.1
04:33:11,14,28.2,77.2
04:34:11,18,28.2,77.2
04:35:11,25,28.2,77.2
04:36:11,16,28.2,77.0
04:37:11,21,28.2,77.1
04:38:11,13,28.2,77.1
04:39:12,7,28.2,77.2
04:40:12,9,28.2,77.2
04:41:12,28,28.2,77.2
04:42:12,18,28.2,77.0
04:43:12,14,28.2,77.1
04:44:12,27,28.2,76.9
04:45:12,13,28.2,76.9
04:46:12,12,28.2,77.1
04:47:12,18,28.1,77.5
04:48:12,10,28.1,77.3
04:49:12,7,28.1,77.2
04:50:12,13,28.1,77.3
04:51:12,14,28.2,77.2
04:52:12,15,28.2,77.2
04:53:13,13,28.2,77.1
04:54:13,26,28.2,77.1
04:55:13,18,28.2,76.9
04:56:13,16,28.2,77.0
04:57:13,18,28.2,77.0
04:58:13,14,28.2,77.0
04:59:13,14,28.2,77.0
05:00:13,15,28.2,76.9
05:01:13,10,28.2,76.9
05:02:13,14,28.1,76.9
05:03:13,16,28.2,76.9
05:04:13,18,28.2,76.9
05:05:13,21,28.2,76.6
05:06:13,17,28.2,76.4
05:07:13,24,28.2,76.5
05:08:14,19,28.2,76.5
05:09:14,23,28.2,76.5
05:10:14,16,28.2,76.5
05:11:14,17,28.2,76.7
05:12:14,16,28.2,76.7
05:13:14,12,28.2,76.6
05:14:14,19,28.2,76.6
05:15:14,8,28.2,76.6
05:16:14,24,28.2,76.7
05:17:14,14,28.2,76.5
05:18:14,9,28.2,76.8
05:19:14,17,28.2,76.7
05:20:14,15,28.2,76.7
05:21:14,23,28.2,76.8
05:22:14,12,28.2,76.9
05:23:14,17,28.2,76.8
05:24:14,18,28.2,76.4
05:25:14,20,28.2,76.5
05:26:15,20,28.2,76.5
05:27:15,20,28.2,76.4
05:28:15,15,28.2,76.3
05:29:15,19,28.2,76.3
05:30:15,18,28.2,76.4
05:31:15,14,28.2,76.3
05:32:15,20,28.2,76.1
05:33:15,13,28.2,76.1
05:34:15,15,28.2,76.2
05:35:15,16,28.2,76.3
05:36:15,17,28.2,76.3
05:37:15,15,28.2,76.4
05:38:15,26,28.1,76.5
05:39:15,19,28.1,76.4
05:40:15,15,28.2,76.4
05:41:15,20,28.1,76.4
05:42:15,13,28.1,76.4
05:43:15,15,28.2,76.3
05:44:15,21,28.1,76.3
05:45:16,16,28.1,76.2
05:46:16,25,28.1,76.2
05:47:16,17,28.1,76.2
05:48:16,22,28.1,76.3
05:49:16,24,28.1,76.0
05:50:16,18,28.1,76.6
05:51:16,20,28.1,76.6
05:52:16,17,28.1,76.8
05:53:16,18,28.1,76.6
05:54:16,22,28.0,76.7
05:55:16,21,28.0,77.0
05:56:16,18,28.0,77.5
05:57:16,7,27.9,75.5
05:58:16,18,27.5,75.0
05:59:16,16,27.1,76.2
06:00:17,23,26.9,76.4
06:01:17,20,26.7,77.7
06:02:17,27,26.6,78.2
06:03:17,29,26.5,78.4
06:04:17,14,26.4,78.5
06:05:17,19,26.4,78.7
06:06:17,14,26.3,78.7
06:07:17,15,26.3,78.8
06:08:17,31,26.3,79.0
06:09:17,19,26.2,79.3
06:10:17,23,26.2,79.4
06:11:17,18,26.3,79.5
06:12:17,16,26.2,79.6
06:13:17,23,26.2,79.7
06:14:17,18,26.2,79.7
06:15:18,17,26.2,79.7
06:16:18,16,26.2,79.8
06:17:18,24,26.3,79.8
06:18:18,18,26.2,80.1
06:19:18,19,26.2,80.3
06:20:18,20,26.2,80.8
06:21:18,11,26.2,81.2
06:22:18,11,26.2,81.4
06:23:18,18,26.2,81.2
06:24:18,28,26.2,81.5
06:25:18,17,26.2,81.9
06:26:18,16,26.2,82.2
06:27:18,29,26.2,82.2
06:28:18,21,26.2,82.1
06:29:18,11,26.2,82.0
06:30:19,16,26.2,81.4
06:31:19,17,26.3,81.2
06:32:19,14,26.3,81.2
06:33:19,12,26.4,80.9
06:34:19,19,26.4,80.9
06:35:19,20,26.4,81.4
06:36:19,21,26.3,81.5
06:37:19,16,26.3,81.6
06:38:19,16,26.3,81.8
06:39:19,21,26.3,81.8
06:40:19,23,26.3,81.9
06:41:19,21,26.4,82.1
06:42:19,12,26.4,82.2
06:43:19,12,26.4,82.2
06:44:19,15,26.5,82.0
06:45:19,15,26.4,82.0
06:46:19,20,26.4,82.0
06:47:20,21,26.4,82.3
06:48:20,14,26.4,82.1
06:49:20,20,26.4,82.1
06:50:20,21,26.4,82.5
06:51:20,15,26.4,82.5
06:52:20,23,26.4,82.2
06:53:20,25,26.4,82.0
06:54:20,14,26.4,82.0
06:55:20,16,26.4,82.2
06:56:20,16,26.4,81.9
06:57:20,10,26.4,81.1
06:58:20,33,26.4,81.2
06:59:20,26,26.5,81.5
