00,00,00,62,25.2,90.3
00,01,00,25,25.2,90.1
00,02,00,43,25.2,90.3
00,03,00,28,25.1,90.6
00,04,00,33,25.1,90.3
00,05,00,39,25.1,90.6
00,06,00,22,25,90.5
00,07,00,32,25.1,90.7
00,08,00,18,25.1,90.4
00,09,00,36,25.1,90.3
00,10,00,31,25.1,90.4
00,11,00,29,25.2,90.3
00,12,00,31,25.2,90
00,13,00,30,25.1,90.4
00,14,00,39,25.1,90.7
00,15,00,44,25.1,90.8
00,16,00,47,25.2,90.5
00,17,00,39,25.2,90.2
00,18,00,14,25.2,90.2
00,19,00,35,25.2,90.4
00,20,00,27,25.1,90.9
00,21,00,38,25,91.2
00,22,00,42,24.9,91.3
00,23,00,36,24.9,91.2
00,24,00,40,24.9,91.1
00,25,00,38,24.9,91.4
00,26,00,39,25.1,91
00,27,00,48,25.1,90.7
00,28,00,18,25.1,90.5
00,29,00,20,25,90.6
00,30,00,67,25,90.6
00,31,00,36,25,90.6
00,32,00,64,25,90.7
00,33,00,35,25,90.5
00,34,00,26,25,90.5
00,35,00,45,25,90.4
00,36,00,41,24.9,90.4
00,37,00,25,24.9,90.4
00,38,00,58,25,90.5
00,39,00,38,25.1,90.3
00,40,00,39,25.1,90
00,41,00,28,25.1,90
00,42,00,22,25,90.5
00,43,00,42,25,90.5
00,44,00,31,25,90.5
00,45,00,23,24.9,90.4
00,46,00,26,24.9,90.4
00,47,00,36,24.9,90.4
00,48,00,41,24.9,90.7
00,49,00,35,24.9,90.5
00,50,00,41,24.9,90.7
00,51,00,32,24.9,90.9
00,52,00,39,24.9,90.9
00,53,00,26,24.9,90.8
00,54,00,38,24.9,91
00,55,00,20,24.9,90.7
00,56,00,35,24.9,90.9
00,57,00,40,25,90.6
00,58,00,18,25,90.6
00,59,00,44,25,90.3
01,00,00,43,25,90.2
01,01,00,51,24.9,90.5
01,02,00,44,24.9,91
01,03,00,34,24.9,90.7
01,04,00,11,24.9,90.9
01,05,00,43,24.9,90.9
01,06,00,28,24.9,90.7
01,07,00,32,24.8,90.5
01,08,00,40,24.7,90.9
01,09,00,42,24.6,91.3
01,10,00,28,24.6,91.2
01,11,00,41,24.6,91.1
01,12,00,18,24.7,91.1
01,13,00,24,24.7,91
01,14,00,21,24.7,91
01,15,00,45,24.8,91.1
01,16,00,59,24.8,90.9
01,17,00,21,24.8,91
01,18,00,43,24.8,91
01,19,00,62,24.9,90.6
01,20,00,65,24.9,90.4
01,21,00,29,24.9,90.6
01,22,00,59,24.8,90.5
01,23,00,12,24.8,90.6
01,24,00,32,24.8,90.6
01,25,00,32,24.7,90.9
01,26,00,30,24.7,91.1
01,27,00,41,24.7,91.1
01,28,00,14,24.8,91.1
01,29,00,38,24.8,90.8
01,30,00,33,24.8,90.8
01,31,00,29,24.8,90.8
01,32,00,50,24.8,90.5
01,33,00,31,24.7,90.8
01,34,00,17,24.7,90.9
01,35,00,37,24.7,90.9
01,36,00,25,24.7,90.8
01,37,00,43,24.7,91.1
01,38,00,32,24.7,91.1
01,39,00,37,24.7,91.1
01,40,00,19,24.7,91.1
01,41,00,26,24.7,91
01,42,00,33,24.7,90.9
01,43,00,15,24.7,90.8
01,44,00,29,24.8,90.7
01,45,00,19,24.8,90.8
01,46,00,51,24.7,90.5
01,47,00,35,24.7,90.6
01,48,00,24,24.6,90.6
01,49,00,24,24.6,90.8
01,50,00,39,24.6,90.8
01,51,00,43,24.6,90.8
01,52,00,38,24.6,90.7
01,53,00,33,24.6,90.8
01,54,00,47,24.6,90.9
01,55,00,38,24.7,90.9
01,56,00,55,24.7,90.8
01,57,00,22,24.7,90.9
01,58,00,25,24.6,90.9
01,59,00,32,24.6,91.1
02,00,00,50,24.6,91.3
02,01,00,39,24.6,91.1
02,02,00,36,24.6,90.9
02,03,00,27,24.5,91.3
02,04,00,32,24.4,91.4
02,05,00,43,24.4,91.7
02,06,00,44,24.4,91.7
02,07,00,20,24.4,91.8
02,08,00,48,24.4,91.7
02,09,00,20,24.5,91.7
02,10,00,35,24.5,91.6
02,11,00,39,24.4,91.6
02,12,00,42,24.4,91.7
02,13,00,44,24.5,91.3
02,14,00,22,24.5,91.3
02,15,00,42,24.5,91.4
02,16,00,43,24.5,91.4
02,17,00,28,24.4,91.7
02,18,00,52,24.3,92.3
02,19,00,43,24.3,92
02,20,00,39,24.4,91.9
02,21,00,33,24.4,91.7
02,22,00,24,24.5,91.6
02,23,00,55,24.5,91.3
02,24,00,41,24.5,91
02,25,00,20,24.4,91.3
02,26,00,16,24.5,91.5
02,27,00,30,24.5,91.4
02,28,00,32,24.5,91.3
02,29,00,25,24.5,91.4
02,30,00,39,24.5,91.5
02,31,00,29,24.5,91.3
02,32,00,32,24.5,90.9
02,33,00,18,24.5,91
02,34,00,47,24.5,90.8
02,35,00,42,24.5,90.9
02,36,00,26,24.5,90.9
02,37,00,28,24.5,90.8
02,38,00,44,24.5,90.8
02,39,00,50,24.4,91
02,40,00,25,24.5,91
02,41,00,17,24.5,90.9
02,42,00,23,24.5,91
02,43,00,42,24.5,91
02,44,00,29,24.5,90.9
02,45,00,45,24.4,91.3
02,46,00,25,24.5,91.1
02,47,00,51,24.4,91
02,48,00,48,24.3,91.3
02,49,00,25,24.3,91.2
02,50,00,49,24.4,91.1
02,51,00,32,24.3,91.2
02,52,00,31,24.3,91.7
02,53,00,46,24.3,91.6
02,54,00,19,24.3,91.3
02,55,00,46,24.3,91.2
02,56,00,27,24.4,91.3
02,57,00,45,24.4,91
02,58,00,27,24.4,91.1
02,59,00,44,24.4,91.2
03,00,00,35,24.4,91
03,01,00,34,24.3,90.7
03,02,00,51,24.3,90.6
03,03,00,36,24.1,91.1
03,04,00,38,24.1,91.4
03,05,00,19,24.1,91.3
03,06,00,28,24,91.5
03,07,00,22,24.1,91.4
03,08,00,24,24.1,91.3
03,09,00,48,24.2,91.1
03,10,00,29,24.2,91
03,11,00,24,24.2,91
03,12,00,24,24.2,90.8
03,13,00,40,24.2,90.9
03,14,00,33,24.3,91
03,15,00,37,24.2,91.3
03,16,00,47,24.2,91.2
03,17,00,48,24.2,91.4
03,18,00,34,24.3,91.4
03,19,00,57,24.3,91.1
03,20,00,18,24.3,91.2
03,21,00,53,24.3,91.5
03,22,00,25,24.3,91
03,23,00,28,24.3,90.8
03,24,00,36,24.3,90.9
03,25,00,40,24.3,90.9
03,26,00,30,24.3,90.8
03,27,00,49,24.3,90.7
03,28,00,36,24.4,90.6
03,29,00,28,24.4,90.7
03,30,00,47,24.4,90.7
03,31,00,27,24.3,90.8
03,32,00,33,24.3,90.8
03,33,00,40,24.4,90.7
03,34,00,28,24.4,90.7
03,35,00,38,24.4,90.7
03,36,00,29,24.3,90.6
03,37,00,29,24.3,90.7
03,38,00,40,24.3,90.8
03,39,00,44,24.2,91
03,40,00,31,24.2,90.9
03,41,00,30,24.3,90.9
03,42,00,33,24.3,90.9
03,43,00,69,24.3,90.9
03,44,00,33,24.3,90.9
03,45,00,40,24.3,91
03,46,00,27,24.3,91.1
03,47,00,34,24.3,91.3
03,48,00,24,24.2,91.6
03,49,00,26,24.3,91.8
03,50,00,45,24.4,91.7
03,51,00,25,24.4,91.4
03,52,00,38,24.4,91.3
03,53,00,15,24.4,91.2
03,54,00,32,24.3,91.2
03,55,00,44,24.3,91
03,56,00,32,24.2,91.5
03,57,00,32,24.2,91.5
03,58,00,24,24.2,91.5
03,59,00,47,24.2,91.1
04,00,00,33,24.3,90.9
04,01,00,22,24.1,91.2
04,02,00,39,24.1,91.8
04,03,00,49,24.2,91.3
04,04,00,46,24.2,91.1
04,05,00,17,24.2,91.2
04,06,00,47,24.3,90.9
04,07,00,18,24.3,91
04,08,00,29,24.3,91.1
04,09,00,49,24.3,90.8
04,10,00,47,24.3,90.9
04,11,00,25,24.2,91.2
04,12,00,21,24.2,91.5
04,13,00,43,24.2,91.1
04,14,00,41,24.2,90.9
04,15,00,17,24.1,91.3
04,16,00,42,24,91.5
04,17,00,43,24.1,91.2
04,18,00,34,24.1,91.4
04,19,00,38,24.1,91.2
04,20,00,35,24,91.6
04,21,00,58,24.1,91.4
04,22,00,40,24.1,91.2
04,23,00,35,24.1,91.1
04,24,00,39,24.2,90.8
04,25,00,47,24.1,91.2
04,26,00,23,24.1,91.4
04,27,00,32,24,91.7
04,28,00,44,24,92
04,29,00,31,24,92
04,30,00,40,24,92.2
04,31,00,14,24,91.9
04,32,00,26,24,92
04,33,00,27,24,92
04,34,00,37,24.1,91.9
04,35,00,27,24.1,91.5
04,36,00,44,24.2,91.6
04,37,00,30,24.2,91.2
04,38,00,33,24.2,91
04,39,00,27,24.1,90.9
04,40,00,33,24,91.2
04,41,00,46,24,91.2
04,42,00,30,23.7,92.2
04,43,00,38,23.8,92.2
04,44,00,29,23.9,91.9
04,45,00,46,23.9,91.9
04,46,00,30,24,91.9
04,47,00,27,24,91.5
04,48,00,43,24.1,91.6
04,49,00,26,24.1,91.2
04,50,00,37,24.1,91
04,51,00,22,24.1,91
04,53,00,25,24.2,91.3
04,54,00,24,24.2,91.3
04,55,00,25,24.2,91.4
04,56,00,46,24.2,91.2
04,57,00,21,24.2,91.1
04,58,00,51,24.2,91.1
04,59,00,26,24.2,91.2
05,00,00,27,24.2,90.9
05,01,00,12,24.2,90.8
05,02,00,39,24.1,90.7
05,03,00,13,24,91.2
05,04,00,24,24.1,91.1
05,05,00,25,23.9,91.6
05,06,00,40,23.8,92.1
05,07,00,49,23.8,92.2
05,08,00,16,23.8,92.1
05,09,00,34,23.9,92.1
05,10,00,39,24,91.8
05,11,00,56,24.1,91.5
05,12,00,55,24,91.4
05,13,00,34,24,91.4
05,14,00,30,24,91.4
05,15,00,42,24.1,91
05,16,00,29,24,91
05,17,00,40,24,90.8
05,18,00,31,23.9,91.1
05,19,00,37,23.9,91
05,20,00,39,24,91
05,21,00,24,24,90.8
05,22,00,37,24,90.6
05,23,00,49,24,90.9
05,24,00,26,24,90.9
05,25,00,24,24.1,90.9
05,26,00,21,24.1,90.8
05,27,00,23,24.1,90.9
05,28,00,19,24,90.8
05,29,00,37,24.1,90.7
05,30,00,22,24.1,90.7
05,31,00,36,24.1,90.7
05,32,00,27,24.1,91
05,33,00,35,24.1,91
05,34,00,30,24.1,91
05,35,00,28,24.1,91.2
05,36,00,33,24.1,90.8
05,37,00,43,24.1,91
05,38,00,42,24,90.9
05,39,00,34,24.1,91.1
05,40,00,41,24.1,91.1
05,41,00,39,24,91.3
05,42,00,25,24,91.3
05,43,00,18,23.8,91.5
05,44,00,31,23.8,91.7
05,45,00,41,23.8,91.8
05,46,00,22,23.8,91.9
05,47,00,22,23.8,91.8
05,48,00,44,23.9,91.6
05,49,00,47,23.9,91.4
05,50,00,25,24,91.3
05,51,00,27,24,91.5
05,52,00,50,24,91.4
05,53,00,41,24,91
05,54,00,35,24,91
05,55,00,33,24.1,91
05,56,00,33,24.1,90.9
05,57,00,34,24.1,90.9
05,58,00,38,24.1,91
05,59,00,35,24.1,90.9
06,00,00,61,24.1,90.9
06,01,00,40,24.1,91.3
06,02,00,35,24,91.4
06,03,00,32,24.1,91.2
06,04,00,33,24.1,90.8
06,05,00,26,24.1,91
06,06,00,39,24.1,90.8
06,07,00,36,24,90.8
06,08,00,35,24,91.2
06,09,00,34,24.1,91.1
06,10,00,38,24.1,90.6
06,11,00,30,24.1,90.6
06,12,00,40,24.1,90.6
06,13,00,58,24.1,90.7
06,14,00,38,24.1,90.8
06,15,00,46,24.1,91.4
06,16,00,39,24,92.1
06,17,00,67,24,92.2
06,18,00,27,24,92.4
06,19,00,36,24,92.3
06,20,00,22,24.1,92.2
06,21,00,32,24.1,92
06,22,00,51,24.1,92.2
06,23,00,41,24,92.4
06,24,00,50,24,92.8
06,25,00,35,24,92.7
06,26,00,33,24,92.9
06,27,00,42,24,92.9
06,28,00,32,24.1,92.8
06,29,00,17,24.2,92.2
06,30,00,41,24.3,91.9
06,31,00,31,24.2,91.5
06,32,00,28,24.2,92.2
06,33,00,42,24.2,92
06,35,00,32,24.2,91.7
06,36,00,27,24.2,91.7
06,37,00,31,24.2,92.2
06,38,00,24,24.1,92.4
06,39,00,47,24.1,92.8
06,40,00,47,24.2,92.2
06,41,00,38,24.1,92.6
06,42,00,29,24.1,92
06,43,00,26,24.1,92.4
06,44,00,38,24,92.5
06,45,00,44,24.1,92.6
06,46,00,33,24.1,92.7
06,47,00,30,24.2,92.1
06,48,00,57,24.3,91.9
06,49,00,40,24.3,92
06,50,00,54,24.3,91.4
06,51,00,44,24.3,91.7
06,52,00,42,24.3,91.8
06,53,00,35,24.3,91.8
06,54,00,43,24.4,91.8
06,55,00,47,24.6,91.4
06,56,00,36,24.6,90.7
06,57,00,55,24.5,90.5
06,58,00,59,24.4,90.6
06,59,00,40,24.5,90.8
07,00,00,51,24.6,91
07,01,00,41,24.6,91.1
07,02,00,39,24.7,90.6
07,03,00,36,24.7,90.4
07,04,00,42,24.8,90
07,05,00,21,24.8,89.5
07,06,00,36,24.7,90.1
07,07,00,48,24.7,90.5
07,08,00,37,24.8,90.1
07,09,00,33,24.8,90.2
07,10,00,18,24.8,90.3
07,11,00,48,24.7,90.6
07,12,00,38,24.8,90.6
07,13,00,49,24.8,90.3
07,14,00,36,24.9,90
07,15,00,41,24.8,90.6
07,16,00,40,24.9,90.1
07,17,00,27,25,90.2
07,18,00,55,25,90.1
07,19,00,55,25.1,89.6
07,20,00,28,25,89.6
07,21,00,52,24.9,89.5
07,22,00,42,24.9,89
07,23,00,44,24.9,89.2
07,24,00,56,25,89.3
07,25,00,40,25,90
07,26,00,47,25,89.8
07,27,00,53,25.1,89.9
07,28,00,41,25,90
07,29,00,31,25,90.1
07,30,00,51,24.9,90.8
07,31,00,31,24.9,90.8
07,32,00,33,24.9,90.8
07,33,00,42,25,90.5
07,34,00,47,24.9,89.6
07,35,00,49,24.9,89.9
07,36,00,44,24.8,90.2
07,37,00,22,24.9,90.1
07,38,00,49,24.8,89.8
07,39,00,19,24.9,90.2
07,40,00,44,25,90.3
07,41,00,47,25,90.7
07,42,00,47,25,90.1
07,43,00,59,25.1,90
07,44,00,44,25.3,89.8
07,45,00,45,25.5,89.5
07,46,00,33,25.5,89.4
07,47,00,48,25.6,89.6
07,48,00,33,25.7,89
07,49,00,75,25.7,89.7
07,50,00,29,25.7,89.8
07,51,00,17,25.7,89.4
07,52,00,57,25.7,89
07,53,00,50,25.7,88.7
07,54,00,38,25.7,88.9
07,55,00,53,25.7,89
07,56,00,42,25.7,88.2
07,57,00,46,25.7,88.6
07,58,00,39,25.7,88.8
07,59,00,43,25.7,89
08,00,00,40,25.7,88.6
08,01,00,37,25.7,88.9
08,02,00,61,25.7,88.8
08,03,00,65,25.7,88.9
08,04,00,43,25.8,88.9
08,05,00,24,25.8,89.1
08,06,00,35,25.8,88.9
08,07,00,67,25.9,88.3
08,08,00,50,25.8,88.5
08,09,00,57,25.8,88.9
08,10,00,41,25.8,89
08,11,00,36,25.8,88.7
08,12,00,70,25.9,88.4
08,13,00,58,25.9,88.5
08,14,00,42,26,88.6
08,15,00,42,26,88.4
08,16,00,60,26,88.3
08,17,00,36,26,88.3
08,18,00,18,26.1,88.3
08,19,00,46,26.1,88.2
08,20,00,51,26.2,88.1
08,21,00,58,26.3,88.1
08,22,00,37,26.3,88.1
08,23,00,46,26.2,88.4
08,24,00,43,26.2,86.9
08,25,00,47,26.2,87.7
08,26,00,52,26.2,87.5
08,27,00,32,26.2,88.2
08,28,00,34,26.3,86.9
08,29,00,21,26.2,87.2
08,30,00,43,26.2,87.6
08,31,00,39,26.2,86.9
08,32,00,62,26.3,86.9
08,33,00,47,26.3,87.2
08,34,00,51,26.3,86.7
08,35,00,66,26.4,86.9
08,36,00,56,26.4,86.8
08,37,00,61,26.4,86.9
08,38,00,19,26.4,87.2
08,39,00,33,26.3,87.2
08,40,00,50,26.3,86.6
08,41,00,63,26.2,87.2
08,42,00,33,26.2,87.5
08,43,00,24,26.2,87.5
08,44,00,42,26.3,87.6
08,45,00,26,26.3,87.1
08,46,00,49,26.4,86.6
08,47,00,36,26.4,86.8
08,48,00,41,26.4,87.2
08,49,00,37,26.4,86.8
08,50,00,40,26.4,87
08,51,00,49,26.3,86.9
08,52,00,60,26.3,86.7
08,53,00,42,26.2,87.2
08,54,00,36,26.1,86.7
08,55,00,58,26.1,87.8
08,56,00,52,26.1,87.9
08,57,00,55,26.2,87.6
08,58,00,66,26.3,87.8
08,59,00,56,26.3,87.3
09,00,00,37,26.3,86.9
09,01,00,65,26.4,86.9
09,02,00,41,26.4,86.8
09,03,00,58,26.5,86.6
09,04,00,34,26.5,86.9
09,05,00,33,26.5,86.5
09,06,00,29,26.5,86.8
09,07,00,27,26.5,86.2
09,08,00,40,26.6,86
09,09,00,55,26.6,85.8
09,10,00,31,26.6,85.6
09,11,00,52,26.6,85.7
09,12,00,38,26.7,85.8
09,13,00,42,26.7,85.7
09,14,00,63,26.8,85.5
09,15,00,47,26.8,85.4
09,16,00,25,26.9,85.1
09,17,00,35,26.8,85.1
09,18,00,48,26.8,84.6
09,19,00,48,26.8,84.2
09,20,00,60,26.8,83.7
09,21,00,75,26.9,84.2
09,22,00,49,26.9,84.7
09,23,00,56,26.8,83.8
09,24,00,67,26.9,84
09,25,00,38,26.9,83.8
09,26,00,50,27,84.1
09,27,00,48,27,84.3
09,28,00,43,27,84.2
09,29,00,32,27,83.9
09,30,00,38,27,83.8
09,31,00,44,27,83.7
09,32,00,47,27,83.7
09,33,00,16,27.1,83.3
09,34,00,58,27.1,83.5
09,35,00,75,27.1,83.3
09,36,00,31,27.1,83.1
09,37,00,41,27.1,82.5
09,38,00,49,27.1,82.6
09,39,00,60,27.2,82.4
09,40,00,48,27.3,82.8
09,41,00,84,27.3,82.6
09,42,00,57,27.4,82.2
09,43,00,52,27.4,80.9
09,44,00,40,27.4,81.7
09,45,00,43,27.5,81.5
09,46,00,67,27.6,81.4
09,47,00,46,27.7,81.3
09,48,00,46,27.7,81.1
09,49,00,37,27.7,81.1
09,50,00,78,27.7,81
09,51,00,47,27.7,80.8
09,52,00,47,27.8,80.6
09,53,00,56,27.8,80.7
09,54,00,54,27.8,80.6
09,55,00,48,27.8,80.2
09,56,00,35,27.6,79.8
09,57,00,49,27.6,80.4
09,58,00,72,27.6,80.8
09,59,00,61,27.7,80.4
10,00,00,36,27.8,80.5
10,01,00,37,27.8,80.5
10,02,00,46,27.8,80.4
10,03,00,48,27.9,80.1
10,04,00,47,28,80.3
10,05,00,61,28.1,80.5
10,06,00,33,28.2,80.5
10,07,00,63,28.3,80.2
10,08,00,46,28.3,80.1
10,09,00,63,28.2,79.9
10,10,00,63,28.1,79.6
10,11,00,75,28.2,80.1
10,12,00,25,28.3,80.1
10,13,00,36,28.5,79.5
10,14,00,72,28.5,80.1
10,15,00,29,28.5,78.9
10,16,00,57,28.6,78.7
10,17,00,66,28.6,79.2
10,18,00,54,28.5,79.3
10,19,00,62,28.6,79.6
10,20,00,49,28.6,79.8
10,21,00,33,28.7,78.3
10,22,00,53,28.8,78.7
10,23,00,43,28.8,77.3
10,24,00,74,28.7,77.6
10,25,00,55,28.6,77.4
10,26,00,65,28.6,77.8
10,27,00,55,28.6,78.7
10,28,00,42,28.5,78.2
10,29,00,71,28.3,77.2
10,30,00,27,28.2,77.2
10,31,00,68,28.1,77.7
10,32,00,40,28.1,77.4
10,33,00,53,28.2,77.6
10,34,00,60,28.1,75.7
10,35,00,47,28.1,75.7
10,36,00,79,28.1,76.2
10,37,00,66,28.1,76
10,38,00,73,28,75.6
10,39,00,65,27.9,76.4
10,40,00,59,27.9,76.7
10,41,00,62,28.1,78.2
10,42,00,47,28.1,77
10,43,00,77,28.1,77.3
10,44,00,85,28.1,77.3
10,45,00,65,28.1,77
10,46,00,47,28.1,76.7
10,47,00,69,28,75.9
10,48,00,77,27.9,76.7
10,49,00,38,27.9,76.3
10,50,00,49,27.9,77.1
10,51,00,81,28,77.5
10,52,00,61,28,77.2
10,53,00,48,28,77
10,54,00,59,28.1,76.9
10,55,00,65,28.1,75.6
10,56,00,44,28.1,75.8
10,57,00,33,28.1,76.1
10,58,00,48,28.1,76.5
10,59,00,77,28.2,76.5
11,00,00,43,28.2,77
11,01,00,68,28.1,77
11,02,00,51,28.1,77.5
11,03,00,38,28,77
11,04,00,35,28,77.1
11,05,00,33,28.1,77.6
11,06,00,29,28.2,78.7
11,07,00,67,28.3,78.8
11,08,00,45,28.3,76.4
11,09,00,47,28.3,76.8
11,10,00,39,28.4,76.2
11,11,00,42,28.5,76
11,12,00,38,28.6,75.8
11,13,00,39,28.6,76.8
11,14,00,28,28.7,77
11,15,00,47,28.6,75.1
11,16,00,35,28.7,75.5
11,17,00,49,28.7,76.4
11,18,00,43,28.9,76.5
11,19,00,59,29,75.6
11,20,00,49,29.1,75.2
11,21,00,40,29.1,73.8
11,22,00,59,29.1,73.7
11,23,00,79,29.2,73.6
11,24,00,29,29.2,74.3
11,25,00,50,29.2,74.1
11,26,00,39,29.2,75.8
11,27,00,59,29.3,74.1
11,28,00,48,29.3,73.2
11,29,00,55,29.2,75.5
11,30,00,45,29.3,74.1
11,31,00,60,29.4,74.6
11,32,00,58,29.5,73.7
11,33,00,79,29.6,72.6
11,34,00,61,29.8,72.4
11,35,00,31,29.9,71.7
11,36,00,64,30,70.3
11,37,00,55,30,71.5
11,38,00,61,30.1,70.9
11,39,00,42,30.1,69.8
11,40,00,48,30.1,69.1
11,41,00,78,30,69.7
11,42,00,52,29.9,71.9
11,43,00,37,29.9,71
11,44,00,14,29.9,72.3
11,45,00,58,29.8,72.7
11,46,00,68,29.8,71
11,47,00,39,29.8,70.5
11,48,00,44,29.8,71.3
11,49,00,54,29.9,71.5
11,50,00,37,29.9,72
11,51,00,58,29.9,70.8
11,52,00,53,29.9,72.8
11,53,00,72,29.9,70.9
11,54,00,57,30,70.4
11,55,00,45,30,70.8
11,56,00,45,29.9,72.5
11,57,00,51,29.9,70.2
11,58,00,48,29.9,69.8
11,59,00,48,29.9,68.6
12,00,00,44,29.9,68.3
12,01,00,53,29.9,70.7
12,02,00,53,29.9,69.7
12,03,00,52,29.9,70.4
12,04,00,38,29.9,70.9
12,05,00,31,29.8,70.7
12,06,00,53,29.8,72.5
12,07,00,41,29.7,72.1
12,08,00,39,29.7,72.2
12,09,00,59,29.7,70.9
12,10,00,32,29.7,71.6
12,11,00,43,29.8,72
12,12,00,46,29.7,70.9
12,13,00,42,29.7,71.1
12,14,00,37,29.7,69.9
12,15,00,30,29.7,70
12,16,00,55,29.7,71.9
12,17,00,31,29.6,69.4
12,18,00,47,29.5,72.7
12,19,00,19,29.5,70.6
12,20,00,29,29.5,70.1
12,21,00,40,29.4,70.5
12,22,00,31,29.5,69.8
12,23,00,31,29.5,70.3
12,24,00,26,29.4,71
12,25,00,39,29.3,71.3
12,26,00,20,29.4,70.2
12,27,00,42,29.3,69
12,28,00,44,29.3,68.3
12,29,00,33,29.4,70
12,30,00,30,29.5,70.1
12,31,00,38,29.6,70.7
12,32,00,26,29.6,67.7
12,33,00,21,29.6,67.4
12,34,00,32,29.6,66.7
12,35,00,39,29.6,65.5
12,36,00,29,29.2,64.8
12,37,00,42,29.2,65.6
12,38,00,25,29.2,67
12,39,00,36,29.2,68.5
12,40,00,43,29,68.5
12,41,00,31,28.7,69
12,42,00,20,28.6,70.4
12,43,00,56,28.3,69.5
12,44,00,25,28.1,70.5
12,45,00,53,28,70.9
12,46,00,41,28,70.6
12,47,00,50,28.1,71.5
12,48,00,40,28.2,71
12,49,00,53,27.9,70.9
12,50,00,38,27.9,71.6
12,51,00,20,28,72.5
12,52,00,40,28,73.1
12,53,00,11,28,72
12,54,00,60,27.7,73.2
12,55,00,34,27.7,73.7
12,56,00,36,27.7,73.8
12,57,00,38,27.8,73
12,58,00,40,27.7,73.4
12,59,00,21,27.7,73.3
13,00,00,61,27.7,73.4
13,01,00,59,27.9,73.5
13,02,00,68,28,72.6
13,03,00,41,28.1,71.9
13,04,00,36,28.2,72.3
13,05,00,42,28.1,70.6
13,06,00,69,28.2,69.2
13,07,00,50,28.4,68.9
13,08,00,32,28.6,69.1
13,09,00,51,28.7,69.7
13,10,00,53,28.9,70.1
13,11,00,74,28.9,68.2
13,12,00,57,28.9,68.5
13,13,00,67,29,68.7
13,14,00,32,29.1,68.4
13,15,00,38,29.2,68.4
13,16,00,40,29.3,68.8
13,17,00,61,29.4,66.1
13,18,00,73,29.1,66.6
13,19,00,53,28.9,65.9
13,20,00,54,29.1,66.2
13,21,00,48,29.2,68.2
13,22,00,41,29.2,68.6
13,23,00,41,29,68
13,24,00,37,29.1,68.9
13,25,00,53,29.2,68.6
13,26,00,46,29.3,68.5
13,27,00,55,29.4,67.8
13,28,00,41,29.3,69.8
13,29,00,54,29.3,68.8
13,30,00,44,29.3,69.2
13,31,00,39,29.4,68.4
13,32,00,27,29.3,67.2
13,33,00,55,29.3,68.5
13,34,00,43,29.4,68.2
13,35,00,47,29.3,67
13,36,00,57,29.3,67.2
13,37,00,52,29.3,66.6
13,38,00,68,29.3,66.1
13,39,00,52,29.3,66.7
13,40,00,64,29.4,65.6
13,41,00,53,29.4,64.7
13,42,00,53,29.4,66.4
13,43,00,49,29.6,67.8
13,44,00,85,29.9,67
13,45,00,43,30,66.1
13,46,00,76,30.2,66.2
13,47,00,41,30.2,63.3
13,48,00,51,30.2,63.5
13,49,00,55,30.4,63.8
13,50,00,61,30.3,64.6
13,51,00,42,30.2,63.9
13,52,00,48,30.1,62.5
13,53,00,30,30.1,62.8
13,54,00,64,30.1,63.2
13,55,00,65,30.1,62
13,56,00,34,30.1,62
13,57,00,39,30.1,61.5
13,58,00,49,30,61.7
13,59,00,46,29.9,61.6
14,00,00,54,29.9,61.6
14,01,00,45,30.1,61.9
14,02,00,33,30,62
14,03,00,30,30.1,63.2
14,04,00,35,30,62.9
14,05,00,46,30,62.4
14,06,00,61,29.9,62.4
14,07,00,42,29.9,62.7
14,08,00,39,29.8,62.2
14,09,00,29,29.8,62.7
14,10,00,37,29.7,62.2
14,11,00,49,29.6,62.4
14,12,00,38,29.7,61.3
14,13,00,43,29.8,61.4
14,14,00,38,29.8,61.8
14,15,00,69,29.8,64.1
14,16,00,32,29.8,63.9
14,17,00,70,29.7,63.2
14,18,00,44,29.5,62.4
14,19,00,62,29.5,62.5
14,20,00,62,29.6,65
14,21,00,58,29.8,66
14,22,00,36,30,64.6
14,23,00,46,30.1,63.9
14,24,00,31,30.1,65.4
14,25,00,29,30.1,64.7
14,26,00,55,30.2,66.2
14,27,00,41,30.2,65.3
14,28,00,41,30.2,64.8
14,29,00,53,30.3,64.7
14,30,00,27,30.3,64.4
14,31,00,40,30.3,64.3
14,32,00,44,30.3,64.2
14,33,00,24,30.3,64.7
14,34,00,34,30.3,64.8
14,35,00,35,30.2,64.8
14,36,00,36,29.9,65.8
14,37,00,46,29.5,66.5
14,38,00,29,29.5,66.4
14,39,00,34,29.4,65.9
14,40,00,40,29.4,65.5
14,41,00,57,29.5,66
14,42,00,42,29.5,66.1
14,43,00,36,29.6,65.7
14,44,00,41,29.5,66.2
14,45,00,57,29.5,65.5
14,46,00,41,29.2,66.5
14,47,00,38,29.2,66.7
14,48,00,31,29.3,67.2
14,49,00,27,29.4,67
14,50,00,21,29.3,66.6
14,51,00,38,29.1,66.8
14,52,00,47,29.2,67.6
14,53,00,36,29.2,67.2
14,54,00,26,29.3,68
14,55,00,41,29.3,67.5
14,56,00,28,29.4,67.6
14,57,00,33,29.5,66.4
14,58,00,35,29.4,66.2
14,59,00,32,29.2,69.1
15,00,00,22,29,69.1
15,01,00,23,28.9,69.1
15,02,00,38,28.6,68.7
15,03,00,25,28.4,69.7
15,04,00,44,28.5,70.5
15,05,00,35,28.4,71.1
15,06,00,36,28.4,71.8
15,07,00,33,28.3,71.8
15,08,00,28,28.4,72.9
15,09,00,15,28.4,73.6
15,10,00,31,28.5,76.2
15,11,00,42,28.5,75.7
15,12,00,50,28.2,79
15,13,00,29,28,78.3
15,14,00,19,27.7,78.7
15,15,00,19,27.6,80.9
15,16,00,41,27.3,80.6
15,17,00,26,27.2,80.9
15,18,00,53,27.3,80.9
15,19,00,27,27.4,80.1
15,20,00,37,27.6,80.3
15,21,00,31,27.6,78.8
15,22,00,18,27.4,81
15,23,00,47,27.2,82.4
15,24,00,17,27.1,82.5
15,25,00,49,27.1,83.6
15,26,00,29,27.1,82.9
15,27,00,33,27.2,81.1
15,28,00,29,27.2,82
15,29,00,28,27,80.6
15,30,00,27,26.9,82.4
15,31,00,29,27,81.7
15,32,00,13,27.1,81.4
15,33,00,32,27.2,81.8
15,34,00,49,27.2,82.1
15,35,00,37,26.9,82.6
15,36,00,43,26.9,83
15,37,00,50,27,82.5
15,38,00,25,27.1,82.5
15,39,00,53,27.1,82.3
15,40,00,45,27,82.2
15,41,00,30,26.8,82.5
15,42,00,44,26.6,83.3
15,43,00,29,26.7,82.8
15,44,00,37,26.8,83.2
15,45,00,51,26.8,83.8
15,46,00,27,26.8,84.3
15,47,00,44,26.8,85.6
15,48,00,43,26.7,85.3
15,49,00,46,26.8,85.1
15,50,00,42,26.5,85.4
15,51,00,26,26.3,85.1
15,52,00,16,26.2,86
15,53,00,39,26.2,85.8
15,54,00,19,26.1,85.8
15,55,00,38,26,85.2
15,56,00,49,26,85.1
15,57,00,35,26.1,85.8
15,58,00,40,26.2,84.6
15,59,00,28,26.4,83.8
16,00,00,22,26.5,83.9
16,01,00,40,26.3,83.3
16,02,00,17,26.1,83.1
16,03,00,13,26.3,83.9
16,04,00,36,26.4,82.4
16,05,00,27,26.3,82.7
16,06,00,21,26.4,83.2
16,07,00,39,26.5,82.8
16,08,00,41,26.4,83.2
16,09,00,29,26.3,83.7
16,10,00,42,26.4,84.2
16,11,00,28,26.4,84.5
16,12,00,17,26.3,85.9
16,13,00,43,26.2,86.2
16,14,00,18,26.1,86.5
16,16,00,22,26.1,87
16,17,00,27,26.1,87.6
16,18,00,49,25.9,87.2
16,19,00,21,25.8,87
16,20,00,23,25.8,86.6
16,21,00,36,25.8,86.9
16,22,00,30,25.9,86.4
16,23,00,35,25.8,86.9
16,24,00,26,25.9,86.7
16,25,00,24,25.9,86.8
16,26,00,27,25.9,87.1
16,27,00,31,25.9,86.7
16,28,00,34,25.9,86.9
16,29,00,26,25.9,87
16,30,00,45,25.8,86.9
16,31,00,44,25.7,87.2
16,32,00,37,25.8,86.6
16,33,00,34,25.8,86.7
16,34,00,31,25.8,86.2
16,35,00,37,25.9,85
16,36,00,43,25.9,86.4
16,37,00,35,25.9,86.5
16,38,00,26,25.9,86.5
16,39,00,37,25.8,86.9
16,40,00,32,25.7,86.4
16,41,00,23,25.8,86.4
16,42,00,42,25.7,87.3
16,43,00,23,25.5,86.9
16,44,00,50,25.5,87.1
16,45,00,22,25.6,86.9
16,46,00,56,25.7,87.2
16,47,00,35,25.6,86.7
16,48,00,35,25.6,86.5
16,49,00,24,25.6,86.8
16,50,00,24,25.7,86.8
16,51,00,37,25.8,85.7
16,52,00,46,25.9,85.3
16,53,00,44,25.8,86
16,54,00,24,25.8,85.4
16,55,00,36,25.8,85.8
16,56,00,33,25.8,84.5
16,57,00,37,25.9,84.7
16,58,00,26,26,84.5
16,59,00,39,25.8,85.2
17,00,00,15,25.6,85.7
17,01,00,25,25.7,84
17,02,00,28,25.7,84
17,03,00,37,25.5,84
17,04,00,32,25.4,85.1
17,05,00,36,25.5,84.8
17,06,00,32,25.5,84.8
17,07,00,28,25.5,84.9
17,08,00,37,25.4,85.1
17,09,00,34,25.4,85
17,10,00,47,25.5,84.9
17,11,00,40,25.5,85.6
17,12,00,23,25.5,84.9
17,13,00,17,25.5,85.4
17,14,00,38,25.5,86
17,15,00,39,25.4,86.6
17,16,00,28,25.3,87.5
17,17,00,19,25.3,86.9
17,18,00,48,25.3,86.8
17,19,00,38,25.2,86.1
17,20,00,44,25.2,84.9
17,21,00,35,25.2,86.1
17,22,00,26,25.2,86
17,23,00,23,25.4,86.1
17,24,00,26,25.4,86.4
17,25,00,32,25.3,86.5
17,26,00,25,25.3,86.9
17,27,00,27,25.2,86.9
17,28,00,17,25.2,85.6
17,29,00,45,25.1,86.2
17,30,00,20,25.1,86.5
17,31,00,25,25.1,86.4
17,32,00,29,25.1,85.6
17,33,00,29,25.1,85.6
17,34,00,34,25.2,85.9
17,35,00,39,25.2,85.9
17,36,00,40,25.3,85.1
17,37,00,37,25.2,85.3
17,38,00,30,25.3,86
17,39,00,29,25.5,86
17,40,00,54,25.6,85.5
17,41,00,41,25.6,84.7
17,42,00,37,25.5,84.4
17,43,00,29,25.5,84.9
17,44,00,28,25.4,85.8
17,45,00,38,25.3,85.9
17,46,00,23,25.2,85.7
17,47,00,30,25.3,86.1
17,48,00,20,25.2,86.1
17,49,00,33,25.2,86.8
17,50,00,32,25.2,87.2
17,51,00,16,25.1,87.4
17,52,00,23,25,87.6
17,53,00,26,24.9,87.5
17,54,00,19,24.8,87.9
17,55,00,17,24.9,88.4
17,56,00,33,24.9,88
17,57,00,29,24.9,88.3
17,58,00,38,24.9,87.8
17,59,00,34,24.9,87.9
18,00,00,32,24.9,88.3
18,01,00,37,24.8,88.2
18,02,00,46,24.8,88.2
18,03,00,24,24.9,87.9
18,04,00,25,25,87.6
18,05,00,26,25,87.3
18,06,00,16,25,86.9
18,07,00,21,25,86.9
18,08,00,25,25,87.2
18,09,00,54,25.1,87.2
18,10,00,29,25.1,86.3
18,11,00,18,25.1,86
18,12,00,54,25.1,86.1
18,13,00,14,25.2,87
18,14,00,49,25.1,87.3
18,15,00,33,25.1,86.7
18,16,00,43,25,87.7
18,17,00,41,25,87.7
18,18,00,24,25,88
18,19,00,43,25.1,87.5
18,20,00,27,25.1,86.7
18,21,00,47,25.2,87.2
18,22,00,40,25.2,86.1
18,23,00,35,25.2,86.7
18,24,00,29,25.3,86.4
18,25,00,31,25.3,86
18,26,00,25,25.3,85.7
18,27,00,43,25.3,86
18,28,00,33,25.4,85.4
18,29,00,24,25.4,85.7
18,30,00,16,25.4,86
18,31,00,32,25.3,86
18,32,00,35,25.3,85.9
18,33,00,44,25.3,85.9
18,34,00,21,25.2,86
18,35,00,36,25.1,87
18,36,00,50,25,87.2
18,37,00,31,25.1,87
18,38,00,22,25.2,86.4
18,39,00,40,25.2,86.4
18,40,00,13,25.3,86.2
18,41,00,33,25.3,86.3
18,42,00,16,25.3,86.5
18,43,00,32,25.2,87.3
18,44,00,19,25.2,87
18,45,00,24,25.2,87.3
18,46,00,50,25.2,86.5
18,47,00,19,25.2,86.6
18,48,00,44,25.2,86.9
18,49,00,36,25.3,86.2
18,50,00,26,25.3,86.2
18,51,00,18,25.3,85.5
18,52,00,36,25.4,85
18,53,00,27,25.3,84.7
18,54,00,10,25.1,85.2
18,55,00,6,25,85.4
18,56,00,17,25,85
18,57,00,27,25,85
18,58,00,22,25.2,84.9
18,59,00,29,25.2,84.5
19,00,00,37,25.3,84.7
19,01,00,27,25.3,84.2
19,02,00,19,25.4,84.9
19,03,00,29,25.2,85.9
19,04,00,37,25.2,86.2
19,05,00,18,25.3,85.8
19,06,00,31,25.3,86
19,07,00,30,25.3,85.7
19,08,00,49,25.2,85.7
19,09,00,50,25.3,85.8
19,10,00,25,25.3,85.9
19,11,00,39,25.3,85.9
19,12,00,35,25.2,85.8
19,13,00,30,25.2,86
19,14,00,24,25.2,86.1
19,15,00,28,25.1,87
19,16,00,18,25,87.7
19,17,00,22,25.1,86.8
19,18,00,17,25.1,87
19,19,00,27,25.2,86.5
19,20,00,27,25.2,86.4
19,21,00,29,25.2,86.7
19,22,00,20,25.1,86.7
19,23,00,24,25,87.1
19,24,00,18,25,87.1
19,25,00,8,25,86.8
19,26,00,26,25.1,86.7
19,27,00,29,25.2,86.8
19,28,00,28,25.2,86.9
19,29,00,35,25.2,86.6
19,30,00,48,25.2,86.5
19,31,00,24,25.1,86.4
19,32,00,20,25.1,86.1
19,33,00,29,25.1,86.3
19,34,00,34,25.1,86.7
19,35,00,36,25,87.7
19,36,00,37,24.8,88.9
19,37,00,42,24.7,88.6
19,38,00,38,24.7,88.7
19,39,00,23,24.8,88.7
19,40,00,29,24.9,88.9
19,41,00,32,25,88.6
19,42,00,20,25,88.5
19,43,00,48,25,88.7
19,44,00,36,24.8,88.3
19,45,00,47,24.8,88.2
19,46,00,22,24.9,87.8
19,47,00,24,24.8,88
19,48,00,36,24.8,88.1
19,49,00,19,24.8,88.4
19,50,00,36,24.9,88.3
19,51,00,42,24.9,88
19,52,00,17,24.8,88.1
19,53,00,28,24.9,87.8
19,54,00,41,24.9,87.8
19,55,00,40,24.8,88
19,56,00,43,24.8,87.7
19,57,00,18,24.9,87.4
19,58,00,40,24.8,87.4
19,59,00,17,24.9,87.7
20,00,00,39,24.9,88.1
20,01,00,31,24.9,87.8
20,02,00,29,24.9,87.7
20,03,00,37,24.8,87.7
20,04,00,30,24.7,88.1
20,05,00,39,24.5,88.8
20,06,00,40,24.6,88.9
20,07,00,29,24.7,88.8
20,08,00,41,24.8,88.5
20,09,00,29,24.7,88.3
20,10,00,26,24.7,88.2
20,11,00,35,24.8,88.1
20,12,00,35,24.8,87.6
20,13,00,40,24.8,87.4
20,14,00,17,24.8,87.5
20,15,00,30,24.9,87.7
20,16,00,23,24.8,87.8
20,17,00,35,24.7,88.1
20,18,00,30,24.7,88.5
20,19,00,33,24.7,88.3
20,20,00,28,24.8,88.2
20,21,00,33,24.8,88.2
20,22,00,47,24.9,87.8
20,23,00,23,24.9,87.6
20,24,00,47,24.9,86.8
20,25,00,24,24.9,87.4
20,26,00,35,24.8,87.6
20,27,00,25,24.9,87.5
20,28,00,23,24.9,87
20,29,00,38,24.9,87.2
20,30,00,25,24.8,87.9
20,31,00,56,24.6,88.5
20,32,00,24,24.6,89
20,33,00,25,24.7,88.6
20,34,00,39,24.7,88.5
20,35,00,24,24.8,88.2
20,36,00,36,24.8,87.9
20,37,00,24,24.7,87.8
20,38,00,37,24.7,87.8
20,39,00,44,24.5,87.7
20,40,00,32,24.5,87.9
20,41,00,50,24.5,87.8
20,42,00,34,24.4,88
20,43,00,39,24.5,87.9
20,44,00,35,24.6,87.6
20,45,00,32,24.6,87.4
20,46,00,18,24.6,87.3
20,47,00,25,24.6,87.4
20,48,00,12,24.6,87.5
20,49,00,39,24.6,87.3
20,50,00,14,24.6,87.3
20,51,00,35,24.6,87.3
20,52,00,17,24.7,87.2
20,53,00,48,24.7,87.2
20,54,00,21,24.6,87.2
20,55,00,28,24.6,87.1
20,56,00,25,24.6,87.5
20,57,00,25,24.6,87.4
20,58,00,30,24.5,87.4
20,59,00,30,24.5,87.4
21,00,00,19,24.5,87.5
21,01,00,26,24.4,87.5
21,02,00,17,24.4,87.8
21,03,00,57,24.5,87.5
21,04,00,41,24.3,87.8
21,05,00,32,24.3,87.7
21,06,00,9,24.3,87.5
21,07,00,38,24.3,87.6
21,08,00,42,24.3,87.7
21,09,00,39,24.3,87.8
21,10,00,24,24.2,87.8
21,11,00,31,24.2,87.9
21,12,00,32,24.2,87.9
21,13,00,40,24.2,87.8
21,14,00,50,24.2,87.6
21,15,00,18,24.1,87.9
21,16,00,17,24.1,87.6
21,17,00,15,24.1,87.4
21,18,00,16,24.2,87.3
21,19,00,47,24.2,87.2
21,20,00,26,24.1,87.8
21,21,00,41,24.1,87.6
21,22,00,48,24.1,87.5
21,23,00,42,24.1,87.3
21,24,00,21,24.1,87.2
21,25,00,22,24.2,87.3
21,26,00,33,24.2,87.2
21,27,00,43,24.2,87
21,28,00,46,24.2,87.1
21,29,00,51,24.2,86.9
21,30,00,23,24.3,86.9
21,31,00,67,24.3,86.9
21,32,00,35,24.3,86.9
21,33,00,27,24.3,86.9
21,34,00,21,24.3,86.6
21,35,00,40,24.3,86.6
21,36,00,31,24.2,86.6
21,37,00,35,24.2,86.7
21,38,00,34,24.2,86.7
21,39,00,29,24.2,86.9
21,40,00,32,24.2,86.9
21,41,00,29,24.2,86.9
21,42,00,34,24.1,86.7
21,43,00,35,23.8,87.8
21,44,00,41,23.8,88.2
21,45,00,43,23.9,87.8
21,46,00,27,23.8,87.8
21,47,00,29,23.9,88.3
21,48,00,24,24,87.7
21,49,00,23,24.1,87.6
21,50,00,45,24.1,87.2
21,51,00,25,24.1,86.9
21,52,00,36,24,87.4
21,53,00,34,23.9,87.3
21,54,00,36,23.8,87.5
21,55,00,49,23.9,87.2
21,56,00,46,23.9,87.2
21,57,00,28,23.9,87.5
21,58,00,39,23.8,88.3
21,59,00,31,23.7,88.9
22,00,00,36,23.6,88.8
22,01,00,37,23.7,89.1
22,02,00,23,23.9,88.6
22,03,00,30,23.8,87.9
22,04,00,30,23.7,88.1
22,05,00,33,23.6,88
22,06,00,30,23.6,88.2
22,07,00,46,23.6,88.2
22,08,00,43,23.7,87.9
22,09,00,34,23.8,87.7
22,10,00,28,23.9,87.4
22,11,00,24,23.9,87.3
22,12,00,32,23.9,87.2
22,13,00,27,23.9,87.3
22,14,00,20,24,87.3
22,15,00,35,24,87.2
22,16,00,40,24,87.2
22,17,00,18,24,87.1
22,19,00,25,23.9,87.2
22,20,00,40,23.9,86.9
22,21,00,16,23.9,86.9
22,22,00,37,23.9,86.7
22,23,00,38,23.9,86.6
22,24,00,30,23.8,86.8
22,25,00,34,23.8,86.8
22,26,00,31,23.8,86.7
22,27,00,56,23.8,87.5
22,28,00,42,23.7,87.7
22,29,00,37,23.8,87.5
22,30,00,36,23.8,87.3
22,31,00,32,23.8,87.1
22,32,00,28,23.8,86.9
22,33,00,26,23.8,86.9
22,34,00,28,23.8,86.9
22,35,00,39,23.8,86.9
22,36,00,16,23.8,86.7
22,37,00,24,23.8,86.7
22,38,00,23,23.7,86.9
22,39,00,31,23.7,87.2
22,40,00,32,23.7,87.3
22,41,00,25,23.6,87.4
22,42,00,42,23.6,87.4
22,43,00,30,23.7,87.2
22,44,00,24,23.7,87.3
22,45,00,46,23.7,87.3
22,46,00,38,23.7,87.2
22,47,00,52,23.7,87.2
22,48,00,53,23.7,87.1
22,49,00,38,23.7,87.2
22,50,00,24,23.7,87.2
22,51,00,22,23.6,87.4
22,52,00,46,23.6,87.4
22,53,00,46,23.6,87.3
22,54,00,10,23.6,87.2
22,55,00,27,23.5,87.4
22,56,00,37,23.5,87.5
22,57,00,32,23.4,87.6
22,58,00,34,23.4,87.5
22,59,00,23,23.5,87.5
23,00,00,30,23.5,87.4
23,01,00,24,23.5,87.3
23,02,00,42,23.5,87.2
23,03,00,32,23.5,87.2
23,04,00,42,23.5,87.3
23,05,00,52,23.6,87.3
23,06,00,40,23.4,87.2
23,07,00,16,23.4,87.2
23,08,00,26,23.4,87.1
23,09,00,15,23.4,87.2
23,10,00,23,23.4,87.1
23,11,00,28,23.5,87
23,12,00,34,23.5,86.8
23,13,00,42,23.5,86.9
23,14,00,41,23.4,86.9
23,15,00,32,23.4,87.1
23,16,00,47,23.4,87.1
23,17,00,15,23.3,87.2
23,18,00,31,23.3,87.1
23,19,00,22,23.3,86.9
23,20,00,42,23.3,86.9
23,21,00,37,23.3,86.9
23,22,00,28,23.3,86.8
23,23,00,27,23.3,87.1
23,24,00,33,23.3,87.1
23,25,00,47,23.3,87.1
23,26,00,24,23.3,86.9
23,27,00,36,23.2,87.3
23,28,00,27,23.3,87.3
23,29,00,31,23.3,87.3
23,30,00,23,23.3,87.3
23,31,00,16,23.3,87.2
23,32,00,22,23.3,87
23,33,00,26,23.2,87.6
23,34,00,28,23.2,87.7
23,35,00,38,23.2,87.4
23,36,00,26,23.2,87.2
23,37,00,30,23.2,87.4
23,38,00,22,23.2,87.4
23,39,00,34,23.2,87.5
23,40,00,26,23.2,87.6
23,41,00,33,23.3,87.3
23,42,00,16,23.3,87.1
23,43,00,30,23.3,86.8
23,44,00,33,23.3,86.9
23,45,00,36,23.3,87
23,46,00,28,23.2,86.9
23,47,00,35,23.2,87.1
23,48,00,41,23.2,87
23,49,00,34,23.2,87
23,50,00,51,23.2,87.1
23,51,00,36,23.2,87.1
23,52,00,32,23.1,87.1
23,53,00,27,23.2,87.1
23,54,00,16,23.2,87
23,55,00,31,23.2,87.1
23,56,00,26,23.2,87.2
23,57,00,39,23.2,87.3
23,58,00,31,23.3,87.3
23,59,00,29,23.3,87.1
