00,00,00,19,24.8,86.8
00,01,00,22,24.6,87.4
00,02,00,23,24.6,87.8
00,03,00,39,24.7,87.5
00,04,00,57,24.7,87.4
00,05,00,31,24.7,87.5
00,06,00,35,24.7,87.6
00,07,00,26,24.7,87.4
00,08,00,28,24.6,87.1
00,09,00,44,24.7,87.2
00,10,00,35,24.7,87.5
00,11,00,27,24.7,87.8
00,12,00,33,24.5,88
00,13,00,11,24.6,88
00,14,00,39,24.8,87.4
00,15,00,36,24.8,87.2
00,16,00,39,24.8,87.6
00,17,00,27,24.8,87.3
00,18,00,35,24.7,87.9
00,19,00,37,24.7,87.5
00,20,00,35,24.8,87.2
00,21,00,45,24.8,87
00,22,00,26,24.9,86.9
00,23,00,59,24.8,86.7
00,24,00,35,24.8,87.1
00,25,00,47,24.7,87.4
00,26,00,40,24.8,87.3
00,27,00,51,24.8,86.9
00,28,00,27,24.7,87.2
00,29,00,41,24.7,87.1
00,30,00,36,24.7,87.1
00,31,00,26,24.8,87.1
00,32,00,34,24.8,86.6
00,33,00,21,24.8,86.5
00,34,00,31,24.7,86.7
00,35,00,29,24.7,86.7
00,36,00,30,24.6,86.5
00,37,00,19,24.6,86.9
00,38,00,25,24.6,87.1
00,39,00,17,24.6,87.1
00,40,00,35,24.6,87
00,41,00,38,24.6,87.3
00,42,00,41,24.5,87.9
00,43,00,34,24.6,87.6
00,44,00,25,24.7,86.8
00,45,00,24,24.6,86.9
00,46,00,36,24.7,86.5
00,47,00,29,24.6,86.3
00,48,00,28,24.7,86.3
00,49,00,38,24.7,86.7
00,50,00,28,24.6,87.4
00,51,00,25,24.5,88.3
00,52,00,37,24.3,88.7
00,53,00,29,24.3,88.7
00,54,00,42,24.3,88.8
00,55,00,33,24.3,89
00,56,00,35,24.3,89
00,57,00,26,24.3,89.3
00,58,00,19,24.3,89.1
00,59,00,30,24.3,88.9
01,00,00,42,24.4,88.9
01,01,00,30,24.4,88.9
01,02,00,18,24.5,88.2
01,03,00,39,24.5,87.7
01,04,00,35,24.5,88.3
01,05,00,37,24.4,88.6
01,06,00,32,24.4,88.4
01,07,00,44,24.5,88.2
01,08,00,21,24.4,88.4
01,09,00,26,24.4,88.6
01,10,00,37,24.3,89.2
01,11,00,26,24.3,89.2
01,12,00,46,24.4,88.5
01,13,00,41,24.5,87.7
01,14,00,36,24.5,87.5
01,15,00,32,24.5,87.9
01,16,00,41,24.3,88.5
01,17,00,36,24.3,88.2
01,18,00,31,24.4,88.4
01,19,00,22,24.3,88.6
01,20,00,26,24.4,88.3
01,21,00,12,24.4,87.6
01,22,00,28,24.5,87.2
01,23,00,26,24.5,87
01,24,00,19,24.5,87.4
01,25,00,37,24.5,87.3
01,26,00,32,24.6,87.1
01,27,00,58,24.5,87.8
01,28,00,23,24.4,88
01,29,00,28,24.4,88.2
01,30,00,32,24.2,88.8
01,31,00,35,24.1,88.9
01,32,00,37,24.1,89.1
01,33,00,33,24.1,89.3
01,34,00,47,24.2,88.9
01,35,00,57,24.2,89.1
01,36,00,20,24.2,89.2
01,37,00,24,24.1,89.4
01,38,00,42,24.1,89.2
01,39,00,33,24,89.4
01,40,00,21,24,89.1
01,41,00,22,24,89.4
01,42,00,46,24.1,89
01,43,00,51,24.1,88.9
01,44,00,38,24.1,88.8
01,45,00,27,24.2,88.2
01,46,00,43,24.3,88
01,47,00,42,24.3,87.8
01,48,00,27,24.3,87.8
01,49,00,32,24.2,87.9
01,50,00,28,24.1,88.6
01,51,00,36,23.9,89.3
01,52,00,19,23.9,89.5
01,53,00,25,24,89.1
01,54,00,28,24,89.1
01,55,00,25,24,89.3
01,56,00,35,24,88.9
01,57,00,30,24.1,88.4
01,58,00,56,24.1,89
01,59,00,18,24,89.1
02,00,00,28,24.1,88.8
02,01,00,24,24.1,88.8
02,02,00,47,24,89.4
02,03,00,12,24,89.4
02,04,00,36,24.1,88.8
02,05,00,25,24.2,88.1
02,06,00,41,24.2,87.9
02,07,00,47,24.1,88.7
02,08,00,55,24,88.9
02,09,00,34,24.1,89.2
02,10,00,45,24.2,88.6
02,11,00,19,24.1,88.3
02,12,00,29,24.2,88.4
02,13,00,37,24.1,89.2
02,14,00,20,24,90.1
02,15,00,33,23.9,90.7
02,16,00,25,23.8,90.9
02,17,00,44,23.7,91
02,18,00,34,23.7,91.1
02,19,00,39,23.8,91
02,20,00,27,23.8,91.5
02,21,00,27,23.8,91.5
02,22,00,35,23.7,91.4
02,23,00,33,23.8,91.3
02,24,00,38,23.7,91.1
02,25,00,34,23.7,90.9
02,26,00,40,23.6,90.9
02,27,00,28,23.7,90.7
02,28,00,39,23.8,90.2
02,29,00,35,23.8,90.2
02,31,00,46,24,89.7
02,32,00,20,23.9,89.8
02,33,00,41,23.9,89.9
02,34,00,38,24,89.4
02,35,00,40,23.9,89.2
02,36,00,29,23.9,89.2
02,37,00,29,24,88.9
02,38,00,25,24,88.9
02,39,00,38,24,89
02,40,00,38,23.9,89.8
02,41,00,19,23.8,89.9
02,42,00,37,23.8,89.8
02,43,00,34,23.9,89.7
02,44,00,48,24,89.2
02,45,00,35,24,89
02,46,00,37,24,89
02,47,00,39,24,88.8
02,48,00,24,24.1,88.8
02,49,00,49,24.1,88.8
02,50,00,10,24.1,88.8
02,51,00,33,24.1,88.8
02,52,00,32,24,88.7
02,53,00,31,24,88.7
02,54,00,22,24,88.3
02,55,00,31,24,88.3
02,56,00,27,24,88.2
02,57,00,36,24.1,88.3
02,58,00,23,23.9,88.8
02,59,00,32,24,88.8
03,00,00,48,24,88.8
03,01,00,19,23.9,89.5
03,02,00,40,23.9,89.4
03,03,00,35,24,88.9
03,04,00,38,23.9,89.3
03,05,00,28,23.8,89.6
03,06,00,27,23.8,89.5
03,07,00,30,23.8,89.8
03,08,00,49,23.7,90
03,09,00,42,23.7,90.1
03,10,00,30,23.7,90
03,11,00,48,23.7,90.2
03,12,00,38,23.7,90.6
03,13,00,20,23.6,90.2
03,14,00,37,23.5,90.2
03,15,00,28,23.6,90.4
03,16,00,35,23.6,90.4
03,17,00,21,23.7,90.3
03,18,00,21,23.8,89.2
03,19,00,40,23.8,89
03,20,00,25,23.7,89.3
03,21,00,44,23.8,88.8
03,22,00,33,23.9,88.9
03,23,00,16,23.9,88.7
03,24,00,35,23.8,89.4
03,25,00,36,23.8,89.6
03,26,00,40,23.9,89.1
03,27,00,41,24,88.6
03,28,00,20,23.9,88.7
03,29,00,34,23.9,88.6
03,30,00,26,23.9,88.6
03,31,00,30,23.9,88.7
03,32,00,27,23.9,88.4
03,33,00,31,23.8,88.6
03,34,00,21,23.9,88.6
03,35,00,22,23.9,88.4
03,36,00,29,24,88.1
03,37,00,45,24,88.2
03,38,00,37,23.9,88.4
03,39,00,19,23.9,88.7
03,40,00,28,23.9,88.3
03,41,00,20,23.9,88.4
03,42,00,16,23.9,88.6
03,43,00,34,23.9,87.9
03,44,00,37,23.9,87.8
03,45,00,20,23.8,87.8
03,46,00,21,23.8,87.9
03,47,00,32,23.7,87.8
03,48,00,29,23.7,88
03,49,00,37,23.7,88.1
03,50,00,35,23.6,88.2
03,51,00,32,23.6,88
03,52,00,27,23.7,88.2
03,53,00,28,23.7,88.3
03,54,00,38,23.7,88.5
03,55,00,23,23.7,88.5
03,56,00,44,23.8,88.4
03,57,00,44,23.8,88.2
03,58,00,27,23.8,88.2
03,59,00,31,23.8,88.3
04,00,00,18,23.8,88.4
04,01,00,14,23.7,88.3
04,02,00,31,23.7,88.2
04,03,00,24,23.7,88.1
04,04,00,31,23.7,88
04,05,00,46,23.7,88
04,06,00,20,23.7,88.1
04,07,00,25,23.7,88.1
04,08,00,29,23.7,88.2
04,09,00,25,23.7,87.9
04,10,00,34,23.5,88.3
04,11,00,43,23.5,88
04,12,00,26,23.5,88
04,13,00,29,23.5,88.2
04,14,00,32,23.5,88
04,15,00,32,23.4,88.2
04,16,00,35,23.4,88.4
04,17,00,23,23.4,88.6
04,18,00,47,23.4,88.7
04,19,00,45,23.4,88.4
04,20,00,33,23.4,88.6
04,21,00,46,23.4,88.7
04,22,00,43,23.5,88.4
04,23,00,39,23.5,88.3
04,24,00,17,23.5,88.4
04,25,00,32,23.5,88.2
04,26,00,37,23.5,88
04,27,00,25,23.5,88.1
04,28,00,36,23.5,88.2
04,29,00,45,23.5,88.1
04,30,00,23,23.5,88.2
04,31,00,28,23.5,88
04,32,00,46,23.5,88.1
04,33,00,31,23.5,88.2
04,34,00,25,23.5,88.4
04,35,00,35,23.5,88.5
04,36,00,36,23.5,88.3
04,37,00,37,23.4,88.6
04,38,00,25,23.4,88.7
04,39,00,44,23.5,88.6
04,40,00,30,23.5,88.6
04,41,00,25,23.5,88.6
04,42,00,39,23.5,88.6
04,43,00,43,23.5,88.5
04,44,00,35,23.5,88.4
04,45,00,27,23.5,88.5
04,46,00,40,23.5,88.5
04,47,00,38,23.5,88.6
04,48,00,43,23.5,88.6
04,49,00,30,23.6,88.4
04,50,00,41,23.6,88.4
04,51,00,24,23.6,88.6
04,52,00,39,23.6,88.8
04,53,00,56,23.6,88.7
04,54,00,42,23.6,88.5
04,55,00,33,23.6,88.5
04,56,00,27,23.6,88.5
04,57,00,33,23.6,88.4
04,58,00,30,23.5,88.8
04,59,00,32,23.5,88.7
05,00,00,29,23.5,88.7
05,01,00,14,23.5,88.6
05,02,00,17,23.5,88.5
05,03,00,18,23.6,88.6
05,04,00,10,23.6,88.6
05,05,00,17,23.6,88.5
05,06,00,48,23.6,88.5
05,07,00,33,23.5,88.7
05,08,00,35,23.6,88.8
05,09,00,33,23.5,89
05,10,00,20,23.5,88.8
05,11,00,31,23.6,88.9
05,12,00,18,23.6,89
05,13,00,35,23.6,89
05,14,00,34,23.6,89
05,15,00,15,23.7,88.9
05,16,00,50,23.7,88.8
05,17,00,24,23.7,88.6
05,18,00,24,23.7,88.9
05,19,00,33,23.7,88.8
05,20,00,38,23.7,88.7
05,21,00,27,23.7,88.8
05,22,00,26,23.7,88.6
05,23,00,31,23.7,88.8
05,24,00,22,23.7,88.6
05,25,00,39,23.7,89
05,26,00,31,23.8,88.6
05,27,00,34,23.7,88.9
05,28,00,20,23.8,89.2
05,29,00,32,23.8,89
05,30,00,29,23.7,89.2
05,31,00,26,23.7,89.2
05,32,00,43,23.7,89
05,34,00,31,23.7,89.2
05,35,00,34,23.7,88.8
05,36,00,19,23.8,88.9
05,37,00,45,23.7,89.2
05,38,00,31,23.6,89.6
05,39,00,40,23.7,89.4
05,40,00,53,23.7,89.3
05,41,00,25,23.7,89.2
05,42,00,32,23.7,89.5
05,43,00,29,23.6,89.4
05,44,00,33,23.6,89.4
05,45,00,44,23.6,90
05,46,00,35,23.6,89.9
05,47,00,30,23.7,89.6
05,48,00,38,23.7,89.8
05,49,00,22,23.7,89.2
05,50,00,17,23.7,88.8
05,51,00,41,23.8,88.6
05,52,00,38,23.8,88.9
05,53,00,23,23.8,89.3
05,54,00,40,23.8,89.2
05,55,00,33,23.9,89.4
05,56,00,33,23.9,88.5
05,57,00,36,23.8,88.3
05,58,00,19,23.9,88.1
05,59,00,23,23.9,88.2
06,00,00,46,23.9,88.5
06,01,00,36,23.9,88.8
06,02,00,37,23.9,89.3
06,03,00,52,23.8,89.8
06,04,00,30,23.9,89.7
06,05,00,26,23.9,89.8
06,06,00,30,24,89.5
06,08,00,36,24,89
06,09,00,47,24,88.5
06,10,00,32,23.9,88.8
06,11,00,48,24,88.8
06,12,00,46,24,88.7
06,13,00,43,24,87.9
06,14,00,24,24.1,88.4
06,15,00,39,24.1,88.3
06,16,00,22,24.1,87.5
06,17,00,27,24.1,87.7
06,18,00,26,24.1,86.7
06,19,00,37,24.1,87.2
06,20,00,27,24.2,87.3
06,21,00,34,24.2,87.1
06,22,00,24,24.3,87.7
06,23,00,41,24.3,86.5
06,24,00,34,24.3,86.9
06,25,00,53,24.2,87
06,26,00,59,24.3,87.2
06,27,00,40,24.2,87.1
06,28,00,28,24.2,87.4
06,29,00,26,24.3,87.1
06,30,00,30,24.4,87.1
06,31,00,45,24.4,86.9
06,32,00,36,24.4,86.5
06,33,00,49,24.4,86.6
06,34,00,48,24.3,86
06,35,00,59,24.3,85.8
06,36,00,41,24.4,85.9
06,37,00,31,24.4,86.2
06,38,00,34,24.4,86.3
06,39,00,44,24.5,86.5
06,40,00,38,24.5,86.5
06,41,00,31,24.5,86.3
06,42,00,26,24.5,86.8
06,43,00,38,24.5,87.1
06,44,00,41,24.5,87
06,45,00,51,24.5,86.2
06,46,00,51,24.5,85.9
06,47,00,33,24.6,85.9
06,48,00,41,24.6,85.7
06,49,00,48,24.6,85.2
06,50,00,54,24.6,86
06,51,00,62,24.7,85.9
06,52,00,32,24.7,86.2
06,53,00,57,24.7,85.7
06,54,00,43,24.6,87.2
06,55,00,36,24.6,87
06,56,00,53,24.5,87.5
06,57,00,45,24.5,87.8
06,58,00,45,24.4,87.4
06,59,00,16,24.3,87.5
07,00,00,36,24.3,88
07,01,00,46,24.3,88.1
07,02,00,23,24.4,88.2
07,04,00,55,24.4,88.3
07,05,00,44,24.3,88.3
07,06,00,52,24.3,88
07,07,00,28,24.3,88.1
07,08,00,24,24.4,87.5
07,09,00,47,24.5,87.2
07,10,00,43,24.6,86.8
07,11,00,56,24.5,87.5
07,12,00,52,24.5,86.1
07,13,00,43,24.6,86.5
07,14,00,28,24.7,87.5
07,15,00,50,24.7,87.5
07,16,00,30,24.9,85.8
07,17,00,47,25,85.1
07,18,00,40,24.9,85.4
07,19,00,49,24.9,85.6
07,20,00,55,25.1,85.7
07,21,00,46,25.1,84.8
07,22,00,33,25.1,85.4
07,23,00,60,25,84.7
07,24,00,39,24.8,84.3
07,25,00,41,24.7,84.5
07,26,00,63,24.6,85
07,27,00,41,24.8,84.9
07,28,00,34,25,84.3
07,29,00,40,25.2,84
07,30,00,29,25,83.4
07,31,00,24,24.9,84.8
07,32,00,33,25,85
07,33,00,35,25.1,84.5
07,34,00,67,25.1,85
07,35,00,37,25.2,84.7
07,36,00,39,25,84.6
07,37,00,51,25,85
07,38,00,39,24.9,85.2
07,39,00,47,24.8,85.4
07,40,00,47,24.7,85.8
07,41,00,40,24.7,86.5
07,42,00,38,24.6,86
07,43,00,41,24.7,86
07,44,00,37,24.7,85.8
07,45,00,48,24.9,85.7
07,46,00,38,24.9,85.4
07,47,00,35,25,84.9
07,48,00,53,24.9,83.5
07,49,00,30,24.9,84.3
07,50,00,40,25,84.7
07,51,00,55,25.1,84.2
07,52,00,39,25.2,84.5
07,53,00,59,25.2,85.2
07,54,00,25,25.2,84.4
07,55,00,45,25.3,84.3
07,56,00,36,25.3,83.5
07,57,00,28,25.2,83.4
07,58,00,60,25.2,83.4
07,59,00,61,25.3,83.3
08,00,00,62,25.4,83.1
08,01,00,52,25.4,83.2
08,02,00,68,25.4,83.3
08,03,00,30,25.3,83.4
08,04,00,44,25.3,83.5
08,05,00,64,25.1,83.8
08,06,00,57,25,83.3
08,07,00,49,25,84.4
08,08,00,35,25,84.6
08,09,00,41,25,84.8
08,10,00,34,25.1,84.3
08,11,00,48,25.2,84.2
08,12,00,62,25.3,84.1
08,13,00,39,25.3,83.9
08,14,00,57,25.4,83.5
08,15,00,51,25.4,83.3
08,16,00,26,25.4,82.6
08,17,00,47,25.5,82.1
08,18,00,30,25.5,82.8
08,19,00,42,25.4,83.5
08,20,00,44,25.5,83.9
08,21,00,70,25.4,83.3
08,22,00,42,25.4,83.5
08,23,00,21,25.4,83.5
08,24,00,45,25.5,83.4
08,25,00,40,25.6,83.2
08,26,00,47,25.7,82.6
08,27,00,32,25.8,82.2
08,28,00,55,25.8,82.1
08,29,00,39,25.9,82
08,30,00,35,26,82
08,31,00,51,26.2,83.5
08,32,00,49,26.3,82.7
08,33,00,39,26.3,84.7
08,34,00,46,26.3,85.6
08,35,00,52,26.4,83.5
08,36,00,46,26.5,82.6
08,37,00,24,26.5,82.8
08,38,00,50,26.6,83.2
08,39,00,33,26.7,83.1
08,40,00,54,26.7,80.3
08,41,00,60,26.7,81.6
08,42,00,36,26.8,81.8
08,43,00,23,26.9,82.5
08,44,00,20,26.9,81.9
08,45,00,49,27,81.8
08,46,00,52,27,81.6
08,47,00,36,27,81.3
08,48,00,43,27.1,81.2
08,49,00,46,27.1,81.5
08,50,00,35,27.2,82.3
08,51,00,56,27.2,80.3
08,52,00,55,27.2,80.7
08,53,00,40,27.2,80.6
08,54,00,48,27.2,78.6
08,55,00,73,27.2,80.1
08,56,00,87,27.4,80.4
08,57,00,44,27.5,80.2
08,58,00,61,27.5,80
08,59,00,51,27.5,79.5
09,00,00,56,27.6,79.2
09,01,00,74,27.7,78.8
09,02,00,55,27.6,77.3
09,03,00,49,27.7,80.1
09,04,00,70,27.8,78.6
09,05,00,48,27.9,77.7
09,06,00,54,27.9,77.1
09,07,00,47,27.6,75.8
09,08,00,76,27.5,76.1
09,09,00,49,27.6,77.9
09,10,00,45,27.7,79
09,11,00,58,27.7,78.9
09,12,00,25,27.7,78.2
09,13,00,74,27.6,78.1
09,14,00,48,27.6,77.7
09,15,00,50,27.5,78.3
09,16,00,84,27.4,78.5
09,17,00,46,27.6,77.7
09,18,00,43,27.7,77.6
09,19,00,75,27.8,78.4
09,20,00,42,27.9,79
09,21,00,60,28,79.1
09,22,00,61,27.9,77.7
09,23,00,71,28,77.5
09,24,00,54,28.2,76.5
09,25,00,64,28.3,76.7
09,26,00,58,28.4,76.8
09,27,00,44,28.4,77.5
09,28,00,55,28.4,78.3
09,29,00,62,28.5,78.6
09,30,00,64,28.3,77.2
09,31,00,59,28.3,77.2
09,32,00,54,28.2,76.6
09,33,00,50,28.1,76.6
09,34,00,45,28,77.4
09,35,00,61,28,77.2
09,36,00,50,28.1,77.2
09,37,00,71,28.1,78.4
09,38,00,47,28.3,78.6
09,39,00,49,28.3,77.4
09,40,00,50,28.4,77.6
09,41,00,48,28.4,76.9
09,42,00,39,28.5,76.9
09,43,00,64,28.5,76.7
09,44,00,39,28.4,76.1
09,45,00,56,28.4,76.3
09,46,00,48,28.5,76.2
09,47,00,53,28.6,75.6
09,48,00,55,28.7,75.1
09,49,00,60,28.8,75.8
09,50,00,62,28.9,75
09,51,00,39,29.1,76.5
09,52,00,63,29.2,74.7
09,53,00,60,29.3,73.8
09,54,00,34,29.4,74.5
09,55,00,47,29.4,74.4
09,56,00,39,29.3,72.2
09,57,00,41,29.2,71.8
09,58,00,38,29.2,73.2
09,59,00,47,29.1,72.9
10,00,00,64,29,72.5
10,01,00,38,29,73.4
10,02,00,38,29.1,73.9
10,03,00,48,29.3,72.6
10,04,00,62,29.4,72.5
10,05,00,52,29.6,73.1
10,06,00,43,29.8,71.1
10,07,00,46,29.8,69.9
10,08,00,67,29.8,70.7
10,09,00,67,29.8,72.2
10,10,00,46,29.9,71.6
10,11,00,54,29.9,70.3
10,12,00,55,29.8,70.4
10,13,00,37,29.9,70
10,14,00,41,29.9,69.7
10,15,00,70,30,71.3
10,16,00,49,30.1,70.8
10,17,00,50,30.1,70.5
10,18,00,33,30.2,70.1
10,19,00,56,30.3,67.6
10,20,00,62,30.3,68.9
10,21,00,65,30.3,70.7
10,22,00,54,30.3,70.2
10,23,00,53,30.3,68.5
10,24,00,58,30.3,70.8
10,25,00,67,30.3,68.9
10,26,00,49,30.4,67.3
10,27,00,52,30.4,67.8
10,28,00,50,30.4,69.6
10,29,00,50,30.4,70.2
10,30,00,59,30.4,69.7
10,31,00,36,30.5,69.8
10,32,00,51,30.6,71.1
10,33,00,64,30.5,69.3
10,34,00,65,30.6,68.1
10,35,00,48,30.8,68
10,36,00,46,30.9,68.8
10,37,00,67,30.8,67.7
10,38,00,50,30.9,67.3
10,39,00,28,30.9,66.9
10,40,00,51,30.9,66.3
10,41,00,79,31,67.3
10,42,00,39,31.1,69
10,43,00,50,31.1,68.7
10,44,00,40,31.2,68
10,45,00,71,31.1,68.6
10,46,00,67,31.1,68.9
10,47,00,35,31,65.5
10,48,00,48,31.1,66.6
10,49,00,52,31.1,66.7
10,50,00,30,31.1,66.2
10,51,00,46,31.2,67.3
10,52,00,48,31.2,68.2
10,53,00,47,31.1,66.7
10,54,00,51,31.2,65.5
10,55,00,86,31.3,67.7
10,56,00,40,31.4,64.3
10,57,00,52,31.4,64.3
10,58,00,52,31.4,66.9
10,59,00,54,31.4,65.4
11,00,00,65,31.5,66.2
11,02,00,72,31.6,66.2
11,03,00,74,31.5,66.5
11,04,00,44,31.5,66.3
11,05,00,51,31.4,66.6
11,06,00,60,31.4,66.2
11,07,00,58,31.3,66.1
11,08,00,49,31.2,67.2
11,09,00,44,31.3,68.2
11,10,00,48,31.3,66.2
11,11,00,63,31.3,66.5
11,12,00,74,31.3,65.1
11,13,00,49,31.3,65.5
11,14,00,54,31.4,66.6
11,15,00,55,31.3,66.1
11,16,00,49,31.4,67.8
11,17,00,56,31.4,67
11,18,00,35,31.4,65.3
11,19,00,40,31.4,65.2
11,20,00,63,31.5,66.9
11,21,00,36,31.6,66.5
11,22,00,39,31.8,65.6
11,23,00,53,31.8,66.4
11,24,00,63,31.8,66.5
11,25,00,80,31.8,66.9
11,26,00,33,31.8,66.9
11,27,00,27,31.8,64.8
11,28,00,47,31.8,63.3
11,29,00,48,31.8,65.5
11,30,00,53,31.8,64.3
11,31,00,63,31.9,64
11,32,00,25,31.9,63.5
11,33,00,79,32,64.8
11,34,00,39,32,64
11,35,00,54,31.9,62
11,36,00,48,31.9,62.4
11,37,00,70,31.9,63
11,38,00,54,32,63.6
11,39,00,63,32.1,63.6
11,40,00,51,32.1,62.9
11,41,00,35,32.1,64.4
11,42,00,32,32.1,64.1
11,43,00,78,32.2,63.7
11,44,00,82,32.2,61.7
11,45,00,56,32.1,64.3
11,46,00,64,32.2,64.6
11,47,00,43,32.3,64.6
11,48,00,62,32.2,64.7
11,49,00,36,32,66.8
11,50,00,86,31.8,65.1
11,51,00,65,31.7,65.2
11,52,00,51,31.8,65.7
11,53,00,41,31.8,64.2
11,54,00,85,31.7,63.6
11,55,00,66,31.7,64.8
11,56,00,47,31.8,65.5
11,57,00,53,31.8,66.4
11,58,00,59,31.7,66.5
11,59,00,41,31.6,66.7
12,00,00,53,31.4,67.3
12,01,00,54,31.5,66.5
12,02,00,48,31.6,67.7
12,03,00,69,31.6,65.5
12,04,00,52,31.7,66.8
12,05,00,63,31.6,65.8
12,06,00,47,31.6,66.3
12,07,00,57,31.6,66.5
12,08,00,40,31.5,67.4
12,09,00,50,31.4,65.4
12,10,00,67,31.3,65.9
12,11,00,32,31.3,65.9
12,12,00,48,31.3,66.3
12,13,00,49,31.2,66.8
12,14,00,38,31.2,67.4
12,15,00,50,31.2,66.5
12,16,00,66,31.3,68
12,17,00,72,31.4,66.7
12,18,00,50,31.4,66.6
12,19,00,67,31.4,66.9
12,20,00,39,31.3,67.6
12,21,00,39,31.4,67.4
12,22,00,51,31.4,66.4
12,23,00,40,31.3,69
12,24,00,42,31.2,66.1
12,25,00,48,31.1,67.4
12,26,00,50,30.9,67
12,27,00,58,30.9,67.9
12,28,00,59,30.9,66.6
12,29,00,73,30.8,66.1
12,30,00,41,30.7,66.3
12,31,00,69,30.6,66.6
12,32,00,50,30.5,67.8
12,33,00,52,30.6,69.8
12,34,00,38,30.6,67.8
12,35,00,52,30.4,68.4
12,36,00,61,30.5,69.2
12,37,00,64,30.5,68.8
12,38,00,55,30.6,69.2
12,39,00,28,30.7,70.6
12,40,00,51,30.7,67.8
12,41,00,59,30.8,66.8
12,42,00,49,30.9,66.5
12,43,00,67,30.9,69.8
12,44,00,65,30.8,67.4
12,45,00,87,30.7,68.3
12,46,00,52,30.5,68.5
12,47,00,46,30.5,67.3
12,48,00,46,30.3,69.1
12,49,00,34,30.4,69.8
12,50,00,64,30.4,70.3
12,51,00,67,30.3,69.7
12,52,00,65,30.5,69.4
12,53,00,94,30.6,70.5
12,54,00,63,30.8,70.8
12,55,00,26,30.8,69.7
12,56,00,38,30.8,70.2
12,57,00,99,30.8,68.6
12,58,00,52,30.8,69.7
12,59,00,39,30.7,68.5
13,00,00,53,30.8,68.4
13,01,00,37,30.7,69.2
13,02,00,39,30.6,70.7
13,03,00,51,30.5,69.3
13,04,00,59,30.4,69.6
13,05,00,51,30.4,69.9
13,06,00,50,30.4,68.5
13,07,00,77,30.4,70.2
13,09,00,37,30.5,70
13,10,00,46,30.5,69.4
13,11,00,35,30.6,69.3
13,12,00,54,30.7,68.5
13,13,00,58,30.7,68
13,14,00,49,30.9,67.4
13,15,00,63,31.1,69.4
13,16,00,69,31.2,68
13,17,00,65,31.4,66.8
13,18,00,56,31.5,65.9
13,19,00,64,31.4,66.9
13,20,00,79,31.4,65.2
13,21,00,36,31.5,64.3
13,22,00,74,31.4,66.4
13,23,00,56,31.4,65.6
13,24,00,50,31.6,65.7
13,25,00,50,31.7,64.9
13,26,00,69,31.8,65.8
13,27,00,44,31.9,64.2
13,28,00,52,32,66.2
13,29,00,36,32,65.2
13,30,00,28,32,64.2
13,31,00,47,31.9,64.6
13,32,00,61,31.7,64.6
13,33,00,63,31.7,65.1
13,34,00,59,31.6,64.9
13,35,00,68,31.5,65.6
13,36,00,55,31.5,66
13,37,00,58,31.6,65.6
13,38,00,91,31.8,65.7
13,39,00,79,31.9,64.7
13,40,00,66,32,66.2
13,41,00,52,32,65.5
13,42,00,57,32.1,64.1
13,43,00,82,32.2,63.6
13,44,00,48,32.3,64.5
13,45,00,74,32.1,62.9
13,46,00,65,31.9,63.9
13,47,00,47,31.9,64.1
13,48,00,46,31.7,64.9
13,49,00,63,31.8,64.1
13,50,00,49,31.9,63.7
13,51,00,56,31.9,62.6
13,52,00,38,31.8,64.9
13,53,00,32,31.7,63.8
13,54,00,44,31.9,62.5
13,55,00,47,31.9,62.7
13,56,00,41,31.9,62.7
13,57,00,70,31.8,63.2
13,58,00,47,31.9,63.3
13,59,00,80,31.9,63.6
14,00,00,32,32,62.5
14,01,00,21,32.1,62.5
14,02,00,55,32,62.2
14,03,00,52,31.9,62.6
14,04,00,53,31.9,64.2
14,05,00,47,32,63.6
14,06,00,59,32.1,65.1
14,07,00,24,32,64.1
14,08,00,64,31.9,63.6
14,09,00,37,31.8,63.6
14,10,00,54,31.7,62.7
14,11,00,39,31.8,62.4
14,12,00,47,31.6,62
14,13,00,38,31.5,62.4
14,14,00,47,31.5,63.5
14,15,00,38,31.6,63.8
14,16,00,53,31.4,64.1
14,17,00,48,31.1,65.2
14,18,00,46,31.2,65.4
14,19,00,50,31.2,64.6
14,20,00,14,31.2,64.9
14,21,00,31,31.2,65.9
14,22,00,59,31.1,67.1
14,23,00,43,31.1,66.1
14,24,00,29,31.3,65.7
14,25,00,31,31.3,66.1
14,26,00,45,31.1,65.5
14,27,00,43,30.9,65.3
14,28,00,20,30.7,66.7
14,29,00,48,30.7,66.3
14,30,00,40,30.7,67.3
14,31,00,41,30.8,66.5
14,32,00,53,30.7,65.9
14,33,00,44,30.7,66.9
14,34,00,29,30.6,66.3
14,35,00,40,30.6,66.9
14,36,00,32,30.7,67.6
14,37,00,59,30.6,66.7
14,38,00,30,30.4,67.6
14,39,00,37,30.3,66.8
14,40,00,29,30.1,69.1
14,41,00,39,30.1,69.4
14,42,00,34,30.1,67.3
14,43,00,27,30,69
14,44,00,29,30,68.1
14,45,00,29,30,68.4
14,46,00,24,30,68.2
14,47,00,42,30,68.4
14,48,00,32,30,68.5
14,49,00,54,30,69.4
14,50,00,60,30,69.2
14,51,00,56,30.1,68.9
14,52,00,52,30.3,68.3
14,53,00,43,30.3,67.8
14,54,00,63,30.5,67.7
14,55,00,73,30.5,68.5
14,56,00,47,30.6,67.2
14,57,00,46,30.5,68.2
14,58,00,54,30.5,67.9
14,59,00,53,30.5,68.7
15,00,00,56,30.5,69.1
15,01,00,43,30.5,68
15,02,00,53,30.6,67.6
15,03,00,67,30.7,68
15,04,00,66,30.6,67.2
15,05,00,52,30.6,66.8
15,06,00,50,30.6,67.5
15,07,00,47,30.7,67.3
15,08,00,63,30.7,67.3
15,09,00,37,30.9,67.7
15,10,00,50,30.9,67.8
15,11,00,51,31,66.8
15,12,00,67,30.8,66.9
15,13,00,70,30.7,67
15,14,00,56,30.6,68.4
15,15,00,52,30.4,68.3
15,16,00,33,30.4,68.7
15,17,00,37,30.6,68.5
15,18,00,44,30.4,68.9
15,19,00,30,30.2,69.1
15,20,00,51,30.1,68.4
15,21,00,45,30,69.1
15,22,00,77,29.9,68.8
15,23,00,45,29.9,69
15,24,00,41,30,68.8
15,25,00,58,30.1,68.7
15,26,00,43,30,70.6
15,27,00,31,29.8,69.8
15,28,00,30,29.7,69.5
15,29,00,16,29.6,70
15,30,00,37,29.5,70.6
15,31,00,27,29.3,70.2
15,32,00,35,29.4,71.1
15,33,00,63,29.3,70
15,34,00,47,29.4,69.6
15,35,00,45,29.4,69.8
15,36,00,22,29.4,70.5
15,37,00,39,29.3,70.5
15,38,00,47,29.3,70.3
15,39,00,43,29.3,70.5
15,40,00,41,29.3,69.9
15,41,00,47,29.2,70.4
15,42,00,40,29.2,70.6
15,43,00,29,29.2,70.8
15,44,00,67,29.2,71.2
15,45,00,57,29.2,71.1
15,46,00,37,29.2,71.3
15,47,00,24,29.2,71.7
15,48,00,21,29.1,71.2
15,49,00,63,29,70.8
15,50,00,45,29,71
15,51,00,62,29.1,71.5
15,52,00,51,29.1,71.9
15,53,00,47,29,73.6
15,54,00,61,28.9,73.4
15,55,00,49,28.9,73.7
15,56,00,16,28.6,74
15,57,00,34,28.6,75
15,58,00,30,28.7,74.3
15,59,00,32,28.6,74.6
16,00,00,26,28.6,74.4
16,01,00,33,28.6,74.4
16,02,00,45,28.6,73.7
16,03,00,42,28.5,73.6
16,04,00,27,28.4,72.4
16,05,00,40,28.4,72.5
16,06,00,51,28.4,73.1
16,07,00,38,28.3,73.5
16,08,00,38,28.3,73.9
16,09,00,40,28.3,74
16,10,00,65,28.4,73
16,11,00,44,28.4,73.2
16,12,00,39,28.4,73.1
16,13,00,31,28.5,73.2
16,14,00,33,28.3,72.1
16,15,00,39,28.3,73.9
16,16,00,47,28.1,73.9
16,18,00,53,28,73.3
16,19,00,43,28.1,74.4
16,20,00,48,28.1,73
16,21,00,37,28.1,73
16,22,00,37,28.1,73.1
16,23,00,29,28.1,73
16,24,00,30,28.1,73.4
16,25,00,39,28.1,73.4
16,26,00,40,28.1,74.2
16,27,00,48,28.2,74.4
16,28,00,37,28.2,73.8
16,29,00,37,28.1,73.3
16,30,00,46,28,72.9
16,31,00,39,28,72.3
16,32,00,34,28.1,72.9
16,33,00,43,28.2,72.9
16,34,00,30,28.2,71.2
16,35,00,34,28.1,71.9
16,36,00,44,28.1,72
16,37,00,37,28.1,70.8
16,38,00,26,28,71.2
16,39,00,30,27.9,71.4
16,40,00,49,28,72.4
16,41,00,33,28,72.6
16,42,00,33,28,73
16,43,00,19,27.9,73.3
16,44,00,32,28,72.8
16,45,00,12,28,72.3
16,46,00,28,28,72.2
16,47,00,30,28,71.9
16,48,00,33,28,72.1
16,49,00,29,28,72.2
16,50,00,16,28,72.9
16,51,00,22,28,73.4
16,52,00,33,27.9,73.2
16,53,00,16,27.9,73.9
16,54,00,42,27.8,72.8
16,55,00,38,27.7,72.8
16,56,00,25,27.6,74.1
16,57,00,17,27.6,73.5
16,58,00,40,27.6,73.4
16,59,00,40,27.6,73.3
17,00,00,27,27.6,73.6
17,01,00,25,27.5,74.3
17,02,00,33,27.5,74.2
17,03,00,24,27.4,74.6
17,04,00,30,27.4,74.7
17,05,00,30,27.4,74.8
17,06,00,29,27.5,74.3
17,07,00,29,27.5,74.4
17,08,00,28,27.5,74.6
17,10,00,22,27.5,75.1
17,11,00,18,27.4,75.3
17,12,00,48,27.3,75.3
17,14,00,41,27.3,75
17,15,00,39,27.3,75.1
17,16,00,12,27.3,75.4
17,17,00,40,27.2,75.6
17,18,00,34,27.2,75.9
17,19,00,26,27.2,75.9
17,20,00,32,27.2,76
17,21,00,28,27.2,76
17,22,00,32,27.1,76.9
17,23,00,23,27.1,77.1
17,24,00,40,27.1,75.9
17,25,00,29,27.1,76.5
17,26,00,39,27.1,77.4
17,27,00,31,27,77.2
17,28,00,33,27,77.4
17,29,00,25,27,77.5
17,30,00,36,27,78.2
17,31,00,50,26.9,76.9
17,32,00,13,26.9,78.1
17,33,00,16,26.9,77.6
17,34,00,24,26.8,78.1
17,35,00,36,26.8,77.5
17,36,00,18,26.9,77.5
17,37,00,17,26.9,77.5
17,38,00,32,26.8,77.6
17,39,00,20,26.7,78
17,40,00,28,26.8,77.5
17,41,00,14,26.8,78.7
17,42,00,16,26.8,78
17,43,00,23,26.7,78.7
17,44,00,50,26.7,78.7
17,45,00,20,26.8,78.5
17,46,00,15,26.8,78
17,47,00,38,26.7,78.4
17,48,00,19,26.7,78.1
17,49,00,27,26.8,77.9
17,50,00,19,26.8,78.4
17,51,00,41,26.8,77.4
17,52,00,20,26.7,77.8
17,53,00,25,26.7,78.1
17,54,00,32,26.7,78.6
17,55,00,33,26.7,78
17,56,00,15,26.7,77.6
17,57,00,26,26.6,76.6
17,58,00,36,26.5,77
17,59,00,27,26.5,76.4
18,00,00,18,26.5,76.3
18,01,00,30,26.5,76.7
18,02,00,42,26.6,77.2
18,03,00,19,26.6,77.7
18,04,00,31,26.6,78.8
18,05,00,30,26.5,79.1
18,06,00,22,26.4,79.1
18,07,00,20,26.5,79.4
18,08,00,24,26.5,79.3
18,09,00,20,26.6,79.1
18,10,00,29,26.6,79.3
18,11,00,44,26.6,78.6
18,12,00,26,26.5,78.9
18,13,00,27,26.5,78.3
18,14,00,20,26.5,78.9
18,15,00,32,26.6,78.5
18,16,00,36,26.5,78.9
18,17,00,27,26.6,78.2
18,18,00,12,26.6,79
18,19,00,29,26.6,79.2
18,20,00,16,26.5,78.6
18,21,00,35,26.6,79.1
18,22,00,36,26.6,79.1
18,23,00,28,26.6,78.7
18,24,00,27,26.6,78.8
18,25,00,13,26.6,78.5
18,26,00,29,26.6,78
18,27,00,40,26.6,79.1
18,28,00,35,26.6,78.1
18,29,00,27,26.6,78.2
18,30,00,18,26.7,78
18,31,00,21,26.7,78.9
18,32,00,28,26.7,78.2
18,33,00,31,26.7,78.4
18,34,00,32,26.7,78.4
18,35,00,32,26.8,77.8
18,36,00,25,26.7,78
18,37,00,21,26.6,77.9
18,38,00,23,26.6,78
18,39,00,30,26.6,78.3
18,40,00,32,26.7,77.8
18,41,00,32,26.6,78.7
18,42,00,13,26.6,78.8
18,43,00,15,26.6,79.1
18,44,00,41,26.6,79.2
18,45,00,42,26.6,79.3
18,46,00,18,26.6,79.2
18,47,00,41,26.6,79.4
18,48,00,44,26.6,79
18,49,00,15,26.7,78.6
18,50,00,23,26.7,78.7
18,51,00,39,26.6,79.1
18,52,00,46,26.5,78.5
18,53,00,31,26.6,78.9
18,54,00,27,26.6,78.2
18,55,00,17,26.6,78.6
18,56,00,17,26.7,77.9
18,57,00,40,26.7,77.7
18,58,00,35,26.7,77.8
18,59,00,50,26.8,77.7
19,00,00,31,26.8,77.5
19,01,00,38,26.9,77.1
19,02,00,53,26.8,76.7
19,03,00,26,26.8,76.5
19,04,00,26,26.9,76.4
19,05,00,32,26.9,76.8
19,06,00,19,26.7,77.6
19,07,00,34,26.6,78
19,08,00,46,26.6,78.1
19,09,00,21,26.5,78.6
19,10,00,37,26.5,78.4
19,11,00,18,26.5,78.3
19,12,00,23,26.6,77.6
19,13,00,25,26.6,77.7
19,14,00,31,26.6,77.9
19,15,00,27,26.5,78.3
19,16,00,30,26.4,78.2
19,17,00,36,26.4,78.6
19,18,00,59,26.4,79
19,19,00,38,26.4,78.9
19,20,00,21,26.4,78.6
19,21,00,44,26.3,78.9
19,22,00,26,26.3,79
19,23,00,19,26.4,78.3
19,24,00,21,26.5,78
19,25,00,41,26.6,77.7
19,26,00,33,26.6,77.9
19,27,00,24,26.6,77.1
19,28,00,25,26.7,77.1
19,29,00,36,26.6,77.4
19,30,00,20,26.5,77.9
19,31,00,22,26.5,77.2
19,32,00,26,26.5,77.1
19,33,00,25,26.6,76.6
19,34,00,28,26.6,76.5
19,35,00,23,26.6,76.5
19,36,00,27,26.5,77.8
19,38,00,17,26.4,77.8
19,39,00,29,26.4,77.8
19,40,00,17,26.3,77.9
19,42,00,27,26.3,78.6
19,43,00,25,26.5,77.6
19,44,00,26,26.4,77.3
19,45,00,25,26.4,78.1
19,46,00,13,26.5,77.7
19,47,00,34,26.6,77.2
19,48,00,14,26.6,77.1
19,49,00,21,26.7,76.8
19,50,00,19,26.6,77.5
19,51,00,28,26.6,77.6
19,52,00,42,26.6,77.5
19,53,00,34,26.6,77.8
19,54,00,16,26.5,78.3
19,55,00,44,26.6,78.3
19,56,00,28,26.6,78
19,57,00,32,26.6,78
19,58,00,44,26.7,77.7
19,59,00,30,26.5,77.8
20,00,00,27,26.5,77.8
20,01,00,28,26.5,78.1
20,02,00,40,26.5,78.1
20,03,00,37,26.5,78.7
20,04,00,37,26.5,78.5
20,05,00,23,26.5,79
20,06,00,47,26.5,78.9
20,07,00,18,26.5,78.6
20,08,00,29,26.5,78.3
20,09,00,21,26.4,78.5
20,10,00,24,26.3,79.1
20,11,00,43,26.4,79.3
20,12,00,22,26.4,79.3
20,13,00,26,26.3,79.1
20,14,00,42,26.3,78.7
20,15,00,32,26.3,78.6
20,16,00,33,26.2,78.6
20,17,00,25,26.2,79
20,18,00,37,26.3,78.4
20,19,00,17,26.3,78
20,20,00,38,26.3,78.7
20,21,00,26,26.3,78.9
20,22,00,29,26.3,78.9
20,23,00,40,26.3,78.2
20,24,00,18,26.4,78.5
20,25,00,20,26.4,78.2
20,26,00,41,26.5,77.6
20,27,00,37,26.5,77.8
20,28,00,23,26.4,78.3
20,29,00,26,26.4,78.7
20,30,00,27,26.4,78.5
20,31,00,32,26.4,78.2
20,32,00,12,26.4,78
20,33,00,24,26.4,78.1
20,34,00,33,26.4,77.8
20,35,00,29,26.3,78.1
20,36,00,28,26.2,78.4
20,37,00,26,26.1,78.6
20,38,00,37,26.2,78.5
20,39,00,18,26.2,78.4
20,40,00,39,26.2,78.7
20,41,00,35,26.2,79.4
20,42,00,36,26.2,79.3
20,43,00,35,26.2,79.3
20,44,00,17,26.2,79.2
20,45,00,37,26.3,79.4
20,46,00,39,26.3,79.4
20,47,00,27,26.3,79.3
20,48,00,29,26.2,79.6
20,49,00,25,26.1,80.2
20,50,00,18,26.2,80.3
20,51,00,24,26.1,80.7
20,52,00,21,26.2,80.9
20,53,00,15,26.1,81.6
20,54,00,30,26.1,82.2
20,55,00,44,26.1,82.3
20,56,00,28,26,82.1
20,57,00,35,26.1,81.5
20,58,00,19,26.2,81.5
20,59,00,26,26.3,80.7
21,00,00,43,26.3,80.1
21,01,00,32,26.3,80.1
21,02,00,17,26.3,79.6
21,03,00,45,26.3,80
21,04,00,21,26.2,80.3
21,05,00,29,26.1,80.9
21,06,00,26,26.1,80.5
21,07,00,30,26.1,80.1
21,08,00,37,26,80.6
21,09,00,29,26.1,80.4
21,10,00,33,26.2,79.8
21,11,00,20,26.2,79.6
21,12,00,29,26.2,79.7
21,13,00,38,26.2,79.1
21,14,00,23,26.3,79.3
21,15,00,32,26.3,79.5
21,16,00,22,26.2,79.3
21,17,00,31,26.2,79.5
21,18,00,9,26.1,80
21,19,00,30,26.1,80.3
21,20,00,19,26,80.5
21,21,00,28,25.9,80.8
21,22,00,34,25.8,81.2
21,23,00,44,25.7,81.4
21,24,00,20,25.5,82.1
21,25,00,17,25.5,82.8
21,26,00,29,25.4,83.1
21,27,00,40,25.5,82.9
21,28,00,32,25.5,82.8
21,29,00,31,25.5,82.6
21,30,00,18,25.6,82.6
21,31,00,44,25.6,82.3
21,32,00,17,25.6,82.3
21,33,00,25,25.6,82.5
21,34,00,33,25.5,82.4
21,35,00,28,25.6,82.2
21,36,00,29,25.5,82.5
21,37,00,50,25.6,82.5
21,38,00,27,25.7,82.4
21,39,00,43,25.7,82.2
21,40,00,39,25.8,82.2
21,41,00,24,25.8,82.1
21,42,00,21,25.7,82.6
21,43,00,19,25.6,83
21,44,00,20,25.6,83.2
21,45,00,38,25.5,83.5
21,46,00,34,25.4,84
21,47,00,25,25.4,83.8
21,48,00,32,25.4,83.8
21,49,00,23,25.4,84
21,50,00,22,25.3,84.3
21,51,00,36,25.2,84.8
21,52,00,45,25.2,85.1
21,53,00,33,25.2,85.2
21,54,00,21,25.2,84.3
21,55,00,26,25.3,84.1
21,56,00,32,25.3,84
21,57,00,34,25.4,83.8
21,58,00,29,25.5,83.1
21,59,00,34,25.5,83.3
22,00,00,35,25.6,82.8
22,01,00,38,25.6,83.1
22,02,00,15,25.5,83.6
22,03,00,25,25.5,83.5
22,04,00,31,25.4,83.9
22,05,00,39,25.4,84.3
22,06,00,15,25.4,84
22,07,00,19,25.4,84.1
22,08,00,36,25.2,84.5
22,09,00,41,25.3,84.3
22,10,00,38,25.4,84.4
22,11,00,32,25.4,84.2
22,12,00,32,25.4,84.1
22,13,00,25,25.4,83.7
22,14,00,21,25.4,84.3
22,16,00,24,25.4,84.4
22,17,00,38,25.4,84.3
22,18,00,29,25.4,83.9
22,19,00,38,25.4,83.6
22,20,00,42,25.3,83.9
22,21,00,46,25.5,83.6
22,22,00,27,25.5,83.3
22,23,00,31,25.6,82.8
22,24,00,35,25.5,83.3
22,25,00,39,25.5,83.7
22,26,00,31,25.4,84
22,27,00,20,25.4,83.8
22,28,00,21,25.4,83.7
22,29,00,30,25.4,83.6
22,30,00,25,25.4,83.5
22,31,00,20,25.4,83.7
22,32,00,23,25.4,83.8
22,33,00,32,25.5,83.6
22,34,00,37,25.5,83.5
22,35,00,37,25.5,83.4
22,36,00,42,25.5,83.3
22,37,00,28,25.5,83.4
22,38,00,28,25.5,83.2
22,39,00,12,25.5,83.2
22,40,00,45,25.5,82.9
22,41,00,32,25.6,82.9
22,42,00,21,25.6,82.7
22,43,00,15,25.6,82.5
22,44,00,10,25.6,82.4
22,45,00,27,25.6,82.4
22,46,00,39,25.6,82.7
22,47,00,34,25.6,83
22,48,00,31,25.6,83.1
22,49,00,26,25.6,83.2
22,50,00,27,25.4,83.7
22,51,00,34,25.3,84.2
22,52,00,30,25.1,84.7
22,53,00,21,25.1,84.8
22,54,00,24,25.1,84.5
22,55,00,29,25.2,84.6
22,56,00,22,25.3,84.1
22,57,00,26,25.3,84.1
22,58,00,27,25.3,84
22,59,00,35,25.3,84
23,00,00,36,25.3,84.1
23,01,00,21,25.3,84.1
23,02,00,17,25.3,84.2
23,03,00,28,25.3,84.2
23,04,00,37,25.3,84
23,05,00,21,25.3,83.9
23,06,00,22,25.3,83.9
23,07,00,35,25.3,84.2
23,08,00,30,25.3,84
23,09,00,32,25.3,83.9
23,10,00,45,25.3,83.9
23,11,00,24,25.3,84.4
23,12,00,29,25.2,84.5
23,13,00,18,25.3,84.6
23,14,00,19,25.3,84.1
23,15,00,30,25.4,83.9
23,16,00,49,25.4,83.8
23,17,00,14,25.4,83.7
23,18,00,24,25.5,83.5
23,19,00,31,25.5,83.4
23,20,00,22,25.5,83.5
23,21,00,36,25.5,83.4
23,22,00,29,25.5,83.4
23,23,00,31,25.5,83.7
23,24,00,25,25.5,83.8
23,25,00,46,25.4,83.7
23,26,00,31,25.4,83.9
23,27,00,19,25.4,84.1
23,28,00,28,25.4,84
23,29,00,32,25.4,84
23,30,00,18,25.3,84.1
23,31,00,35,25.3,84.3
23,32,00,40,25.3,84.3
23,33,00,20,25.3,84.2
23,34,00,39,25.4,84.1
23,35,00,42,25.4,84.1
23,36,00,25,25.3,84.1
23,37,00,15,25.3,84.4
23,38,00,27,25.2,84.8
23,39,00,34,25.2,84.9
23,40,00,38,25.2,84.8
23,41,00,30,25.2,84.8
23,42,00,30,25.2,84.6
23,43,00,29,25.3,84.4
23,44,00,37,25.3,84.5
23,45,00,17,25.3,84.2
23,46,00,39,25.3,84.2
23,47,00,33,25.3,84.3
23,48,00,16,25.3,84.1
23,49,00,30,25.4,83.7
23,50,00,34,25.3,83.8
23,51,00,41,25.3,83.7
23,52,00,39,25.2,84.3
23,53,00,50,25.3,84
23,54,00,21,25.2,84.1
23,55,00,45,25.1,84.3
23,56,00,42,25.2,84.5
23,57,00,32,25.2,84.3
23,58,00,33,25.2,84.1
23,59,00,39,25.2,84.1
