00,00,00,48,25.1,87.6
00,01,00,16,25.1,87.8
00,02,00,22,25.1,87.6
00,03,00,32,25,87.9
00,04,00,33,25,88
00,05,00,27,25,88
00,06,00,31,25,88.1
00,07,00,41,25,88.3
00,08,00,28,25,88.6
00,09,00,21,25,88
00,10,00,29,25,88.3
00,11,00,44,25,88.1
00,12,00,17,25,88
00,14,00,21,25,88
00,15,00,26,25,87.7
00,16,00,9,25,87.7
00,17,00,40,25,87.7
00,18,00,14,24.9,87.8
00,19,00,25,24.9,88.3
00,20,00,34,24.9,88.1
00,21,00,18,24.9,87.9
00,22,00,40,24.9,88.1
00,23,00,43,24.9,88.2
00,24,00,35,24.9,88
00,25,00,40,24.9,87.7
00,26,00,24,24.9,87.8
00,27,00,47,24.9,87.9
00,28,00,23,24.9,87.9
00,29,00,33,24.9,88
00,30,00,24,24.8,88.2
00,31,00,40,24.7,88.4
00,32,00,33,24.8,88.3
00,33,00,44,24.8,88.3
00,34,00,28,24.8,88.1
00,35,00,30,24.9,87.8
00,36,00,30,24.9,87.8
00,37,00,22,24.8,87.9
00,38,00,40,24.9,87.4
00,39,00,21,24.9,87.7
00,40,00,41,24.9,87.8
00,41,00,34,24.9,87.6
00,42,00,46,24.9,87.7
00,43,00,29,24.9,87.7
00,44,00,39,24.8,88.2
00,45,00,16,24.8,88
00,46,00,28,24.7,88.2
00,47,00,27,24.7,88.1
00,48,00,22,24.8,87.9
00,49,00,24,24.8,87.8
00,50,00,19,24.8,88
00,51,00,53,24.7,88.1
00,52,00,27,24.7,88.2
00,53,00,30,24.7,88.3
00,54,00,31,24.7,88.3
00,55,00,41,24.7,88.1
00,56,00,36,24.6,88.3
00,57,00,24,24.7,88.4
00,58,00,20,24.7,88.3
00,59,00,42,24.7,88
01,00,00,29,24.7,88
01,01,00,36,24.7,87.9
01,02,00,17,24.7,87.9
01,03,00,36,24.8,87.7
01,05,00,38,24.8,87.9
01,06,00,31,24.8,87.7
01,07,00,31,24.8,87.8
01,08,00,31,24.7,87.8
01,09,00,21,24.6,88.3
01,10,00,53,24.6,88.6
01,11,00,20,24.6,88.6
01,12,00,33,24.6,88.6
01,13,00,35,24.5,88.6
01,14,00,37,24.6,88.4
01,15,00,29,24.6,88.5
01,16,00,18,24.6,88.2
01,17,00,28,24.7,88
01,18,00,33,24.7,87.8
01,19,00,26,24.7,87.8
01,20,00,32,24.7,87.7
01,21,00,35,24.7,87.5
01,22,00,47,24.7,87.5
01,23,00,36,24.7,87.4
01,24,00,19,24.6,88.1
01,25,00,27,24.6,88.1
01,26,00,22,24.6,88
01,27,00,30,24.6,87.9
01,28,00,44,24.7,87.9
01,29,00,36,24.7,88
01,30,00,48,24.7,88
01,31,00,29,24.7,88
01,32,00,26,24.8,87.7
01,33,00,30,24.8,87.7
01,34,00,23,24.8,87.7
01,35,00,38,24.8,87.8
01,36,00,24,24.8,87.6
01,37,00,27,24.7,87.7
01,38,00,20,24.7,87.5
01,39,00,51,24.6,87.9
01,40,00,38,24.6,88.2
01,41,00,13,24.6,87.9
01,42,00,31,24.7,87.9
01,43,00,19,24.7,87.7
01,44,00,37,24.7,87.5
01,45,00,19,24.8,87.7
01,46,00,27,24.8,87.8
01,47,00,34,24.8,87.5
01,48,00,25,24.8,87.5
01,49,00,42,24.8,87.7
01,50,00,30,24.9,87.6
01,51,00,21,24.8,87.8
01,52,00,27,24.8,88
01,53,00,11,24.9,88
01,54,00,31,24.8,87.9
01,55,00,30,24.8,87.8
01,56,00,28,24.9,87.7
01,57,00,46,24.8,87.7
01,58,00,35,24.8,87.9
01,59,00,42,24.8,87.9
02,00,00,33,24.8,87.7
02,01,00,44,24.8,87.6
02,02,00,45,24.6,87.7
02,03,00,24,24.5,88
02,04,00,33,24.5,88.2
02,05,00,49,24.5,88
02,06,00,40,24.6,88
02,07,00,35,24.6,88.1
02,08,00,44,24.6,88.1
02,09,00,25,24.6,88
02,10,00,30,24.7,87.8
02,11,00,25,24.7,87.9
02,12,00,39,24.7,87.7
02,13,00,51,24.7,87.9
02,14,00,39,24.7,87.5
02,15,00,46,24.7,87.7
02,16,00,31,24.7,87.7
02,17,00,27,24.7,87.7
02,18,00,34,24.6,87.8
02,19,00,26,24.6,88.2
02,20,00,25,24.6,88
02,21,00,15,24.6,88
02,22,00,34,24.4,88
02,23,00,29,24.4,88.6
02,24,00,30,24.4,88.8
02,25,00,36,24.5,88.4
02,26,00,30,24.5,88.1
02,27,00,27,24.5,88.2
02,28,00,20,24.5,88.3
02,29,00,35,24.5,88.4
02,30,00,19,24.5,88.3
02,31,00,22,24.5,88
02,32,00,29,24.5,87.9
02,33,00,16,24.6,87.9
02,34,00,23,24.6,88
02,35,00,41,24.6,87.8
02,36,00,40,24.6,87.8
02,37,00,41,24.5,87.8
02,38,00,17,24.5,87.7
02,39,00,23,24.5,87.8
02,40,00,27,24.5,87.9
02,41,00,44,24.6,87.7
02,42,00,50,24.6,87.5
02,43,00,22,24.6,87.7
02,44,00,34,24.5,87.9
02,45,00,32,24.5,87.9
02,46,00,28,24.5,87.9
02,47,00,19,24.5,88
02,48,00,17,24.4,88
02,49,00,27,24.4,88
02,50,00,45,24.5,87.8
02,51,00,15,24.4,88.1
02,52,00,31,24.3,88.5
02,53,00,22,24.4,88.3
02,54,00,41,24.4,88.1
02,55,00,23,24.4,88.1
02,56,00,39,24.4,88.1
02,57,00,44,24.4,88.1
02,58,00,35,24.4,88
02,59,00,24,24.4,88
03,00,00,27,24.5,88
03,01,00,20,24.5,87.9
03,02,00,31,24.4,87.8
03,03,00,32,24.4,88.1
03,04,00,26,24.5,88.1
03,05,00,27,24.5,88.1
03,06,00,34,24.5,88.1
03,07,00,44,24.4,88.4
03,08,00,55,24.5,88.2
03,09,00,29,24.4,88.7
03,10,00,21,24.4,88.8
03,11,00,25,24.4,88.6
03,12,00,31,24.4,88.7
03,13,00,43,24.5,88.3
03,14,00,28,24.6,88
03,15,00,24,24.6,87.6
03,16,00,31,24.6,87.1
03,17,00,42,24.6,87.2
03,18,00,26,24.6,87.2
03,19,00,49,24.6,87.6
03,20,00,31,24.6,87.5
03,21,00,42,24.5,87.5
03,22,00,26,24.4,87.8
03,23,00,40,24.3,88.1
03,24,00,25,24.3,87.9
03,25,00,42,24.3,87.8
03,26,00,30,24.3,88
03,27,00,22,24.3,87.9
03,28,00,27,24.3,88.1
03,29,00,16,24.3,88
03,30,00,31,24.2,88
03,31,00,20,24.1,88.6
03,32,00,29,24.1,88.6
03,33,00,25,24.1,88.6
03,34,00,39,24.1,88.9
03,35,00,28,24.1,88.7
03,36,00,23,24.1,88.5
03,37,00,31,24.1,88.6
03,38,00,28,24.1,88.7
03,39,00,30,24.1,88.6
03,40,00,25,24,88.8
03,41,00,31,24.1,88.8
03,42,00,22,24.1,88.6
03,43,00,39,24.1,88.5
03,44,00,55,24.1,88.5
03,45,00,40,24.1,88.3
03,46,00,32,24.1,88.3
03,47,00,27,24.1,88.4
03,48,00,40,24.1,88.4
03,49,00,24,24.1,88.4
03,50,00,50,24.1,88.5
03,51,00,33,24.1,88.2
03,52,00,35,24.1,88.3
03,53,00,35,24.1,88.2
03,54,00,44,24.1,88.2
03,55,00,32,24.1,88.4
03,56,00,37,24.1,88.4
03,57,00,51,24.1,88.5
03,58,00,27,24.1,88.5
03,59,00,28,24.1,88.6
04,00,00,31,24.1,88.5
04,01,00,24,24.1,88.4
04,02,00,27,24.1,88.3
04,03,00,26,24.1,88.3
04,04,00,32,24.1,88.1
04,05,00,47,24.2,88.1
04,06,00,12,24.2,87.9
04,07,00,23,24.2,87.9
04,08,00,33,24.1,87.9
04,09,00,27,24.2,88
04,10,00,40,24.2,88.1
04,11,00,22,24.2,88.1
04,12,00,24,24.2,88.3
04,13,00,44,24.2,88.2
04,14,00,16,24.3,87.9
04,15,00,14,24.3,87.5
04,16,00,23,24.2,87.8
04,17,00,45,24.1,87.7
04,18,00,28,24.1,88.1
04,19,00,18,24,88.4
04,20,00,47,24,88.4
04,21,00,20,24,88.2
04,22,00,24,24,88.1
04,23,00,32,24,87.9
04,24,00,22,24.1,87.8
04,25,00,34,24.1,88
04,26,00,34,24.2,87.7
04,27,00,40,24.2,87.4
04,28,00,30,24.2,87.3
04,29,00,34,24.2,87.2
04,30,00,42,24.3,87
04,31,00,20,24.3,87.2
04,32,00,38,24.2,87.3
04,33,00,30,24.1,87
04,34,00,31,23.9,87.7
04,35,00,42,23.8,88.5
04,36,00,31,23.8,88.6
04,37,00,37,23.9,88.3
04,38,00,31,23.8,88.4
04,39,00,24,23.9,88.3
04,40,00,30,23.9,87.7
04,41,00,43,24,87.4
04,42,00,14,24,87.3
04,43,00,23,24,87.3
04,44,00,27,23.9,87.7
04,45,00,59,23.8,87.8
04,46,00,35,23.8,88
04,47,00,36,23.8,88
04,48,00,32,23.8,87.8
04,49,00,45,23.8,87.9
04,50,00,31,23.8,87.7
04,51,00,43,23.8,87.8
04,52,00,27,23.8,87.9
04,53,00,22,23.8,87.6
04,54,00,17,23.8,87.4
04,55,00,25,23.8,87.5
04,56,00,23,23.8,87.3
04,57,00,20,23.9,87.1
04,58,00,34,23.9,86.9
04,59,00,32,23.9,86.9
05,00,00,38,23.9,86.8
05,01,00,20,23.9,87
05,02,00,49,24,86.9
05,03,00,21,24,86.9
05,04,00,39,24,87.2
05,05,00,28,24,87.3
05,06,00,18,24,87.3
05,07,00,31,24,87.5
05,08,00,40,24,87.7
05,09,00,42,24,87.6
05,10,00,44,24,87.6
05,11,00,30,23.9,87.5
05,12,00,17,23.9,87.7
05,13,00,34,23.9,87.6
05,14,00,54,23.9,87.6
05,15,00,36,23.8,87.6
05,16,00,39,23.8,87.9
05,17,00,28,23.8,88.1
05,18,00,36,23.8,87.9
05,19,00,33,23.8,88
05,20,00,32,23.8,87.9
05,21,00,36,23.8,87.8
05,22,00,28,23.8,87.6
05,23,00,53,23.8,87.7
05,24,00,40,23.8,87.7
05,25,00,29,23.8,87.5
05,26,00,32,23.7,87.7
05,27,00,26,23.7,87.6
05,28,00,29,23.7,87.9
05,29,00,21,23.7,87.6
05,30,00,31,23.8,87.5
05,31,00,30,23.8,87.4
05,32,00,46,23.8,87.5
05,33,00,26,23.8,87.4
05,34,00,33,23.8,87.5
05,35,00,30,23.8,87.4
05,36,00,37,23.7,87.4
05,37,00,31,23.7,87.4
05,38,00,21,23.7,87.5
05,39,00,19,23.7,87.4
05,40,00,52,23.7,87.2
05,41,00,34,23.7,87.1
05,42,00,34,23.7,87.3
05,43,00,45,23.7,87
05,44,00,32,23.7,87.1
05,45,00,51,23.7,87
05,46,00,40,23.7,86.7
05,47,00,26,23.7,86.8
05,48,00,12,23.7,87.1
05,49,00,14,23.7,87
05,50,00,45,23.8,87
05,51,00,29,23.8,86.7
05,52,00,20,23.7,86.9
05,53,00,31,23.7,87.1
05,54,00,26,23.6,87.2
05,55,00,35,23.7,87
05,56,00,16,23.7,86.8
05,57,00,32,23.7,87
05,58,00,31,23.7,86.9
05,59,00,33,23.6,87
06,00,00,36,23.6,87
06,01,00,23,23.6,87.1
06,02,00,29,23.7,86.9
06,03,00,38,23.7,86.4
06,04,00,37,23.7,86.1
06,05,00,33,23.7,86.2
06,06,00,40,23.8,86.1
06,07,00,38,23.8,85.7
06,08,00,33,23.8,85.7
06,09,00,33,23.9,85.9
06,10,00,42,23.9,86.2
06,11,00,33,23.9,86.1
06,12,00,30,23.9,86.3
06,13,00,24,23.9,86.2
06,14,00,37,24,86.4
06,15,00,32,24,86.3
06,16,00,29,24,86.3
06,17,00,34,24,86.2
06,18,00,26,24,86.3
06,19,00,29,24,86.6
06,20,00,37,24,86.3
06,21,00,15,24,86.3
06,22,00,23,24.1,86.7
06,23,00,27,24.1,86.9
06,24,00,39,24.1,86.6
06,25,00,46,24.1,86.7
06,26,00,31,24.1,86.7
06,27,00,21,24.1,86.6
06,28,00,48,24.2,86.4
06,29,00,29,24.2,86.2
06,30,00,47,24.2,86.2
06,31,00,19,24.2,86.3
06,32,00,21,24.2,86.6
06,33,00,40,24.3,86.5
06,34,00,18,24.3,86.4
06,35,00,34,24.3,86.2
06,36,00,29,24.3,86.2
06,37,00,44,24.3,86.4
06,38,00,37,24.3,86.5
06,39,00,33,24.4,86.3
06,40,00,37,24.4,86
06,41,00,43,24.4,86.6
06,42,00,34,24.3,86.7
06,43,00,44,24.3,86.6
06,44,00,30,24.3,87.1
06,45,00,31,24.3,87.2
06,46,00,28,24.4,86.9
06,47,00,29,24.3,86.7
06,48,00,35,24.3,86.9
06,49,00,35,24.3,86.6
06,50,00,48,24.3,86.9
06,51,00,33,24.3,86.8
06,52,00,45,24.3,86.2
06,53,00,33,24.4,86.2
06,54,00,37,24.5,85.5
06,55,00,60,24.5,85.2
06,56,00,32,24.6,85.2
06,57,00,39,24.6,84.8
06,58,00,38,24.7,85
06,59,00,33,24.8,85.1
07,00,00,28,24.8,85.1
07,01,00,38,24.8,85.1
07,02,00,48,24.7,84.6
07,03,00,36,24.7,85.2
07,04,00,46,24.6,85.7
07,05,00,36,24.6,85.8
07,06,00,34,24.5,85.8
07,07,00,21,24.6,85.8
07,08,00,45,24.7,84.9
07,09,00,67,24.8,84.8
07,10,00,42,24.9,85.2
07,11,00,35,24.9,85.1
07,12,00,39,25,85
07,13,00,44,25,85.4
07,14,00,50,25.1,84.8
07,15,00,33,25.1,84.9
07,16,00,53,25.1,84.7
07,17,00,49,25.1,84.6
07,18,00,45,25,84.8
07,19,00,41,24.9,84.3
07,20,00,20,25,84.7
07,21,00,25,25,84.1
07,22,00,31,25.1,84.4
07,23,00,37,25.2,84.4
07,24,00,42,25.2,83.6
07,25,00,58,25.2,83.8
07,26,00,30,25,84.3
07,27,00,38,25,84.6
07,28,00,47,25.2,84.6
07,29,00,31,25.3,84.5
07,30,00,54,25.1,83.9
07,31,00,54,25,83.9
07,32,00,44,25.2,83.4
07,33,00,32,25.3,82.7
07,34,00,32,25.4,83.5
07,35,00,65,25.5,82.9
07,36,00,22,25.6,82.9
07,37,00,48,25.7,82.3
07,38,00,24,25.8,81.8
07,39,00,51,25.9,81.6
07,40,00,30,25.9,82
07,41,00,38,25.9,82.4
07,42,00,35,25.9,82.6
07,43,00,39,26,81.2
07,44,00,39,26,80
07,45,00,40,26,81
07,46,00,48,25.8,81.8
07,47,00,33,25.6,80.4
07,48,00,34,25.4,82.2
07,49,00,36,25.6,82.3
07,50,00,47,25.7,81.9
07,51,00,54,25.9,82.3
07,52,00,29,25.9,83.7
07,53,00,45,26,82
07,54,00,43,26,81.9
07,55,00,49,26,81.9
07,56,00,50,26.1,83.3
07,57,00,32,26.1,80.8
07,58,00,40,26.1,81.1
07,59,00,56,26.1,81
08,00,00,71,26.1,81.4
08,01,00,28,26.1,82.4
08,02,00,50,26.1,81.9
08,03,00,38,26.2,81.4
08,04,00,45,26.2,82.4
08,05,00,53,26.2,82.3
08,06,00,50,26.2,81.8
08,07,00,42,26,80.5
08,08,00,35,26,80.2
08,09,00,52,26,80.3
08,10,00,47,26.2,80.1
08,11,00,72,26.4,80.2
08,12,00,60,26.5,80.7
08,13,00,35,26.7,81.1
08,14,00,49,26.8,79.7
08,15,00,47,26.7,78.2
08,16,00,51,26.7,77.3
08,17,00,93,26.7,78
08,18,00,39,26.7,78.8
08,19,00,35,26.7,78.7
08,20,00,63,26.9,78.6
08,21,00,39,27,77.2
08,22,00,58,27,76.1
08,23,00,49,26.9,76.5
08,24,00,55,27,76.4
08,25,00,40,27.1,75.1
08,26,00,24,27.1,76.3
08,27,00,24,27.3,76.1
08,28,00,39,27.4,77.2
08,29,00,37,27.5,76.8
08,30,00,49,27.5,76.6
08,31,00,81,27.5,76.6
08,32,00,30,27.4,75.7
08,33,00,54,27.2,75.7
08,34,00,58,27.3,75.4
08,35,00,38,27.4,74.3
08,36,00,34,27.4,74.3
08,37,00,31,27.5,74.3
08,38,00,51,27.6,74.2
08,39,00,37,27.7,73.2
08,40,00,41,27.7,74
08,41,00,38,27.5,74.4
08,42,00,71,27.4,74.6
08,43,00,50,27.6,74.6
08,44,00,33,27.8,74.5
08,45,00,57,27.9,75.2
08,46,00,63,27.9,75
08,47,00,56,28,74
08,48,00,63,28,75.1
08,49,00,29,28,73.4
08,50,00,40,28.1,72.6
08,51,00,45,28,72.5
08,52,00,55,28,73.2
08,53,00,36,28.1,72.8
08,54,00,45,28.2,72.7
08,55,00,34,28.2,72.9
08,56,00,39,28.2,73.2
08,57,00,28,28.2,74.5
08,58,00,73,28.1,73.9
08,59,00,47,28.1,73.6
09,00,00,20,28.1,73
09,01,00,29,28,72.7
09,02,00,60,28.1,73
09,03,00,56,28.1,73.1
09,04,00,41,28.3,72.9
09,05,00,51,28.4,72.4
09,06,00,59,28.4,73
09,07,00,39,28.4,72.3
09,08,00,31,28.3,71.4
09,09,00,32,28.2,70.9
09,10,00,45,28.1,70.4
09,11,00,44,28.1,70.9
09,12,00,57,28.1,70.6
09,13,00,28,28.1,71.1
09,14,00,43,28.2,71.5
09,15,00,39,28.3,71
09,16,00,33,28.3,71.6
09,17,00,37,28.4,71.1
09,18,00,43,28.5,71.6
09,19,00,55,28.6,71.7
09,20,00,39,28.6,71.5
09,21,00,34,28.6,71.1
09,22,00,51,28.6,71.3
09,23,00,42,28.7,71.4
09,24,00,53,28.8,71.1
09,25,00,35,28.8,69.3
09,26,00,54,28.8,69.9
09,27,00,33,28.8,70.4
09,28,00,38,28.8,70.7
09,29,00,40,28.8,71.1
09,30,00,52,28.8,70.6
09,31,00,69,28.6,69.3
09,32,00,45,28.6,69.6
09,33,00,52,28.7,68.7
09,34,00,36,28.8,69.5
09,35,00,33,28.8,69.4
09,36,00,46,28.8,69
09,37,00,39,28.9,69.5
09,38,00,56,29,69.9
09,39,00,53,29.1,69.8
09,40,00,61,29.1,67.8
09,41,00,46,29.1,69.3
09,42,00,44,29.2,69
09,43,00,23,29.2,69
09,44,00,59,29.1,69
09,45,00,42,29.1,69.4
09,46,00,36,29,67.4
09,47,00,53,29,68.1
09,48,00,55,29.2,68.8
09,49,00,28,29.3,69.2
09,50,00,32,29.2,68.9
09,51,00,30,29.3,69.4
09,52,00,47,29.4,69.2
09,53,00,51,29.5,69.2
09,54,00,47,29.6,69.6
09,55,00,44,29.6,70.8
09,56,00,39,29.7,70.5
09,57,00,34,29.8,69.8
09,58,00,42,29.7,69.6
09,59,00,42,29.7,68.5
10,00,00,41,29.8,68.1
10,01,00,50,29.8,68.4
10,02,00,54,30,68.2
10,03,00,42,29.9,67
10,04,00,43,30,68.1
10,05,00,56,30,69.8
10,06,00,48,30.1,68.3
10,07,00,32,30,66.1
10,08,00,29,29.9,66.7
10,09,00,30,29.8,67.5
10,10,00,54,29.8,69.1
10,11,00,35,29.8,69.4
10,12,00,43,29.8,69.8
10,13,00,37,29.8,69.2
10,14,00,39,29.8,69.1
10,15,00,51,29.8,68.6
10,16,00,59,29.8,68.3
10,17,00,39,29.9,68
10,18,00,62,29.9,68.1
10,19,00,22,30,68.7
10,20,00,38,30,66.9
10,21,00,26,30.1,67.9
10,22,00,59,30.2,67.5
10,23,00,73,30.2,67.1
10,24,00,52,30.2,67.2
10,25,00,49,30.3,67.5
10,26,00,54,30.5,67.6
10,27,00,50,30.5,67.5
10,28,00,62,30.6,67.4
10,29,00,48,30.7,67.4
10,30,00,63,30.8,66.7
10,31,00,66,30.8,65.3
10,32,00,35,30.9,65.8
10,33,00,64,30.9,67.2
10,34,00,40,31,67.1
10,35,00,49,31,66.6
10,36,00,22,31,66.5
10,37,00,34,31,66.9
10,38,00,47,31,66.6
10,39,00,58,31,67.9
10,40,00,49,31.2,67.2
10,41,00,45,31.2,67.2
10,42,00,52,31.3,67.4
10,43,00,56,31.4,67.6
10,44,00,34,31.5,66.7
10,45,00,53,31.5,65.9
10,46,00,30,31.4,65.8
10,47,00,56,31.3,66.2
10,48,00,54,31.3,65.1
10,49,00,44,31.2,65.1
10,50,00,41,31.2,65.6
10,51,00,27,31.2,66.3
10,52,00,57,31.1,67
10,53,00,54,31.1,66.7
10,54,00,65,31,67
10,55,00,37,31.1,65.7
10,56,00,64,31,64.5
10,57,00,31,31.1,65
10,58,00,49,31.2,66.1
10,59,00,40,31.2,66.3
11,00,00,41,31.2,66.2
11,01,00,28,31.2,66.1
11,02,00,26,31.1,65.4
11,03,00,45,31.1,65.8
11,04,00,40,31.1,66.6
11,05,00,46,31.1,66.8
11,06,00,32,31.2,66.4
11,07,00,47,31.1,66.5
11,08,00,54,31.1,65.5
11,09,00,44,31,65.4
11,10,00,33,31,66.2
11,11,00,37,31,63.1
11,12,00,29,30.8,64.8
11,13,00,35,30.7,65.4
11,14,00,62,30.7,66.5
11,15,00,24,30.8,66.2
11,16,00,39,30.9,66.5
11,17,00,31,31,65.4
11,18,00,40,30.9,65.9
11,19,00,27,30.9,65.7
11,20,00,55,30.8,65.3
11,21,00,63,30.8,66.3
11,22,00,33,30.8,67.4
11,23,00,55,30.8,66.3
11,24,00,42,30.7,67.1
11,25,00,40,30.7,65.7
11,26,00,25,30.6,63.3
11,27,00,42,30.5,63.2
11,28,00,37,30.5,65
11,29,00,25,30.5,65.5
11,30,00,28,30.4,65.6
11,31,00,33,30.4,67.8
11,32,00,26,30.3,67.2
11,33,00,48,30.2,63.6
11,34,00,19,30,64.2
11,35,00,29,30,66.1
11,36,00,38,30,65.8
11,37,00,46,30,66.4
11,38,00,35,30,66.5
11,39,00,28,30.1,66.2
11,40,00,41,30.1,65.1
11,41,00,40,30.1,65.3
11,42,00,38,30.2,66.8
11,43,00,39,30.2,66.3
11,44,00,42,30.1,65.4
11,45,00,57,30.1,66.3
11,46,00,46,30.1,66.3
11,47,00,41,30.2,66
11,48,00,39,30,65
11,49,00,53,29.8,65.3
11,50,00,33,30,65.3
11,51,00,51,30,65.8
11,52,00,39,30.2,66.9
11,53,00,47,30.2,66.7
11,54,00,39,30.1,67.1
11,55,00,31,30.1,66.9
11,56,00,35,30,66.9
11,57,00,27,30,65.9
11,58,00,32,30,66.8
11,59,00,28,29.9,69.1
12,00,00,50,29.9,68.7
12,01,00,30,29.9,69.7
12,02,00,30,29.9,69.8
12,03,00,27,29.9,70
12,04,00,21,29.8,69.5
12,05,00,44,29.8,69.3
12,06,00,34,29.8,69.6
12,07,00,23,29.7,70.2
12,08,00,28,29.7,69.7
12,09,00,54,29.6,69.2
12,10,00,44,29.7,69.1
12,11,00,39,29.7,69.2
12,12,00,48,29.7,69.5
12,13,00,54,29.7,70.3
12,14,00,62,29.8,69.8
12,15,00,59,29.8,69
12,16,00,51,29.8,69.8
12,17,00,50,29.9,70.6
12,18,00,53,30,72.8
12,19,00,60,30,72.9
12,20,00,48,29.9,71.6
12,21,00,73,30,67.9
12,22,00,66,30.1,68.4
12,23,00,24,30.1,69.2
12,24,00,48,30.3,70
12,25,00,59,30.4,70.5
12,26,00,77,30.5,70.1
12,27,00,43,30.5,70.4
12,28,00,46,30.6,70
12,29,00,45,30.5,70.3
12,30,00,17,30.5,70.6
12,31,00,48,30.4,69.6
12,32,00,51,30.2,70
12,33,00,34,30,69.9
12,34,00,49,30,70.6
12,35,00,64,30,70.2
12,36,00,59,29.9,70.7
12,37,00,45,29.7,70.6
12,38,00,68,29.6,70.9
12,39,00,48,29.7,71.1
12,40,00,70,29.9,71.4
12,41,00,53,29.9,71.3
12,42,00,63,29.9,70.9
12,43,00,48,29.9,71.7
12,44,00,33,30,71.5
12,45,00,51,30,71.7
12,46,00,40,30.1,70.8
12,48,00,26,30,70.3
12,49,00,55,30,70.5
12,50,00,42,30.2,71.3
12,51,00,64,30.1,69.2
12,52,00,74,30.1,69.9
12,53,00,54,30.1,68.7
12,54,00,72,30.2,68.9
12,55,00,59,30.2,69.4
12,56,00,59,30.2,69.3
12,57,00,49,30.2,69.5
12,58,00,31,30.2,68.9
12,59,00,42,30.2,69.1
13,00,00,40,30.3,69.7
13,01,00,27,30.3,68.6
13,02,00,33,30.2,68.5
13,03,00,69,30.3,68.6
13,04,00,55,30.2,68.8
13,05,00,47,30.4,68.6
13,06,00,57,30.5,68.3
13,07,00,46,30.4,68.3
13,08,00,64,30.4,68.7
13,09,00,42,30.3,67.9
13,10,00,62,30.1,69.2
13,11,00,51,29.9,70.2
13,12,00,36,29.6,70.8
13,13,00,28,29.6,70.9
13,14,00,32,29.5,70.7
13,15,00,33,29.4,71
13,16,00,36,29.3,71.3
13,17,00,20,29.4,71.6
13,18,00,38,29.4,71.9
13,19,00,66,29.2,71.3
13,20,00,55,29.1,71.6
13,21,00,37,29.1,71.8
13,22,00,48,29.1,71.7
13,23,00,43,29.1,71.9
13,24,00,20,29.2,72.3
13,25,00,55,29.3,71.9
13,26,00,45,29.3,72.6
13,27,00,39,29.4,72.5
13,28,00,73,29.5,72.3
13,29,00,57,29.6,71.9
13,30,00,33,29.6,71.7
13,31,00,41,29.7,71.9
13,32,00,42,29.7,71.8
13,33,00,34,29.7,72.2
13,34,00,56,29.6,71.9
13,35,00,36,29.6,72.2
13,36,00,66,29.7,72.4
13,37,00,55,29.6,72.7
13,38,00,46,29.6,72.7
13,39,00,50,29.6,72.8
13,40,00,27,29.6,72.9
13,41,00,41,29.6,72.7
13,42,00,57,29.6,72.3
13,43,00,37,29.5,72.2
13,44,00,30,29.3,72.1
13,45,00,42,29.2,72.2
13,46,00,41,29.1,72.6
13,47,00,41,29,72.7
13,48,00,48,29,72.3
13,49,00,42,28.8,73.2
13,50,00,50,28.7,72.7
13,51,00,40,28.7,73.2
13,52,00,50,28.7,73.5
13,53,00,44,28.7,72.9
13,54,00,39,28.5,72.7
13,55,00,55,28.5,73.3
13,56,00,41,28.5,73.4
13,57,00,33,28.6,73.6
13,58,00,26,28.6,73.4
13,59,00,32,28.7,73.4
14,00,00,29,28.6,73
14,01,00,31,28.6,73.2
14,02,00,20,28.7,73.1
14,03,00,29,28.8,73.1
14,04,00,49,28.8,73.4
14,05,00,31,28.8,72.8
14,06,00,43,28.8,73
14,07,00,41,28.8,72.7
14,08,00,38,28.6,73.2
14,09,00,32,28.6,73.1
14,10,00,41,28.5,73.2
14,11,00,27,28.6,72.3
14,12,00,27,28.5,72.7
14,13,00,21,28.5,72.5
14,14,00,38,28.5,72.7
14,15,00,17,28.4,73.1
14,16,00,19,28.2,71.8
14,17,00,24,28.2,71.9
14,18,00,45,28.2,72.6
14,19,00,35,28.3,72.3
14,20,00,38,28.2,72.7
14,21,00,22,28.3,72.5
14,22,00,34,28.2,72.9
14,23,00,32,28.3,72.8
14,24,00,23,28.4,72.8
14,25,00,31,28.4,73
14,26,00,51,28.4,73.4
14,27,00,20,28.4,72.8
14,28,00,37,28.4,72.8
14,29,00,24,28.4,73.2
14,30,00,34,28.4,72.2
14,31,00,46,28.3,72.7
14,32,00,31,28.3,72.8
14,33,00,17,28.2,73.1
14,34,00,33,27.9,74.1
14,35,00,55,28,73.9
14,36,00,33,28.1,73.8
14,37,00,32,28.1,73.5
14,38,00,28,28,73.6
14,39,00,28,28,73.7
14,40,00,38,28.1,74
14,41,00,35,28.2,73.8
14,42,00,42,28.1,73.8
14,43,00,17,28.3,74.2
14,44,00,30,28.3,74
14,45,00,41,28.3,73.7
14,46,00,35,28.2,73.1
14,47,00,36,28.2,73.1
14,48,00,23,28.2,73.2
14,49,00,32,28.2,72.7
14,50,00,19,28.2,73.1
14,51,00,56,28.2,74.1
14,52,00,24,28.1,74.2
14,53,00,32,28.1,74.3
14,54,00,37,28.1,75.6
14,55,00,26,28.2,77
14,56,00,36,28.3,77.7
14,57,00,32,28.2,77.1
14,58,00,26,28.2,78.6
14,59,00,38,28.1,77.1
15,00,00,29,28.1,78.5
15,01,00,22,28.1,79
15,02,00,40,28.1,80
15,03,00,39,28,79.9
15,04,00,28,28,82.6
15,05,00,26,27.9,83.3
15,06,00,35,27.8,83.2
15,07,00,41,27.7,83.7
15,08,00,31,27.6,83.7
15,09,00,30,27.5,83.6
15,10,00,45,27.4,84.5
15,11,00,43,27.4,84
15,12,00,26,27.5,83.9
15,13,00,21,27.5,83.4
15,14,00,40,27.4,83.2
15,15,00,33,27.3,84.1
15,16,00,21,27.2,83.2
15,17,00,36,27.1,83.4
15,18,00,18,27.1,83.9
15,19,00,35,27.2,83.7
15,20,00,37,27.4,83.5
15,21,00,45,27.5,83.5
15,22,00,11,27.3,84.1
15,23,00,46,27.2,84.4
15,24,00,33,27,84.8
15,25,00,39,26.9,84.7
15,26,00,38,26.8,85.7
15,27,00,46,26.9,85.1
15,28,00,42,27.1,84.7
15,29,00,39,27.2,85.6
15,30,00,32,27.1,85.9
15,31,00,43,27.2,85.6
15,32,00,32,27.3,84.8
15,33,00,44,27.2,85.7
15,34,00,69,27,87.3
15,35,00,31,27,87.5
15,36,00,32,27,87.5
15,37,00,57,27.1,87.1
15,38,00,51,27.3,86.1
15,39,00,40,27.4,84.1
15,40,00,47,27.5,84.1
15,41,00,59,27.6,84.4
15,42,00,35,27.6,83.8
15,43,00,43,27.7,80.1
15,44,00,51,27.7,79.3
15,45,00,41,27.8,79.6
15,46,00,36,27.9,80.7
15,48,00,33,27.9,79.4
15,49,00,40,28,80.4
15,50,00,40,28.1,78.5
15,51,00,36,28.1,77.9
15,52,00,32,28.1,81.1
15,53,00,19,28.1,81.2
15,54,00,47,28.1,81.9
15,55,00,64,28.2,82.1
15,56,00,60,28.1,81.6
15,57,00,58,28,81
15,58,00,41,28,80.8
15,59,00,38,28,81.1
16,00,00,36,28,81.1
16,01,00,14,28.1,82.4
16,02,00,42,28,82.1
16,03,00,55,28,82.8
16,04,00,36,28.1,82.3
16,05,00,24,28.2,82.2
16,06,00,59,28.2,81
16,07,00,46,28.1,80.5
16,08,00,36,28.1,80.9
16,09,00,41,28.1,82.1
16,10,00,39,28.1,81.2
16,11,00,29,28,82.7
16,12,00,31,28,82.8
16,13,00,35,28,83.4
16,14,00,19,28,81.7
16,15,00,37,28.1,81.7
16,16,00,34,28.1,83.7
16,17,00,42,28,84.6
16,18,00,34,28,84.1
16,19,00,38,28,84.3
16,20,00,57,28,85.2
16,21,00,47,27.9,84.4
16,22,00,33,28,84.2
16,23,00,27,28.1,83.3
16,24,00,31,28,79.5
16,25,00,47,28.1,79.2
16,26,00,31,28.2,81.5
16,27,00,33,28.2,81.8
16,28,00,49,28.3,82.5
16,29,00,34,28.3,82.5
16,30,00,20,28.1,83.6
16,31,00,34,27.9,83.5
16,32,00,29,28,83.2
16,33,00,45,28,84.2
16,34,00,30,28.1,83.3
16,35,00,28,28.1,83
16,36,00,34,28.1,81.6
16,37,00,27,28.2,81.8
16,38,00,45,28.2,81.3
16,39,00,26,28.2,80.7
16,40,00,32,28.2,80.3
16,41,00,38,28.2,80.2
16,42,00,39,28.2,80.9
16,43,00,16,28.2,81.2
16,44,00,57,28,81.9
16,45,00,42,28,82.1
16,46,00,32,27.9,82.4
16,47,00,34,27.9,83.2
16,48,00,48,27.9,83
16,49,00,32,27.7,83.2
16,50,00,51,27.8,83.6
16,51,00,18,27.8,82.7
16,52,00,36,27.9,82.7
16,53,00,30,27.9,82.3
16,54,00,24,28,81.8
16,55,00,30,27.9,81.8
16,56,00,36,27.9,81.9
16,57,00,31,27.9,81.6
16,58,00,34,27.9,81.7
16,59,00,26,27.9,82.5
17,00,00,33,27.9,82.8
17,01,00,28,27.8,83.4
17,02,00,38,27.8,83.9
17,03,00,36,27.8,83.4
17,04,00,39,27.7,83
17,05,00,27,27.7,83.5
17,06,00,28,27.7,83.8
17,07,00,23,27.6,83.5
17,08,00,38,27.7,83.3
17,09,00,24,27.7,83.2
17,10,00,22,27.7,84.4
17,11,00,32,27.7,85.4
17,12,00,38,27.7,84.7
17,13,00,17,27.7,84.1
17,14,00,32,27.8,83.8
17,15,00,31,27.7,82.6
17,16,00,18,27.8,82.8
17,17,00,17,27.8,82.6
17,18,00,36,27.8,82.8
17,19,00,25,27.8,82.8
17,20,00,25,27.8,83
17,21,00,23,27.8,82.7
17,22,00,34,27.8,83.3
17,23,00,29,27.7,84
17,24,00,23,27.6,83.1
17,25,00,34,27.5,83.7
17,26,00,24,27.4,83.5
17,27,00,29,27.4,83
17,28,00,27,27.4,83.5
17,29,00,31,27.3,84.2
17,30,00,25,27.2,84.1
17,31,00,17,27.3,83.9
17,32,00,29,27.3,83.1
17,33,00,30,27.2,83.1
17,34,00,36,27.2,83.4
17,35,00,32,27.2,84.1
17,36,00,37,27.2,82.7
17,37,00,16,27.2,83.1
17,38,00,32,27.1,83.2
17,39,00,17,27.1,82.8
17,40,00,17,27.1,82.9
17,41,00,23,27.1,83.5
17,42,00,28,27,82.5
17,43,00,19,27,83.6
17,44,00,46,27,83.7
17,45,00,28,26.9,83.3
17,46,00,16,26.9,83.4
17,47,00,26,26.9,84.3
17,48,00,26,26.8,84.1
17,49,00,13,26.9,83.6
17,50,00,39,26.9,83.5
17,51,00,30,26.9,83.5
17,52,00,26,26.9,83.5
17,53,00,26,26.8,83.2
17,54,00,19,26.8,83.6
17,55,00,35,26.8,84.4
17,56,00,35,26.7,84.9
17,57,00,22,26.6,85.3
17,58,00,18,26.7,84.3
17,59,00,31,26.7,84.3
18,00,00,44,26.6,84.4
18,01,00,24,26.5,84.2
18,02,00,27,26.5,84
18,03,00,38,26.4,82.9
18,04,00,27,26.3,83.8
18,05,00,20,26.3,84.7
18,06,00,26,26.3,84.4
18,07,00,34,26.3,84.1
18,08,00,13,26.4,83.3
18,10,00,13,26.4,84
18,12,00,17,26.4,83.9
18,13,00,29,26.4,83.7
18,14,00,33,26.3,84.1
18,15,00,22,26.3,84.5
18,16,00,22,26.3,83.9
18,17,00,26,26.3,84.6
18,18,00,27,26.2,84.5
18,19,00,27,26.2,84.5
18,20,00,30,26.2,84.8
18,21,00,25,26.1,84.8
18,22,00,32,26.1,84.8
18,23,00,30,26.1,85.1
18,24,00,22,26.1,84.4
18,25,00,41,26.1,84.5
18,26,00,39,26.2,85.2
18,27,00,22,26.3,83.5
18,28,00,35,26.3,84.2
18,29,00,34,26.1,84.4
18,30,00,45,26,85.2
18,31,00,25,25.9,85.3
18,32,00,17,25.8,85.6
18,33,00,32,25.8,85.3
18,34,00,26,25.9,85.6
18,35,00,15,26,85.2
18,36,00,39,26,85.1
18,37,00,26,26,85.3
18,38,00,33,26,85.3
18,39,00,29,26,85.4
18,40,00,28,26.1,84.9
18,41,00,30,26.1,84.7
18,42,00,35,26,84.9
18,43,00,12,26,85.3
18,44,00,32,25.9,85.5
18,45,00,39,25.9,84.8
18,46,00,28,25.7,84.7
18,47,00,37,25.8,85.1
18,48,00,31,25.9,85.3
18,49,00,20,25.9,85
18,50,00,19,25.9,84.7
18,51,00,50,25.8,85.2
18,52,00,28,25.7,85.5
18,53,00,32,25.8,85.6
18,54,00,20,25.8,85.5
18,55,00,30,25.8,85.5
18,56,00,11,25.9,85.4
18,57,00,28,25.9,84.9
18,58,00,30,25.9,84.4
18,59,00,44,25.8,84.6
19,00,00,25,25.9,85.2
19,01,00,53,25.9,84.8
19,02,00,40,25.8,85.1
19,03,00,36,25.7,85
19,04,00,25,25.7,84.9
19,05,00,37,25.8,84.9
19,06,00,31,25.7,85.4
19,07,00,26,25.7,84.9
19,08,00,24,25.7,84.8
19,09,00,48,25.6,85.1
19,10,00,35,25.8,85.4
19,11,00,27,25.9,85.4
19,12,00,24,25.8,84.4
19,13,00,48,25.7,84.5
19,14,00,34,25.6,85
19,15,00,53,25.7,85.2
19,16,00,27,25.8,84.7
19,17,00,23,25.8,85.1
19,18,00,33,25.7,85.2
19,19,00,40,25.7,84.8
19,20,00,29,25.6,85.7
19,21,00,33,25.7,85.7
19,22,00,24,25.7,85
19,23,00,33,25.6,85.9
19,24,00,26,25.7,86.4
19,25,00,29,25.8,85.7
19,26,00,27,25.8,85.5
19,27,00,41,25.8,85.1
19,28,00,23,25.8,84.9
19,29,00,27,25.9,84.9
19,30,00,36,25.9,84.8
19,31,00,39,25.9,84.4
19,32,00,24,26,84.8
19,33,00,29,25.9,85.5
19,34,00,42,25.9,85.2
19,35,00,29,25.9,85.6
19,36,00,47,25.9,85.6
19,37,00,40,25.9,85.7
19,38,00,34,26,85
19,39,00,31,25.9,85.2
19,40,00,25,26,85
19,41,00,30,25.9,84.9
19,42,00,35,26,84.8
19,43,00,29,26,84.7
19,45,00,27,25.9,84.1
19,46,00,37,26,84.5
19,47,00,45,25.9,83.6
19,48,00,32,25.9,84.7
19,50,00,15,25.7,84.8
19,51,00,37,25.8,85.7
19,52,00,21,25.8,85.1
19,53,00,51,25.8,84.6
19,54,00,30,25.8,85.5
19,55,00,25,25.8,85.5
19,56,00,42,25.8,86.1
19,57,00,37,25.8,86.2
19,58,00,43,25.9,85.7
19,59,00,16,25.8,86.5
20,00,00,17,25.7,86.8
20,01,00,34,25.7,87
20,02,00,42,25.7,86.6
20,03,00,36,25.7,86
20,04,00,16,25.7,86.3
20,05,00,28,25.6,86.5
20,06,00,36,25.6,86.7
20,07,00,38,25.6,86.3
20,08,00,40,25.6,86.7
20,09,00,39,25.6,86.7
20,10,00,55,25.6,86.9
20,11,00,29,25.6,86.7
20,12,00,36,25.7,87
20,13,00,55,25.7,86.3
20,14,00,15,25.8,86.5
20,15,00,44,25.8,87.2
20,16,00,33,25.7,86.8
20,17,00,43,25.7,86.7
20,18,00,53,25.6,87
20,19,00,21,25.6,86.7
20,20,00,22,25.6,86.6
20,21,00,9,25.6,85.9
20,22,00,31,25.6,86.6
20,23,00,35,25.6,86.7
20,24,00,22,25.5,86.4
20,25,00,26,25.5,86.9
20,26,00,35,25.5,87.3
20,27,00,18,25.7,86.8
20,28,00,40,25.7,87.1
20,29,00,30,25.7,87.2
20,30,00,29,25.7,87.4
20,31,00,56,25.7,88.1
20,32,00,43,25.7,87.6
20,33,00,37,25.6,88.3
20,34,00,40,25.6,88.1
20,35,00,31,25.7,87.4
20,36,00,23,25.7,87.9
20,37,00,19,25.7,87.9
20,38,00,32,25.7,87.6
20,39,00,41,25.7,87.6
20,40,00,30,25.7,87.5
20,41,00,41,25.7,87.2
20,42,00,29,25.6,87.7
20,43,00,48,25.5,88
20,44,00,24,25.6,87.8
20,45,00,38,25.7,87.7
20,46,00,33,25.7,87
20,47,00,29,25.7,87
20,48,00,36,25.7,87.2
20,49,00,29,25.8,87.1
20,50,00,33,25.8,86.8
20,51,00,18,25.8,86.7
20,52,00,36,25.8,86.6
20,53,00,25,25.9,86.5
20,54,00,25,25.9,86.8
20,55,00,13,25.8,87.2
20,56,00,30,25.8,86.8
20,57,00,45,25.8,86.9
20,58,00,36,25.8,86.9
20,59,00,29,25.8,86.8
21,00,00,35,25.8,86.8
21,01,00,16,25.7,87.4
21,02,00,56,25.7,87.5
21,03,00,51,25.7,87.3
21,04,00,18,25.7,87.5
21,05,00,42,25.7,86.7
21,06,00,35,25.7,86.8
21,07,00,19,25.7,86.7
21,08,00,29,25.7,86.7
21,09,00,41,25.7,87
21,10,00,32,25.6,86.7
21,11,00,42,25.6,87.2
21,12,00,43,25.7,87.1
21,13,00,36,25.7,87.1
21,14,00,25,25.6,87.2
21,15,00,38,25.6,87.4
21,16,00,10,25.7,87.4
21,17,00,33,25.7,87.5
21,18,00,42,25.7,87.1
21,19,00,33,25.7,87.1
21,20,00,50,25.7,87.2
21,21,00,32,25.7,87.4
21,22,00,34,25.7,87.3
21,23,00,35,25.7,87.4
21,24,00,28,25.7,87.7
21,25,00,36,25.6,87.8
21,26,00,26,25.7,87.6
21,27,00,42,25.6,87.6
21,28,00,44,25.5,87.8
21,29,00,22,25.6,87.8
21,30,00,37,25.7,87.2
21,31,00,39,25.6,87.4
21,32,00,32,25.6,87.3
21,33,00,26,25.6,87.5
21,34,00,38,25.7,87
21,35,00,53,25.7,87
21,36,00,31,25.7,87.3
21,37,00,45,25.6,87.6
21,38,00,22,25.5,88
21,39,00,21,25.5,88.2
21,40,00,29,25.5,87.8
21,41,00,47,25.5,88
21,42,00,26,25.4,88.2
21,43,00,44,25.3,88.6
21,44,00,45,25.3,88.6
21,45,00,27,25.3,88.7
21,46,00,42,25.4,88.6
21,47,00,29,25.4,88.5
21,48,00,24,25.4,88.4
21,50,00,28,25.4,88.4
21,51,00,46,25.4,88.7
21,52,00,41,25.4,88.8
21,53,00,37,25.4,88.6
21,54,00,36,25.4,88.7
21,55,00,35,25.5,88.2
21,56,00,49,25.5,88.2
21,57,00,27,25.4,88.3
21,58,00,32,25.4,88.6
21,59,00,30,25.4,88.7
22,00,00,20,25.4,88.8
22,01,00,24,25.5,88.4
22,02,00,34,25.5,88.4
22,03,00,23,25.5,88.6
22,04,00,39,25.4,88.1
22,05,00,25,25.3,88.3
22,06,00,41,25.2,88.2
22,07,00,29,25.2,89
22,08,00,25,25.1,89.2
22,09,00,42,25.1,89.3
22,10,00,20,25.1,89.4
22,11,00,47,25.1,89.3
22,12,00,41,25.1,88.3
22,13,00,31,25.1,88.3
22,14,00,47,25,88.7
22,15,00,47,25.1,89.1
22,16,00,33,25.3,88.5
22,17,00,39,25.3,88
22,18,00,25,25.4,87.6
22,19,00,34,25.4,87.3
22,20,00,35,25.5,87.6
22,21,00,25,25.3,87.6
22,22,00,28,25.1,88.4
22,23,00,32,25,89.3
22,24,00,35,25.2,88.9
22,25,00,25,25.3,88.8
22,26,00,22,25.4,88.5
22,27,00,25,25.3,88.3
22,28,00,36,25.3,88.3
22,29,00,27,25.4,88.2
22,30,00,36,25.4,87.8
22,31,00,27,25.4,87.8
22,32,00,37,25.4,87.9
22,33,00,42,25.4,88.1
22,34,00,30,25.4,88
22,35,00,32,25.3,87.8
22,36,00,21,25.3,88.3
22,37,00,32,25.4,88
22,38,00,30,25.4,87.8
22,39,00,31,25.4,87.9
22,40,00,27,25.4,88.2
22,41,00,35,25.5,87.6
22,42,00,27,25.4,87.6
22,43,00,47,25.3,87.7
22,44,00,28,25.2,87.8
22,45,00,39,25.2,88.4
22,46,00,28,25.2,88.4
22,47,00,51,25.2,88.4
22,48,00,36,25.2,88.7
22,49,00,45,25.2,88.4
22,50,00,13,25.3,88
22,51,00,43,25.3,87.9
22,52,00,36,25.3,87.8
22,53,00,35,25.3,87.8
22,54,00,24,25.3,88
22,55,00,22,25.2,87.5
22,56,00,38,25.1,87.8
22,57,00,28,25.2,88.2
22,58,00,34,25.2,88.1
22,59,00,33,25.2,88
23,00,00,37,25.3,88
23,01,00,37,25.3,88
23,02,00,17,25.3,87.8
23,03,00,35,25.3,87.5
23,04,00,31,25.3,87.2
23,05,00,42,25.4,87
23,06,00,36,25.3,87
23,07,00,27,25.3,86.7
23,08,00,30,25.3,87.1
23,09,00,40,25.3,87.6
23,10,00,27,25.3,87.7
23,11,00,26,25.3,87.5
23,12,00,32,25.2,87.5
23,13,00,32,25.2,87.6
23,14,00,33,25.2,87.4
23,15,00,24,25.1,87.7
23,16,00,41,25.1,87.6
23,17,00,28,25.1,87.5
23,18,00,29,25,87.7
23,19,00,23,25,88.1
23,20,00,51,25.1,88.3
23,21,00,34,25,88.5
23,22,00,30,24.8,89.2
23,23,00,18,24.7,89.1
23,24,00,43,24.7,89.2
23,25,00,29,24.7,88.8
23,26,00,25,24.7,89.1
23,27,00,36,24.7,89.1
23,28,00,37,24.7,89.2
23,29,00,35,24.8,88.9
23,30,00,59,24.8,88.8
23,31,00,41,24.7,89.5
23,32,00,37,24.6,89.6
23,33,00,42,24.6,89.7
23,34,00,33,24.7,89.6
23,35,00,47,24.7,89.4
23,36,00,30,24.6,89.6
23,37,00,30,24.5,89.8
23,38,00,37,24.5,89.9
23,39,00,32,24.5,90.3
23,40,00,34,24.5,90.3
23,41,00,25,24.5,90.3
23,42,00,25,24.6,89.9
23,43,00,35,24.6,89.4
23,44,00,38,24.6,89.5
23,45,00,24,24.6,89.7
23,46,00,40,24.6,89.8
23,47,00,31,24.6,89.7
23,48,00,28,24.7,89.1
23,49,00,33,24.7,89.2
23,50,00,32,24.6,89.6
23,51,00,25,24.6,89.6
23,52,00,43,24.7,89.2
23,53,00,51,24.7,88.9
23,54,00,31,24.7,89.1
23,55,00,43,24.7,88.5
23,56,00,30,24.8,87.7
23,57,00,32,24.8,87.5
23,58,00,33,24.8,87.2
23,59,00,18,24.9,87.1
