00,00,00,44,24.8,86.8
00,01,00,31,24.8,87.1
00,02,00,23,24.8,87.3
00,03,00,18,24.7,87.2
00,04,00,51,24.7,87.6
00,05,00,45,24.7,87.7
00,06,00,44,24.7,87.5
00,07,00,18,24.7,88
00,08,00,20,24.7,88.1
00,09,00,28,24.6,88.4
00,10,00,18,24.6,88.6
00,11,00,45,24.6,88.7
00,12,00,31,24.6,88.3
00,13,00,23,24.6,88.3
00,14,00,37,24.6,88.1
00,15,00,23,24.6,88.3
00,16,00,40,24.7,88.1
00,17,00,32,24.7,87.9
00,18,00,30,24.6,88
00,19,00,26,24.6,88
00,20,00,25,24.6,88.1
00,21,00,44,24.6,87.9
00,22,00,40,24.7,88.1
00,23,00,24,24.7,87.8
00,24,00,42,24.7,87.8
00,25,00,18,24.6,87.8
00,26,00,38,24.6,87.8
00,27,00,47,24.6,87.4
00,28,00,28,24.6,87.6
00,29,00,15,24.5,87.5
00,30,00,23,24.5,87.6
00,31,00,33,24.5,87.4
00,32,00,37,24.6,87.6
00,33,00,29,24.6,87.1
00,34,00,27,24.6,87
00,35,00,24,24.7,87
00,36,00,26,24.6,87
00,37,00,43,24.5,87.4
00,38,00,29,24.5,87.4
00,39,00,37,24.5,87.5
00,40,00,46,24.5,87.7
00,41,00,35,24.5,87.8
00,42,00,39,24.5,87.8
00,43,00,36,24.5,88
00,44,00,36,24.4,87.8
00,45,00,38,24.3,88.3
00,46,00,30,24.4,88.4
00,47,00,31,24.4,88
00,48,00,12,24.4,88
00,49,00,19,24.4,87.7
00,50,00,45,24.4,87.6
00,51,00,25,24.5,87.8
00,52,00,44,24.5,87.8
00,53,00,26,24.6,87.7
00,54,00,34,24.7,87.6
00,55,00,69,24.6,87.5
00,56,00,25,24.6,87.5
00,57,00,35,24.6,87.8
00,58,00,27,24.6,88.1
00,59,00,38,24.6,88
01,00,00,48,24.5,87.9
01,01,00,25,24.5,87.9
01,02,00,25,24.5,88.4
01,03,00,53,24.4,89.1
01,04,00,70,24.4,89.3
01,05,00,38,24.5,89.3
01,06,00,20,24.5,89
01,07,00,33,24.5,89
01,08,00,28,24.6,88.4
01,09,00,22,24.7,87.9
01,10,00,35,24.6,88.4
01,11,00,32,24.5,88.6
01,12,00,30,24.6,88.6
01,13,00,51,24.6,87.6
01,14,00,32,24.5,87.5
01,15,00,25,24.5,88.3
01,16,00,28,24.5,88.5
01,17,00,40,24.5,88.6
01,18,00,61,24.4,88.9
01,19,00,32,24.4,89.2
01,20,00,35,24.3,88.9
01,21,00,30,24.2,89.3
01,22,00,42,24.1,89.6
01,23,00,27,24.1,89.8
01,24,00,39,24.2,89.3
01,25,00,35,24.2,89.2
01,26,00,20,24.3,89
01,28,00,45,24.3,89.6
01,29,00,23,24.2,90
01,30,00,19,24.3,90
01,31,00,25,24.3,89.9
01,32,00,68,24.4,89.4
01,33,00,16,24.5,89.2
01,34,00,24,24.5,88.9
01,35,00,31,24.5,88.6
01,36,00,24,24.5,88.6
01,37,00,24,24.5,88.8
01,38,00,22,24.5,88.9
01,39,00,39,24.5,89.1
01,40,00,18,24.5,88.7
01,41,00,33,24.4,88.6
01,42,00,27,24.5,88.5
01,43,00,27,24.6,88.4
01,44,00,15,24.6,88.6
01,45,00,44,24.6,88.9
01,46,00,37,24.5,89
01,47,00,36,24.5,89.2
01,48,00,47,24.5,89.5
01,49,00,21,24.5,89.3
01,50,00,47,24.5,89.1
01,51,00,50,24.5,89.2
01,52,00,34,24.6,88.8
01,53,00,28,24.6,88.5
01,54,00,24,24.6,88.3
01,55,00,27,24.7,88.2
01,56,00,27,24.7,87.9
01,57,00,30,24.6,87.9
01,58,00,19,24.6,87.8
01,59,00,32,24.6,87.7
02,00,00,24,24.5,87.9
02,01,00,30,24.6,87.9
02,02,00,36,24.6,87.9
02,03,00,38,24.5,88
02,04,00,15,24.5,88.2
02,05,00,19,24.5,88.4
02,06,00,32,24.6,88.5
02,07,00,26,24.6,88.4
02,08,00,25,24.6,88.5
02,09,00,24,24.7,88.3
02,10,00,29,24.7,88.3
02,11,00,50,24.7,88.4
02,12,00,33,24.7,88.5
02,13,00,16,24.6,88.6
02,14,00,29,24.6,88.5
02,15,00,45,24.6,88.5
02,16,00,30,24.5,88.6
02,17,00,21,24.5,88.8
02,18,00,45,24.5,88.9
02,19,00,27,24.4,89.1
02,20,00,25,24.4,89
02,21,00,40,24.5,88.9
02,22,00,32,24.4,88.9
02,23,00,40,24.3,89.4
02,24,00,34,24.4,89.1
02,25,00,16,24.3,88.7
02,26,00,30,24.2,89.3
02,27,00,28,24.2,89.2
02,28,00,21,24.3,88.9
02,29,00,40,24.2,89.1
02,30,00,19,24.3,89.1
02,31,00,10,24.3,88.9
02,32,00,25,24.4,88.9
02,33,00,23,24.4,88.8
02,34,00,42,24.4,88.8
02,35,00,19,24.5,88.4
02,36,00,25,24.5,87.5
02,37,00,28,24.5,87.7
02,38,00,33,24.5,88.1
02,39,00,33,24.5,88.3
02,40,00,49,24.5,88.5
02,41,00,29,24.4,88.9
02,42,00,36,24.4,88.1
02,43,00,12,24.4,88.2
02,44,00,41,24.4,88.2
02,45,00,36,24.4,88
02,46,00,32,24.4,88
02,47,00,43,24.4,88.2
02,48,00,16,24.4,88.1
02,49,00,27,24.3,88.5
02,50,00,35,24.3,88.6
02,51,00,15,24.4,88
02,52,00,27,24.4,88.3
02,53,00,31,24.3,88.3
02,54,00,20,24.3,88.3
02,55,00,56,24.3,88.1
02,56,00,32,24.3,87.9
02,57,00,33,24.4,87.9
02,58,00,25,24.4,88.1
02,59,00,54,24.4,88.4
03,00,00,18,24.3,88.5
03,01,00,38,24.3,88.6
03,02,00,29,24.3,88.4
03,03,00,25,24.3,88
03,04,00,20,24.4,88.3
03,05,00,50,24.4,88.4
03,06,00,37,24.4,88.4
03,07,00,15,24.4,88.6
03,08,00,44,24.4,88.8
03,09,00,22,24.3,89.2
03,10,00,26,24.2,89.4
03,11,00,23,24.2,89.7
03,12,00,57,24.2,89.8
03,13,00,18,24.1,89.6
03,14,00,30,24.1,89.5
03,15,00,34,24.1,89.6
03,16,00,26,24.1,89.6
03,17,00,42,24.1,89.8
03,18,00,44,24.2,89.5
03,19,00,26,24.2,89.2
03,20,00,34,24.3,89.2
03,21,00,32,24.3,89.1
03,22,00,39,24.3,88.7
03,23,00,38,24.3,89
03,24,00,22,24.2,88.9
03,25,00,27,24.2,88.9
03,26,00,45,24.2,89.3
03,27,00,28,24.2,89.2
03,28,00,54,24.2,89.2
03,29,00,40,24.2,89
03,30,00,44,24.3,89
03,31,00,19,24.3,88.6
03,32,00,38,24.4,88.6
03,33,00,24,24.3,89.1
03,34,00,29,24.2,89.6
03,35,00,26,24.3,89.9
03,36,00,25,24.2,89.4
03,37,00,23,24.2,89.6
03,38,00,26,24.2,89.5
03,39,00,11,24.3,89
03,40,00,20,24.2,88.6
03,41,00,44,24.1,88.9
03,42,00,30,24.1,89
03,43,00,30,24.2,88.6
03,44,00,25,24.2,88.8
03,45,00,13,24.3,88.7
03,46,00,36,24.3,88.9
03,47,00,31,24.3,89
03,48,00,54,24.3,89.1
03,49,00,39,24.4,89.1
03,50,00,31,24.3,88.9
03,51,00,33,24.2,89.2
03,52,00,29,24.3,89.1
03,53,00,38,24.4,88.6
03,54,00,33,24.3,88.4
03,55,00,23,24.3,88.7
03,56,00,32,24.3,88.4
03,57,00,26,24.3,88.9
03,58,00,31,24.3,89.1
03,59,00,27,24.3,88.7
04,00,00,55,24.3,88.6
04,01,00,31,24.3,88.6
04,02,00,30,24.3,88.8
04,03,00,27,24.2,88.8
04,04,00,33,24.2,89
04,05,00,49,24.2,88.8
04,06,00,21,24.2,88.8
04,07,00,31,24.2,88.9
04,08,00,30,24.2,88.9
04,09,00,30,24.2,88.9
04,10,00,22,24.2,88.9
04,11,00,15,24.2,89
04,12,00,34,24.2,88.9
04,13,00,35,24.1,88.7
04,14,00,33,24.1,88.9
04,15,00,26,24.1,88.9
04,16,00,14,24.1,89
04,17,00,49,24.2,89.1
04,18,00,17,24.1,88.8
04,19,00,50,24.2,89.1
04,20,00,30,24.2,88.9
04,21,00,24,24.2,88.9
04,22,00,49,24.1,89.1
04,23,00,39,24.1,89
04,24,00,30,24,89.3
04,25,00,41,24,89.5
04,26,00,53,24,89.3
04,27,00,22,24,89.2
04,28,00,33,24,89
04,29,00,33,24,89.2
04,30,00,41,24,89.3
04,31,00,17,24,89.2
04,32,00,41,23.9,89.1
04,33,00,18,23.9,89.8
04,34,00,38,23.9,89.2
04,35,00,42,23.8,89.5
04,36,00,25,23.9,89.2
04,37,00,32,24,89.3
04,38,00,39,24,89.2
04,39,00,35,24,89.3
04,40,00,32,24,89.4
04,41,00,51,24.1,89.5
04,42,00,17,24.1,89.3
04,43,00,18,24,89
04,44,00,19,24,88.8
04,45,00,34,24,89
04,46,00,15,24,89.2
04,47,00,42,24,89.2
04,48,00,10,24,89.1
04,49,00,30,24,89.2
04,50,00,31,24,89.3
04,51,00,32,24,89.1
04,52,00,22,24,89.2
04,53,00,25,24,89.2
04,54,00,38,24,89
04,55,00,30,24,89.4
04,56,00,36,24,89.5
04,57,00,31,24,89.6
04,58,00,22,24,89.7
04,59,00,29,24,89.5
05,00,00,35,24,89.5
05,01,00,32,24.1,89.5
05,02,00,49,24.1,89.4
05,03,00,41,24.1,89.5
05,04,00,34,24.1,89.3
05,05,00,32,24.2,89.4
05,06,00,41,24.1,89.3
05,07,00,27,24.1,89.3
05,08,00,38,24.1,89.8
05,09,00,33,24,89.8
05,10,00,37,24,89.7
05,11,00,21,24.1,89.9
05,12,00,17,24.1,89.8
05,13,00,58,24.1,89.7
05,14,00,33,24.1,89.6
05,15,00,22,24.1,89.5
05,16,00,26,24.1,89.6
05,17,00,12,24.1,89.5
05,18,00,21,24.1,89.5
05,19,00,17,24.1,89.5
05,20,00,22,24.2,89.6
05,21,00,29,24.1,89.4
05,22,00,36,24.2,89.2
05,23,00,30,24.2,89.2
05,24,00,29,24.2,89.4
05,25,00,29,24.2,89.4
05,26,00,31,24.2,89.1
05,27,00,35,24.2,89
05,28,00,30,24.1,88.9
05,29,00,28,24.1,89.1
05,30,00,27,24.1,89
05,31,00,40,24.1,88.9
05,32,00,31,24.1,89.1
05,33,00,32,24.1,89.1
05,34,00,17,24.1,88.7
05,35,00,40,24.1,88.7
05,36,00,57,24,88.9
05,37,00,18,24,88.9
05,38,00,25,23.9,89.2
05,39,00,42,23.9,89
05,40,00,6,23.9,89
05,41,00,26,23.9,89
05,42,00,29,23.9,89
05,43,00,53,23.9,89.1
05,44,00,21,23.9,89.1
05,45,00,24,24,88.8
05,46,00,9,24,88.7
05,47,00,30,24,88.9
05,48,00,27,24,88.9
05,49,00,22,24,88.8
05,50,00,31,24,88.7
05,51,00,28,24,88.7
05,52,00,34,24,88.8
05,53,00,30,24,88.9
05,54,00,32,24,88.8
05,55,00,31,24,88.8
05,56,00,24,24,88.7
05,57,00,21,24,88.6
05,58,00,45,24,88.7
05,59,00,26,24,88.6
06,00,00,44,24,88.6
06,01,00,34,24,88.6
06,02,00,29,23.9,88.8
06,03,00,27,23.9,88.9
06,04,00,27,23.9,89.2
06,05,00,42,23.9,89.1
06,06,00,47,24,88.8
06,07,00,27,24,89
06,08,00,34,24,89.1
06,09,00,44,24,89.3
06,10,00,49,24,89.3
06,11,00,45,24,89.4
06,12,00,23,24.1,89.3
06,13,00,22,24.1,89.3
06,14,00,33,24.1,89.1
06,15,00,30,24.1,89.2
06,16,00,37,24.1,89.3
06,17,00,34,24.2,89.5
06,18,00,38,24.2,89.2
06,19,00,37,24.2,89.1
06,20,00,18,24.3,89.2
06,21,00,36,24.4,89
06,22,00,57,24.4,88.7
06,23,00,16,24.5,88.6
06,24,00,42,24.5,88.6
06,25,00,57,24.5,88.6
06,26,00,45,24.5,89
06,27,00,30,24.5,89.2
06,28,00,39,24.6,88.8
06,29,00,36,24.6,88.4
06,30,00,46,24.6,89.1
06,31,00,32,24.5,89.2
06,32,00,24,24.5,89.8
06,33,00,48,24.5,89.5
06,34,00,29,24.6,89.5
06,35,00,24,24.7,89.3
06,36,00,27,24.7,88.3
06,37,00,44,24.8,88.4
06,38,00,30,24.8,88.4
06,39,00,40,24.9,88.3
06,40,00,61,25,87.1
06,41,00,40,25,87.6
06,42,00,45,25,87.7
06,43,00,52,25.1,87.2
06,44,00,47,25.2,87.3
06,45,00,60,25.2,87.5
06,46,00,40,25.2,87.6
06,47,00,26,25.3,87.4
06,48,00,51,25.3,87.4
06,49,00,27,25.4,88
06,50,00,44,25.4,87.2
06,51,00,18,25.4,87.3
06,52,00,38,25.4,87.5
06,53,00,51,25.5,87.4
06,54,00,26,25.5,87.4
06,55,00,35,25.5,87.5
06,56,00,42,25.5,87.3
06,57,00,54,25.5,86.8
06,58,00,26,25.6,86.7
06,59,00,33,25.6,86.6
07,00,00,54,25.7,86.7
07,01,00,40,25.7,85.7
07,02,00,55,25.6,86.3
07,03,00,43,25.7,86.3
07,04,00,40,25.7,85.9
07,05,00,27,25.8,85.9
07,06,00,55,25.9,85.9
07,07,00,44,25.9,85.3
07,08,00,34,26,85.3
07,09,00,57,26,84.5
07,10,00,36,26.1,82.6
07,11,00,57,26.2,82.7
07,12,00,49,26.2,82.9
07,13,00,64,26.1,83
07,14,00,51,26.1,82.3
07,15,00,23,26.1,83.1
07,16,00,48,26.2,83.1
07,17,00,45,26.2,84
07,18,00,47,26.2,84.4
07,19,00,31,26.2,83.5
07,20,00,58,26.3,83.8
07,21,00,32,26.3,83
07,22,00,64,26.3,82.9
07,23,00,29,26.4,82.8
07,24,00,63,26.3,81.8
07,25,00,31,26.3,82.6
07,26,00,39,26.3,82.2
07,27,00,55,26.3,82.6
07,28,00,33,26.4,82.9
07,29,00,48,26.4,82.6
07,30,00,41,26.5,82.5
07,31,00,44,26.5,82
07,32,00,50,26.4,83
07,33,00,36,26.3,83.7
07,34,00,32,26.3,82.6
07,35,00,55,26.3,83.3
07,36,00,25,26.4,82.9
07,37,00,46,26.5,82.9
07,38,00,36,26.6,82.8
07,39,00,44,26.6,81.9
07,40,00,21,26.6,81
07,41,00,39,26.5,81
07,42,00,35,26.4,81.6
07,43,00,49,26.4,81.8
07,44,00,41,26.6,81.9
07,45,00,56,26.4,80.5
07,46,00,69,26.3,81
07,47,00,57,26.4,80.9
07,48,00,41,26.5,80
07,49,00,57,26.5,79.9
07,50,00,33,26.6,79.6
07,51,00,45,26.6,79.7
07,52,00,47,26.6,80
07,53,00,21,26.6,80.1
07,54,00,22,26.6,80.6
07,55,00,53,26.7,81.4
07,56,00,57,26.6,80.2
07,57,00,39,26.5,80.2
07,58,00,70,26.5,79.5
07,59,00,56,26.5,79.8
08,00,00,56,26.6,79.3
08,01,00,50,26.6,79.2
08,02,00,51,26.6,78.4
08,03,00,49,26.5,78.4
08,04,00,53,26.4,79.3
08,05,00,70,26.4,78.6
08,06,00,49,26.6,78.7
08,07,00,50,26.6,78.7
08,08,00,46,26.8,80.4
08,09,00,51,26.9,79.9
08,10,00,56,26.9,79.4
08,11,00,48,27.1,78.9
08,12,00,44,27.2,77.5
08,13,00,41,27.2,76.7
08,14,00,52,27.3,76.9
08,15,00,44,27.3,78
08,16,00,58,27.4,78.3
08,19,00,47,27.2,77
08,20,00,33,27.3,77.8
08,21,00,47,27.5,77.7
08,22,00,50,27.6,77.6
08,23,00,32,27.6,78.6
08,24,00,32,27.7,78.6
08,25,00,50,27.8,78.4
08,26,00,40,27.9,78.4
08,27,00,58,27.8,77
08,28,00,40,27.8,77.8
08,29,00,53,27.9,77.7
08,30,00,33,27.9,77.9
08,31,00,63,27.9,77
08,32,00,48,27.9,77.2
08,33,00,43,27.9,75.9
08,34,00,55,27.9,75.6
08,35,00,59,27.8,76.1
08,36,00,64,27.8,76.5
08,37,00,24,27.9,75.8
08,38,00,34,27.8,75.7
08,39,00,33,27.7,76.5
08,40,00,45,27.7,77.5
08,41,00,55,27.8,77.8
08,42,00,53,27.8,78.1
08,43,00,15,27.9,77.6
08,44,00,69,28,77.8
08,45,00,46,28,78.1
08,46,00,41,28.1,78.8
08,47,00,27,28.1,78.2
08,48,00,58,28,76.4
08,49,00,49,28,74.7
08,50,00,42,27.8,74.9
08,51,00,36,27.7,76.1
08,52,00,39,27.8,75.6
08,53,00,31,27.9,76.7
08,54,00,39,27.9,76.1
08,55,00,24,27.8,77.3
08,56,00,28,27.8,75.4
08,57,00,50,27.8,75.8
08,59,00,30,27.8,77.7
09,00,00,39,27.8,79.7
09,01,00,44,27.9,79.4
09,02,00,38,27.9,77.4
09,03,00,76,27.9,78.9
09,04,00,34,27.9,78.6
09,05,00,31,27.8,78.8
09,06,00,36,27.7,80.3
09,07,00,71,27.7,79.2
09,08,00,59,27.8,77.5
09,09,00,49,27.8,76.7
09,10,00,59,27.9,76.5
09,11,00,55,28,76.2
09,12,00,23,28,76.1
09,13,00,53,28,76.7
09,14,00,40,28,78.3
09,15,00,34,28,78.9
09,16,00,32,27.9,77.3
09,17,00,41,27.9,76
09,18,00,35,27.9,76.4
09,19,00,69,27.9,76.9
09,20,00,36,27.9,76.3
09,21,00,56,27.8,75.1
09,22,00,35,27.8,75
09,23,00,37,27.8,76
09,24,00,37,27.8,75.7
09,25,00,32,27.7,75.3
09,26,00,31,27.6,75.7
09,27,00,71,27.6,76.6
09,28,00,45,27.6,77.7
09,30,00,56,27.9,78.2
09,31,00,28,28.1,78.4
09,32,00,22,28.1,76.2
09,33,00,40,28.1,76.7
09,34,00,53,28.2,77.2
09,35,00,47,28.3,76.7
09,36,00,36,28.4,76.5
09,37,00,61,28.5,76.5
09,38,00,34,28.5,75.4
09,39,00,54,28.5,76.1
09,40,00,67,28.5,75.1
09,41,00,67,28.5,76
09,42,00,43,28.6,75
09,43,00,48,28.6,74.6
09,44,00,54,28.7,74.7
09,45,00,56,28.7,75.7
09,47,00,56,28.5,75.5
09,48,00,50,28.5,76.2
09,49,00,37,28.6,77
09,50,00,43,28.7,76.7
09,51,00,48,28.8,74.3
09,52,00,43,28.7,74.8
09,53,00,49,28.8,74.8
09,54,00,87,28.9,74.2
09,55,00,37,29,75.4
09,56,00,53,29,75.4
09,57,00,52,29.1,76.2
09,58,00,35,29.2,75.9
09,59,00,48,29.3,75.1
10,00,00,77,29.4,74.6
10,01,00,50,29.4,75.5
10,02,00,57,29.3,76.1
10,03,00,41,29.3,75.6
10,04,00,36,29.3,75.2
10,05,00,46,29.4,76.3
10,06,00,50,29.4,76.1
10,07,00,56,29.4,74.1
10,08,00,42,29.4,73.7
10,09,00,59,29.4,73.7
10,10,00,53,29.4,72.3
10,12,00,66,29.5,74.8
10,13,00,43,29.5,74.5
10,14,00,60,29.5,74.7
10,15,00,73,29.5,74.5
10,16,00,63,29.4,73.7
10,17,00,47,29.4,73.3
10,18,00,68,29.3,71.8
10,19,00,54,29.2,73.1
10,20,00,64,29.1,74.1
10,21,00,33,29.2,73.8
10,22,00,58,29,73.1
10,23,00,69,29,73.1
10,24,00,59,29.1,73.1
10,25,00,51,29.2,73.3
10,26,00,35,29.4,73.6
10,27,00,35,29.6,73.2
10,28,00,46,29.7,73.1
10,29,00,69,29.7,73.5
10,30,00,69,29.7,72.4
10,31,00,69,29.7,71.2
10,32,00,43,29.8,71.2
10,33,00,67,29.8,71.7
10,34,00,57,29.8,73.2
10,35,00,49,29.8,73.7
10,36,00,44,29.8,73.7
10,37,00,68,29.8,75
10,38,00,45,29.7,72.7
10,39,00,41,29.7,74.4
10,40,00,56,29.5,72.1
10,41,00,30,29.4,72.4
10,42,00,53,29.4,72.6
10,43,00,70,29.5,72.8
10,44,00,84,29.5,72.2
10,45,00,59,29.5,70.5
10,46,00,56,29.4,71
10,47,00,78,29.4,71.6
10,48,00,59,29.4,72
10,49,00,39,29.3,72.4
10,50,00,71,29,71.3
10,51,00,61,28.9,73.1
10,52,00,73,28.9,73.7
10,53,00,27,29,72.1
10,54,00,26,29,73.1
10,55,00,61,29.1,72.6
10,56,00,42,29.1,71.7
10,57,00,45,29.1,70.3
10,58,00,43,29.3,69.8
10,59,00,47,29.2,70.6
11,00,00,28,29.2,71.3
11,01,00,49,29.3,72.6
11,02,00,26,29.4,72
11,03,00,48,29.4,72.7
11,04,00,48,29.4,73.4
11,05,00,42,29.4,71.2
11,06,00,50,29.3,70.3
11,07,00,52,29.3,69.8
11,08,00,55,29.3,69.9
11,09,00,32,29.4,70.6
11,10,00,45,29.4,70.2
11,11,00,40,29.4,70.2
11,12,00,26,29.5,70.6
11,13,00,65,29.4,70.9
11,14,00,51,29.4,71.8
11,15,00,55,29.4,72.1
11,16,00,31,29.4,71.9
11,17,00,51,29.4,72
11,18,00,40,29.4,71.4
11,19,00,54,29.2,70.9
11,20,00,45,29.2,72.3
11,21,00,41,29.3,72.7
11,22,00,45,29.3,71.6
11,23,00,43,29.3,71.4
11,24,00,39,29.3,72.9
11,25,00,53,29.2,72.7
11,26,00,25,29.3,73.7
11,27,00,17,29.3,74.2
11,28,00,64,29.3,74
11,29,00,58,29.2,73.8
11,30,00,40,29.1,72.8
11,31,00,43,29.2,72.4
11,32,00,57,29.1,72.5
11,33,00,34,29.1,72
11,34,00,68,29,72.6
11,35,00,49,29,72.7
11,36,00,26,29,72.8
11,37,00,47,29.1,72.9
11,38,00,45,29.1,71.8
11,39,00,39,29.1,73.2
11,40,00,63,29,73.3
11,41,00,43,29.1,73.1
11,42,00,32,29.1,71.1
11,43,00,48,29.1,71.6
11,44,00,44,29.1,71.7
11,45,00,54,29.1,72.1
11,46,00,44,29.1,72.6
11,47,00,32,29.1,72.7
11,48,00,41,29.1,71.9
11,49,00,40,29.1,72.3
11,50,00,41,29.2,72.9
11,51,00,36,29.2,71.7
11,52,00,46,29.3,71.4
11,53,00,53,29.3,70.8
11,54,00,32,29.3,71.3
11,55,00,41,29.3,71.7
11,56,00,28,29.3,72.7
11,57,00,49,29.3,72.7
11,58,00,38,29.4,73.5
11,59,00,49,29.4,74.8
12,00,00,52,29.4,74.7
12,01,00,59,29.3,71.7
12,02,00,62,29.3,72.7
12,03,00,29,29.4,73.2
12,04,00,52,29.4,72.9
12,05,00,43,29.4,73
12,06,00,37,29.5,72.5
12,07,00,50,29.5,72.3
12,08,00,48,29.6,71.2
12,09,00,45,29.6,72.5
12,10,00,35,29.6,71.5
12,11,00,51,29.7,70.2
12,12,00,30,29.6,69.7
12,13,00,57,29.6,70.6
12,14,00,53,29.6,71.8
12,15,00,50,29.6,72.3
12,16,00,50,29.7,72.6
12,17,00,67,29.7,72.3
12,18,00,59,29.7,73
12,19,00,50,29.7,70.9
12,20,00,55,29.7,70.1
12,21,00,60,29.7,71.1
12,22,00,42,29.8,71.4
12,23,00,59,29.9,69.6
12,24,00,48,29.9,69.9
12,25,00,59,30,69.8
12,26,00,45,29.9,69.3
12,27,00,38,30,68.4
12,28,00,37,30,68.9
12,29,00,35,30,68.7
12,30,00,73,29.9,67.6
12,31,00,57,30,68.5
12,32,00,55,30,67.8
12,33,00,58,30,66.2
12,34,00,52,29.8,66.9
12,35,00,39,29.7,68.5
12,36,00,64,29.6,67.1
12,37,00,55,29.6,67.2
12,38,00,56,29.6,66.8
12,39,00,48,29.6,66.5
12,40,00,57,29.7,66.1
12,41,00,73,29.8,65.9
12,42,00,57,29.9,65.9
12,43,00,47,30,66.7
12,44,00,47,30.1,67.2
12,45,00,65,30.1,66.4
12,46,00,57,30.2,67.5
12,47,00,38,30.3,67.3
12,48,00,63,30.3,66
12,49,00,37,30.2,66.5
12,50,00,47,30.2,65.1
12,51,00,37,30.2,65.5
12,52,00,48,30.1,66.6
12,53,00,58,30.2,67.1
12,54,00,45,30.2,65.3
12,55,00,44,30.2,66.7
12,56,00,51,30.2,67.8
12,57,00,43,30.2,68.2
12,58,00,51,30.3,68.5
12,59,00,60,30.3,66.8
13,00,00,52,30.4,68.6
13,01,00,99,30.5,69.1
13,02,00,65,30.5,68.5
13,03,00,63,30.6,67.5
13,04,00,23,30.5,69.2
13,05,00,47,30.5,68.3
13,06,00,52,30.5,68.1
13,07,00,74,30.6,69.2
13,08,00,59,30.5,67.3
13,09,00,38,30.6,67.1
13,10,00,49,30.6,67.6
13,11,00,42,30.5,68.3
13,12,00,73,30.6,69.1
13,13,00,66,30.7,69
13,14,00,47,30.7,69.3
13,15,00,85,30.7,68.9
13,16,00,102,30.7,69.1
13,17,00,40,30.7,68.9
13,18,00,51,30.6,67.5
13,19,00,43,30.6,67.2
13,20,00,43,30.7,67.8
13,21,00,35,30.7,68.9
13,22,00,61,30.7,66
13,23,00,56,30.7,65.9
13,24,00,67,30.7,64.3
13,25,00,50,30.6,64.8
13,26,00,31,30.6,64.5
13,27,00,52,30.6,64.7
13,28,00,42,30.6,62.9
13,29,00,51,30.3,63.7
13,30,00,76,30.4,63.5
13,31,00,48,30.3,63.4
13,32,00,48,30.3,64.1
13,33,00,31,30.4,64.7
13,35,00,37,30.4,65
13,36,00,71,30.4,64.3
13,37,00,53,30.5,64.2
13,38,00,59,30.5,64.9
13,39,00,56,30.5,63.7
13,40,00,55,30.5,64.8
13,41,00,62,30.6,65.2
13,42,00,36,30.6,65.4
13,43,00,57,30.6,65.5
13,44,00,53,30.6,64.4
13,45,00,70,30.6,64.5
13,46,00,58,30.6,63.9
13,47,00,55,30.7,64.7
13,48,00,56,30.7,65.1
13,49,00,55,30.7,65.7
13,50,00,47,30.7,65
13,51,00,54,30.7,65.5
13,52,00,47,30.7,64.9
13,53,00,25,30.7,65
13,54,00,37,30.7,62
13,55,00,60,30.7,61.8
13,56,00,55,30.8,62.5
13,57,00,41,30.7,62.6
13,58,00,34,30.6,64.1
13,59,00,57,30.4,64.6
14,00,00,51,30.4,65
14,01,00,31,30.4,64.5
14,02,00,49,30.5,63.3
14,03,00,40,30.6,62.7
14,04,00,40,30.4,62.3
14,05,00,48,30.4,63.6
14,06,00,51,30.4,63.2
14,07,00,63,30.5,63.5
14,08,00,59,30.6,63
14,09,00,45,30.5,62.4
14,11,00,44,30.4,64.2
14,12,00,40,30.5,63
14,13,00,47,30.5,63.5
14,14,00,57,30.5,62.3
14,15,00,61,30.5,63.2
14,16,00,63,30.6,62
14,17,00,33,30.6,61.4
14,18,00,67,30.5,62.6
14,19,00,52,30.6,62.1
14,20,00,47,30.6,61.9
14,21,00,51,30.6,61.9
14,22,00,66,30.7,62.2
14,23,00,48,30.7,62.4
14,24,00,41,30.7,62.6
14,25,00,53,30.7,62.7
14,26,00,52,30.7,62
14,27,00,52,30.7,64.1
14,28,00,29,30.8,63.4
14,29,00,46,30.8,63.5
14,30,00,42,30.8,64
14,31,00,50,30.8,62.9
14,32,00,37,30.6,61.8
14,33,00,54,30.6,62.4
14,34,00,55,30.7,62.9
14,35,00,47,30.7,62.4
14,36,00,48,30.8,63.3
14,37,00,49,30.8,62.7
14,38,00,64,30.7,62.9
14,39,00,34,30.7,63.1
14,40,00,46,30.7,63.5
14,41,00,62,30.7,63
14,42,00,37,30.8,63.7
14,43,00,34,30.8,62.9
14,44,00,66,30.9,63.1
14,45,00,51,30.9,63.2
14,46,00,54,31,63.1
14,47,00,29,31,63.1
14,48,00,46,31.1,62.6
14,49,00,58,31.1,60.2
14,50,00,48,31.1,61.1
14,51,00,65,31.1,61.2
14,52,00,61,31.1,61.1
14,53,00,46,31.1,61.6
14,54,00,44,31,61.1
14,55,00,59,31,63.4
14,56,00,48,31,63
14,57,00,26,31,64.1
14,58,00,53,31,61.9
14,59,00,35,30.9,62.6
15,00,00,30,30.9,64.1
15,01,00,43,30.9,65.5
15,02,00,42,31,65.2
15,03,00,51,30.9,65.4
15,04,00,38,30.9,64.5
15,05,00,48,31,63.7
15,06,00,60,31,63
15,07,00,46,31,62.8
15,08,00,51,30.9,64.8
15,09,00,29,30.9,65.2
15,10,00,37,30.9,63.8
15,11,00,28,30.9,63.1
15,12,00,46,30.9,63.6
15,13,00,40,30.9,62.7
15,14,00,54,30.9,64.1
15,15,00,51,30.9,64.1
15,16,00,32,30.9,63.8
15,17,00,55,30.9,64.2
15,18,00,54,30.9,64.5
15,19,00,25,30.8,65
15,20,00,27,30.8,65.3
15,21,00,32,30.6,65.5
15,22,00,12,30.6,66
15,23,00,20,30.5,66.2
15,24,00,29,30.5,64.9
15,25,00,35,30.5,66.3
15,26,00,32,30.5,65.8
15,27,00,32,30.4,65.6
15,28,00,31,30.4,65
15,29,00,35,30.3,65.6
15,30,00,27,30.3,65.1
15,31,00,40,30.4,66.2
15,32,00,31,30.3,66.6
15,33,00,24,30.3,66.5
15,34,00,32,30.2,67
15,35,00,23,30.1,67.3
15,36,00,22,30,68.2
15,37,00,35,30,67.6
15,39,00,19,30,68
15,40,00,31,30,68.5
15,41,00,27,29.9,69.1
15,42,00,42,29.9,68.7
15,43,00,39,29.9,69.7
15,44,00,43,29.9,69.6
15,45,00,34,29.9,69.6
15,46,00,61,29.9,70.6
15,47,00,36,29.8,69.9
15,48,00,13,29.7,70.1
15,49,00,25,29.7,70.7
15,50,00,29,29.7,70.2
15,51,00,42,29.7,70.1
15,52,00,38,29.6,70.3
15,53,00,30,29.7,71
15,54,00,31,29.6,71.2
15,55,00,10,29.6,71.3
15,56,00,21,29.5,71.9
15,57,00,30,29.5,71.3
15,58,00,20,29.5,71.3
15,59,00,33,29.4,71.2
16,00,00,20,29.3,71.1
16,01,00,23,29.3,72.2
16,02,00,27,29.4,72.1
16,03,00,36,29.4,71.5
16,04,00,25,29.3,71.3
16,05,00,26,29.3,71.3
16,06,00,24,29.3,71.5
16,07,00,27,29.3,72.3
16,08,00,54,29.3,72.4
16,09,00,29,29.2,71.6
16,10,00,34,29.3,72.1
16,11,00,39,29.3,72.3
16,12,00,18,29.4,71.4
16,13,00,43,29.4,71.1
16,14,00,37,29.4,71.3
16,15,00,66,29.4,71.5
16,16,00,29,29.3,72.4
16,17,00,42,29.2,72.1
16,18,00,26,29.2,71.5
16,19,00,30,29.1,70.6
16,20,00,33,29.1,70.5
16,21,00,25,29,71.2
16,22,00,34,29,71.6
16,23,00,35,28.9,72.3
16,24,00,36,28.9,72.7
16,25,00,32,28.8,71.6
16,26,00,20,28.8,71.2
16,27,00,47,28.7,72
16,28,00,36,28.6,71.7
16,29,00,36,28.6,71.1
16,30,00,32,28.6,70.8
16,31,00,38,28.6,70.9
16,32,00,30,28.5,72.1
16,33,00,24,28.5,71.7
16,34,00,24,28.5,72
16,35,00,31,28.5,72.3
16,36,00,29,28.3,71.8
16,37,00,24,28.3,72.8
16,38,00,18,28.2,71.4
16,39,00,29,28.1,72.1
16,40,00,28,28,72.4
16,41,00,36,27.9,71.6
16,42,00,23,27.9,71.8
16,43,00,20,27.9,72.2
16,44,00,11,27.8,72.4
16,45,00,23,27.8,72.9
16,46,00,17,27.7,71.9
16,47,00,39,27.7,72.6
16,48,00,16,27.8,72.5
16,49,00,8,27.9,73.1
16,50,00,19,27.8,73
16,51,00,21,27.6,73.5
16,52,00,44,27.6,74
16,53,00,35,27.6,73.7
16,54,00,40,27.6,74.5
16,55,00,23,27.5,75
16,56,00,28,27.5,75.1
16,57,00,31,27.5,75.1
16,58,00,17,27.4,75.8
16,59,00,35,27.2,78
17,00,00,26,27.2,79.2
17,01,00,25,27.2,78.8
17,02,00,38,27.2,79.1
17,03,00,24,27.1,78
17,04,00,30,26.9,78.2
17,05,00,17,26.9,78.9
17,06,00,28,26.9,78.4
17,07,00,28,26.9,79.4
17,08,00,17,26.9,79.2
17,09,00,30,26.8,79.5
17,10,00,20,26.7,80.6
17,11,00,18,26.5,79.8
17,12,00,41,26.6,80.6
17,13,00,25,26.5,80.4
17,14,00,25,26.4,81.7
17,15,00,25,26.5,81.3
17,16,00,25,26.5,80.4
17,17,00,21,26.4,80.7
17,18,00,36,26.3,80.3
17,19,00,22,26.3,80.6
17,20,00,24,26.3,80.5
17,21,00,19,26.4,81.3
17,22,00,26,26.3,80.8
17,23,00,15,26.4,82.3
17,24,00,24,26.3,80.2
17,25,00,16,26.4,81.7
17,26,00,30,26.5,82.2
17,27,00,29,26.5,83.2
17,28,00,42,26.4,83
17,29,00,31,26.4,84.2
17,30,00,43,26.2,83.9
17,31,00,30,26,85.3
17,32,00,22,25.9,85.6
17,33,00,18,25.8,85.8
17,34,00,50,25.9,85.1
17,35,00,19,25.8,85
17,36,00,31,25.8,85.7
17,37,00,24,25.8,84.8
17,38,00,17,25.9,84.7
17,39,00,34,25.8,84.8
17,40,00,32,25.9,85
17,41,00,26,25.9,84.6
17,42,00,44,25.8,84.2
17,43,00,30,25.7,84.9
17,44,00,38,25.8,84.3
17,45,00,44,25.6,84.6
17,46,00,30,25.7,84.4
17,47,00,14,25.7,85.2
17,48,00,30,25.7,85.4
17,49,00,32,25.8,84.4
17,50,00,36,25.7,84.5
17,51,00,29,25.5,85.4
17,52,00,29,25.4,85.4
17,53,00,34,25.6,85.7
17,54,00,38,25.6,84.9
17,55,00,43,25.5,84.8
17,56,00,37,25.5,85.9
17,57,00,32,25.6,85.7
17,58,00,10,25.6,85
17,59,00,20,25.6,84.8
18,00,00,41,25.6,85.7
18,01,00,32,25.6,85.6
18,02,00,38,25.6,85.1
18,03,00,34,25.5,85.4
18,04,00,40,25.6,85.5
18,05,00,43,25.5,85.8
18,06,00,25,25.5,85.7
18,07,00,34,25.5,86.2
18,08,00,27,25.6,86.3
18,09,00,27,25.5,85.7
18,10,00,33,25.6,84.9
18,11,00,34,25.7,84.7
18,12,00,31,25.7,84.8
18,13,00,34,25.5,83.6
18,14,00,25,25.4,84.7
18,15,00,27,25.3,84.4
18,16,00,13,25.2,85.4
18,17,00,28,25.3,86
18,18,00,26,25.2,85.6
18,19,00,36,25.2,86
18,20,00,30,25.1,85.9
18,21,00,31,25.1,86.5
18,22,00,25,25.1,86.3
18,23,00,18,25,86.5
18,24,00,41,25,86.5
18,25,00,17,24.9,87
18,26,00,24,24.9,86.9
18,27,00,35,24.9,86.6
18,28,00,39,24.9,86.3
18,29,00,30,24.9,85.9
18,30,00,21,25,86.3
18,31,00,36,24.9,86.4
18,32,00,21,24.9,86
18,33,00,24,24.9,85.7
18,34,00,18,25,86.2
18,35,00,32,24.9,86.1
18,36,00,28,24.9,86.8
18,37,00,22,25,86.5
18,38,00,21,24.9,86.3
18,39,00,47,24.9,86.5
18,40,00,38,24.8,86.1
18,41,00,34,24.8,87.3
18,42,00,30,24.9,87.5
18,43,00,45,25.1,86.4
18,44,00,40,25.1,86.3
18,45,00,25,25.1,86.3
18,46,00,31,25.2,86.1
18,47,00,47,25.2,86.1
18,48,00,39,25.1,85.6
18,49,00,25,25.1,86.3
18,50,00,19,25.2,86.9
18,51,00,41,25.2,86.9
18,52,00,26,25.1,87.3
18,53,00,27,25.1,87.5
18,54,00,48,25.1,87.6
18,55,00,30,25,87.7
18,56,00,35,24.9,87.6
18,57,00,17,24.9,87.4
18,58,00,38,25,86.9
18,59,00,21,25,86.8
19,00,00,27,25.1,86.9
19,01,00,40,25.1,86.6
19,02,00,16,25,87.1
19,03,00,42,25.1,87.4
19,04,00,33,25,87.3
19,05,00,27,25,87.8
19,06,00,20,25.1,87.7
19,07,00,27,25.2,87.4
19,08,00,19,25.2,87.6
19,09,00,13,25.1,87.9
19,10,00,33,25.2,87.6
19,11,00,44,25.2,87.3
19,12,00,34,25.3,87.5
19,13,00,29,25.3,87.4
19,14,00,27,25.2,87
19,15,00,40,25.2,87.1
19,16,00,26,25.2,86.9
19,17,00,58,25.3,86.9
19,18,00,19,25.3,87.3
19,19,00,19,25.3,86.7
19,20,00,41,25.4,86.8
19,21,00,27,25.4,86.8
19,22,00,36,25.3,86.7
19,23,00,20,25.3,86.8
19,24,00,32,25.1,86.9
19,25,00,19,25.1,87.1
19,26,00,20,25.1,87.2
19,27,00,27,25.2,87.2
19,28,00,25,25.1,87
19,29,00,24,25.1,87.5
19,30,00,27,25,87.4
19,31,00,26,25,87.2
19,32,00,34,25,87.4
19,33,00,18,25,87.6
19,34,00,24,25,87.7
19,35,00,23,24.9,87.8
19,36,00,27,24.9,87.9
19,37,00,24,24.8,88.2
19,38,00,24,24.8,88
19,39,00,17,24.9,88.2
19,40,00,33,24.9,87.9
19,41,00,35,24.9,88.2
19,42,00,16,24.9,88.3
19,43,00,19,24.9,88.2
19,44,00,24,24.8,88.3
19,45,00,16,24.8,88.6
19,46,00,19,24.8,88.7
19,47,00,29,24.8,88.7
19,48,00,27,24.7,89.1
19,49,00,11,24.7,88.9
19,50,00,37,24.7,89.1
19,51,00,33,24.7,88.9
19,52,00,31,24.6,89.2
19,53,00,46,24.6,89.5
19,54,00,37,24.6,89.3
19,55,00,30,24.6,89.2
19,56,00,36,24.5,89.4
19,57,00,29,24.5,89.5
19,59,00,28,24.6,89.2
20,00,00,31,24.7,88.9
20,01,00,45,24.7,88.6
20,02,00,19,24.6,88.8
20,03,00,21,24.6,88.9
20,04,00,41,24.6,89.5
20,05,00,28,24.5,89.2
20,06,00,35,24.5,89.3
20,07,00,25,24.5,88.9
20,08,00,31,24.6,89.2
20,09,00,48,24.7,89.1
20,11,00,49,24.6,88.7
20,12,00,39,24.6,88.8
20,13,00,35,24.6,89.1
20,14,00,26,24.6,89
20,15,00,39,24.6,88.9
20,16,00,31,24.5,88.8
20,17,00,39,24.6,89.3
20,18,00,18,24.6,89.3
20,19,00,24,24.6,89.1
20,20,00,43,24.6,89
20,21,00,35,24.6,88.9
20,22,00,42,24.6,88.8
20,23,00,16,24.6,89.2
20,24,00,33,24.6,88.9
20,25,00,23,24.6,88.8
20,26,00,32,24.6,88.7
20,27,00,42,24.6,88.8
20,28,00,28,24.7,88.9
20,29,00,47,24.6,88.7
20,30,00,27,24.6,89
20,31,00,37,24.5,89.4
20,32,00,17,24.5,89.2
20,34,00,46,24.5,89
20,35,00,25,24.5,89.1
20,36,00,24,24.5,89
20,37,00,32,24.5,88.8
20,38,00,29,24.5,88.7
20,39,00,42,24.5,88.4
20,40,00,26,24.6,88.4
20,41,00,35,24.6,88.5
20,42,00,31,24.7,88.3
20,43,00,34,24.7,87.9
20,44,00,45,24.7,88.3
20,45,00,25,24.7,88.3
20,46,00,15,24.6,88.5
20,47,00,54,24.6,88.7
20,48,00,29,24.5,88.9
20,49,00,33,24.5,89.2
20,50,00,28,24.4,88.9
20,51,00,38,24.4,89.3
20,52,00,47,24.4,89.6
20,53,00,31,24.5,89.1
20,54,00,46,24.5,88.9
20,55,00,25,24.5,88.9
20,56,00,46,24.5,88.9
20,57,00,46,24.5,88.9
20,58,00,29,24.5,88.9
20,59,00,41,24.5,89.1
21,00,00,52,24.5,89
21,01,00,25,24.5,88.9
21,02,00,48,24.6,88.7
21,03,00,36,24.5,88.9
21,04,00,38,24.6,88.8
21,05,00,40,24.6,88.7
21,06,00,35,24.7,88.3
21,07,00,21,24.7,88.3
21,08,00,36,24.7,88.2
21,09,00,40,24.7,88.5
21,10,00,21,24.7,88.3
21,11,00,37,24.6,88.1
21,12,00,47,24.5,88.7
21,13,00,25,24.5,88.3
21,14,00,15,24.5,88.9
21,15,00,37,24.5,88.8
21,16,00,23,24.5,88.7
21,17,00,30,24.5,88.9
21,18,00,30,24.4,88.8
21,19,00,35,24.4,88.7
21,20,00,25,24.4,89
21,21,00,44,24.4,88.8
21,22,00,28,24.4,89.1
21,23,00,26,24.4,88.9
21,24,00,29,24.5,89.2
21,25,00,22,24.5,89
21,26,00,41,24.5,88.5
21,27,00,31,24.5,88.5
21,28,00,43,24.5,88.4
21,29,00,29,24.5,88.6
21,30,00,20,24.5,88.7
21,31,00,35,24.5,89.1
21,32,00,27,24.6,88.9
21,34,00,28,24.6,89.2
21,35,00,26,24.6,89.3
21,36,00,43,24.7,89.2
21,37,00,57,24.7,89.2
21,38,00,22,24.8,89.1
21,39,00,52,24.8,88.8
21,40,00,19,24.8,88.5
21,41,00,50,24.8,88.6
21,42,00,21,24.7,88.3
21,43,00,28,24.7,88.7
21,44,00,47,24.6,88.7
21,45,00,35,24.6,88
21,46,00,26,24.6,87.7
21,47,00,22,24.7,87.8
21,48,00,26,24.7,88
21,49,00,27,24.7,88.2
21,50,00,19,24.7,88
21,51,00,35,24.8,87.8
21,52,00,31,24.8,87.7
21,53,00,33,24.7,87.4
21,54,00,34,24.6,87.9
21,55,00,48,24.5,88.1
21,56,00,31,24.6,88.4
21,57,00,24,24.6,88.3
21,58,00,32,24.6,88.4
21,59,00,34,24.7,88.3
22,00,00,27,24.7,88.4
22,01,00,41,24.7,88.2
22,02,00,28,24.7,87.7
22,03,00,42,24.7,87.5
22,04,00,36,24.7,87.7
22,05,00,39,24.7,87.9
22,06,00,35,24.7,87.8
22,07,00,27,24.6,87.3
22,08,00,37,24.6,87.3
22,09,00,51,24.5,87.2
22,10,00,57,24.5,87.7
22,11,00,38,24.5,88.1
22,12,00,34,24.6,88.1
22,13,00,23,24.6,87.8
22,14,00,50,24.7,87.8
22,15,00,21,24.7,87.9
22,16,00,32,24.7,88.1
22,17,00,29,24.7,88.3
22,18,00,39,24.7,88.1
22,19,00,15,24.7,87.9
22,20,00,28,24.8,87.5
22,21,00,15,24.8,87.7
22,22,00,22,24.8,87.4
22,23,00,45,24.7,87.5
22,24,00,22,24.7,87.3
22,25,00,34,24.6,87
22,26,00,42,24.6,87.3
22,27,00,37,24.5,87.6
22,28,00,23,24.5,87.4
22,29,00,23,24.5,87.5
22,30,00,40,24.5,87.1
22,31,00,39,24.4,86.9
22,32,00,26,24.4,87.5
22,33,00,21,24.4,87.3
22,34,00,26,24.5,87.1
22,35,00,27,24.5,87.5
22,36,00,30,24.5,86.9
22,37,00,25,24.5,86.9
22,38,00,40,24.5,86.7
22,39,00,25,24.4,87.2
22,40,00,32,24.3,87.2
22,41,00,26,24.4,87.4
22,42,00,40,24.4,87.2
22,43,00,45,24.4,87.5
22,44,00,36,24.3,87.6
22,45,00,37,24.3,87.6
22,46,00,35,24.4,87.6
22,47,00,25,24.4,87.6
22,48,00,24,24.4,87.4
22,49,00,33,24.4,86.5
22,50,00,38,24.4,87
22,51,00,30,24.4,86.1
22,52,00,21,24.4,86.5
22,53,00,30,24.5,85.8
22,54,00,19,24.3,86.8
22,55,00,26,24.4,87.2
22,56,00,30,24.5,86.9
22,57,00,32,24.5,86.7
22,58,00,22,24.5,86.4
22,59,00,19,24.6,86.3
23,00,00,47,24.6,86
23,01,00,30,24.6,86
23,02,00,24,24.7,85.8
23,03,00,38,24.7,85.6
23,04,00,22,24.7,85.5
23,05,00,30,24.7,85.7
23,06,00,37,24.6,84.8
23,07,00,37,24.6,84.7
23,08,00,31,24.5,85.4
23,09,00,33,24.5,85.2
23,10,00,36,24.5,85.1
23,11,00,19,24.5,85.4
23,12,00,26,24.5,85.9
23,13,00,15,24.5,85.8
23,14,00,29,24.5,86
23,15,00,25,24.5,86.1
23,16,00,25,24.5,85.9
23,17,00,31,24.5,86.3
23,18,00,39,24.4,86
23,19,00,25,24.4,86.2
23,20,00,31,24.4,86.4
23,21,00,17,24.4,86.5
23,22,00,31,24.5,86.5
23,23,00,26,24.4,86.8
23,24,00,39,24.4,86.7
23,25,00,30,24.5,86.6
23,26,00,26,24.4,86.9
23,27,00,36,24.4,86.6
23,28,00,40,24.4,87.1
23,29,00,26,24.5,86.9
23,30,00,41,24.4,86.5
23,31,00,48,24.4,86.5
23,32,00,27,24.4,86.8
23,33,00,56,24.4,86.4
23,34,00,44,24.5,85.5
23,35,00,10,24.4,85.5
23,36,00,9,24.4,85.7
23,37,00,41,24.4,85.9
23,38,00,22,24.4,85.9
23,39,00,37,24.4,86.1
23,40,00,32,24.3,86.4
23,41,00,51,24.3,86.5
23,42,00,31,24.2,86.5
23,43,00,28,24.2,86.9
23,44,00,16,24.2,87
23,45,00,38,24.1,87.1
23,46,00,24,24.1,87.3
23,47,00,41,24.1,87.3
23,48,00,35,24,87.8
23,49,00,42,24,87.8
23,50,00,31,24,87.5
23,51,00,41,24,87.7
23,52,00,24,24,87.4
23,53,00,29,23.9,87.9
23,54,00,27,23.9,88.2
23,55,00,26,23.9,88
23,56,00,25,23.9,88.4
23,57,00,8,23.9,87.7
23,58,00,31,23.9,87.7
23,59,00,44,23.9,87.5
