00,00,00,28,24.8,89.7
00,01,00,39,24.9,89.5
00,02,00,31,24.9,89.6
00,03,00,20,24.9,89.3
00,04,00,31,24.8,89.4
00,05,00,24,24.8,89.4
00,06,00,53,24.8,89.3
00,07,00,38,24.8,89.4
00,08,00,26,24.8,89.4
00,09,00,31,24.9,89.2
00,10,00,40,24.9,89.2
00,11,00,36,24.9,89.1
00,12,00,26,24.9,88.9
00,13,00,28,24.8,89.1
00,14,00,27,24.9,89.1
00,15,00,45,24.8,89.3
00,16,00,32,24.8,89.2
00,17,00,27,24.8,89.2
00,18,00,25,24.7,89.3
00,19,00,29,24.7,89.4
00,20,00,15,24.7,89.5
00,21,00,32,24.7,89.4
00,22,00,42,24.7,89.3
00,23,00,38,24.7,89.4
00,24,00,40,24.7,89.4
00,25,00,28,24.7,89.4
00,26,00,54,24.7,89.4
00,27,00,47,24.7,89.3
00,28,00,19,24.7,89.1
00,29,00,42,24.7,89.1
00,30,00,39,24.7,88.9
00,31,00,37,24.7,88.9
00,32,00,36,24.7,88.9
00,33,00,42,24.7,88.7
00,34,00,28,24.7,89
00,35,00,53,24.7,88.8
00,36,00,46,24.6,88.9
00,37,00,45,24.6,88.7
00,38,00,26,24.6,88.8
00,39,00,36,24.6,88.8
00,40,00,16,24.6,88.8
00,41,00,31,24.6,88.9
00,43,00,31,24.5,89.1
00,44,00,27,24.5,88.9
00,45,00,35,24.5,88.7
00,46,00,57,24.6,88.5
00,47,00,38,24.5,88.5
00,48,00,21,24.5,88.6
00,49,00,25,24.5,88.6
00,50,00,8,24.6,88.6
00,51,00,40,24.6,88.5
00,52,00,23,24.6,88.4
00,53,00,25,24.6,88.4
00,54,00,39,24.5,88.5
00,55,00,53,24.5,88.7
00,56,00,27,24.5,88.6
00,57,00,19,24.5,88.5
00,58,00,19,24.5,88.6
00,59,00,26,24.5,88.5
01,00,00,39,24.5,88.4
01,01,00,52,24.5,88.3
01,02,00,35,24.5,88.4
01,03,00,19,24.5,88.3
01,04,00,29,24.5,88.3
01,05,00,19,24.4,88.2
01,07,00,11,24.4,88.8
01,08,00,52,24.4,88.5
01,09,00,32,24.5,88.3
01,10,00,46,24.5,88.2
01,11,00,14,24.4,88.3
01,12,00,44,24.4,88.2
01,13,00,39,24.4,88.6
01,14,00,34,24.4,88.4
01,15,00,25,24.4,88.5
01,16,00,53,24.4,88.4
01,17,00,28,24.4,88.3
01,18,00,38,24.4,88.4
01,19,00,47,24.4,88.5
01,20,00,34,24.4,88.5
01,21,00,29,24.4,88.5
01,22,00,22,24.4,88.5
01,23,00,33,24.4,88.5
01,24,00,26,24.5,88.5
01,25,00,20,24.5,88.5
01,26,00,35,24.5,88.5
01,27,00,28,24.5,88.5
01,28,00,48,24.5,88.5
01,29,00,25,24.5,88.5
01,30,00,19,24.5,88.3
01,31,00,19,24.5,88.4
01,32,00,29,24.5,88.3
01,33,00,45,24.5,88.4
01,34,00,35,24.5,88
01,35,00,35,24.5,88
01,36,00,31,24.5,88
01,37,00,19,24.5,87.8
01,38,00,42,24.5,87.8
01,39,00,29,24.4,88.2
01,40,00,39,24.4,88.2
01,41,00,18,24.4,88.2
01,42,00,29,24.4,88.1
01,43,00,58,24.4,88.5
01,44,00,23,24.4,88.2
01,45,00,33,24.4,88.5
01,46,00,26,24.4,88.5
01,47,00,37,24.4,88.5
01,48,00,25,24.3,88.5
01,49,00,32,24.3,88.4
01,50,00,31,24.3,88.4
01,51,00,32,24.3,88.2
01,52,00,21,24.3,87.9
01,53,00,29,24.3,87.8
01,54,00,32,24.3,88.1
01,55,00,23,24.3,88
01,56,00,21,24.4,88
01,57,00,30,24.4,88
01,58,00,40,24.4,87.7
01,59,00,33,24.4,87.5
02,00,00,41,24.4,87.3
02,01,00,62,24.3,87.2
02,02,00,21,24.3,87.7
02,03,00,31,24.2,87.7
02,04,00,19,24.1,88.2
02,05,00,50,24.2,88.2
02,07,00,19,24.2,88
02,08,00,18,24.3,87.9
02,09,00,35,24.3,87.9
02,10,00,33,24.3,87.8
02,11,00,24,24.3,87.7
02,12,00,25,24.3,87.9
02,13,00,18,24.2,87.8
02,14,00,21,24.2,87.9
02,15,00,35,24.1,87.9
02,16,00,30,24.1,88.2
02,17,00,43,24.1,88.1
02,18,00,6,24,88
02,19,00,49,24,87.7
02,20,00,23,24,87.7
02,21,00,42,24,87.8
02,22,00,35,24,87.8
02,23,00,45,24,87.8
02,24,00,42,24.1,87.7
02,25,00,46,24.1,87.8
02,26,00,40,24,87.7
02,27,00,28,24,87.8
02,28,00,38,24,87.8
02,29,00,35,24.1,87.9
02,30,00,30,24.1,87.9
02,31,00,45,24,88
02,32,00,28,24,87.9
02,33,00,19,24,88.2
02,34,00,32,23.9,88.3
02,35,00,47,24,88.3
02,36,00,39,23.9,88.5
02,37,00,32,23.9,88.7
02,38,00,20,23.9,88.7
02,39,00,36,23.9,88.8
02,40,00,33,23.9,88.8
02,41,00,53,24,88.7
02,42,00,30,23.9,88.5
02,43,00,39,24,88.5
02,44,00,24,24,88.5
02,45,00,28,24,88.6
02,46,00,42,24,88.5
02,47,00,24,24,88.4
02,48,00,20,24,88.5
02,49,00,38,23.9,88.3
02,50,00,33,23.9,88.4
02,51,00,25,23.9,88.4
02,52,00,26,23.9,88.5
02,53,00,21,23.8,88.5
02,55,00,16,23.8,88.7
02,56,00,25,23.9,88.6
02,57,00,30,23.9,88.5
02,58,00,37,23.9,88.4
02,59,00,33,23.9,88.4
03,00,00,32,24,88.5
03,01,00,15,24,88.7
03,02,00,44,23.9,89.2
03,03,00,28,23.9,89.7
03,04,00,34,23.9,89.7
03,05,00,31,24,89.5
03,06,00,30,24,88.9
03,07,00,30,24.1,88.8
03,08,00,18,24.1,88.7
03,09,00,30,24.1,88.3
03,10,00,33,24.1,88.3
03,11,00,15,24.1,88.5
03,12,00,34,24.1,88.4
03,13,00,38,24.1,88.5
03,14,00,23,24.1,88.5
03,15,00,40,24.1,88.6
03,16,00,24,24.1,88.4
03,17,00,36,24.1,88.4
03,18,00,38,24.1,88.3
03,19,00,37,24.1,88.3
03,20,00,37,24.1,88.3
03,21,00,20,24.1,88.5
03,22,00,53,24.1,88.6
03,23,00,18,24.1,88.5
03,24,00,31,24.1,88.4
03,25,00,18,24.1,88.2
03,26,00,42,24.1,88.2
03,27,00,30,24.1,88.2
03,28,00,33,24.1,87.9
03,29,00,16,24,88.2
03,30,00,24,24,88.4
03,31,00,38,24,88.3
03,32,00,33,24,88.4
03,33,00,30,24,88.4
03,34,00,33,24.1,88.4
03,35,00,30,24,88.5
03,36,00,30,24,88.3
03,37,00,35,24,88.2
03,38,00,32,24,88
03,39,00,31,23.9,88.4
03,40,00,28,24,88
03,41,00,33,24,87.8
03,42,00,36,24,87.8
03,43,00,23,23.9,87.9
03,44,00,24,23.9,87.9
03,45,00,25,23.9,87.9
03,46,00,26,24,87.9
03,47,00,15,24,87.8
03,48,00,47,24,87.7
03,49,00,58,24,87.7
03,50,00,40,24,87.8
03,51,00,23,24,87.7
03,52,00,30,23.9,87.9
03,53,00,19,23.9,88.3
03,54,00,29,23.8,88.5
03,55,00,35,23.8,88.5
03,56,00,37,23.8,88.4
03,57,00,25,23.8,88.7
03,58,00,30,23.8,88.6
03,59,00,41,23.8,88.7
04,00,00,24,23.9,88.5
04,01,00,27,23.9,88.6
04,02,00,29,23.8,88.6
04,03,00,28,23.8,88.8
04,04,00,31,23.8,88.7
04,05,00,25,23.8,88.7
04,06,00,26,23.8,88.6
04,07,00,22,23.8,88.8
04,08,00,32,23.8,88.8
04,09,00,32,23.9,88.6
04,10,00,19,23.9,88.6
04,11,00,30,23.9,88.4
04,12,00,22,23.9,88.5
04,13,00,32,23.8,88.7
04,14,00,37,23.8,88.7
04,15,00,28,23.8,88.7
04,16,00,22,23.9,88.6
04,17,00,42,23.8,88.9
04,18,00,23,23.8,88.9
04,19,00,32,23.8,88.8
04,20,00,24,23.8,88.9
04,21,00,37,23.9,88.5
04,22,00,16,23.9,88.6
04,23,00,50,23.9,88.7
04,24,00,21,23.9,88.7
04,25,00,48,23.9,88.8
04,26,00,20,23.9,88.7
04,27,00,33,23.9,88.6
04,28,00,18,24,88.3
04,29,00,9,23.9,88.5
04,30,00,28,23.9,88.6
04,31,00,32,24,88.4
04,32,00,47,24,88.5
04,33,00,54,24,88.3
04,34,00,17,24,88.4
04,35,00,28,23.9,88.6
04,36,00,18,24,88.5
04,37,00,53,24,88.3
04,38,00,33,24,88.6
04,39,00,23,24,88.6
04,40,00,36,24,88.8
04,41,00,40,24,88.8
04,42,00,42,24,88.8
04,43,00,31,24,88.5
04,44,00,33,24,88.4
04,45,00,50,24,88.3
04,46,00,11,24,88.5
04,47,00,18,24.1,88.5
04,48,00,18,24.1,88.4
04,49,00,22,24.1,88.5
04,50,00,28,24.1,88.5
04,51,00,41,24.1,88.5
04,52,00,16,24.1,88.5
04,53,00,22,24.1,88.6
04,54,00,23,24.2,88.7
04,55,00,23,24.2,88.3
04,56,00,54,24.2,88.2
04,57,00,23,24.2,88
04,58,00,12,24.2,88
04,59,00,26,24.2,88.1
05,00,00,38,24.2,88.1
05,01,00,36,24.1,88.1
05,02,00,33,24.1,88.4
05,03,00,32,24.1,88.5
05,04,00,31,24.1,88.5
05,05,00,41,24.2,88.4
05,06,00,33,24.2,88.6
05,07,00,13,24.1,88.5
05,08,00,32,24.1,88.7
05,09,00,23,24.1,88.7
05,10,00,33,24.1,88.8
05,11,00,28,24,89
05,12,00,42,24,89
05,13,00,26,24,88.9
05,14,00,35,24,88.8
05,15,00,40,24,88.9
05,16,00,33,24,88.7
05,17,00,28,24,88.8
05,18,00,20,24,88.6
05,19,00,33,24.1,88.6
05,20,00,39,24,88.6
05,21,00,43,24.1,88.7
05,22,00,25,24.1,88.3
05,23,00,18,24.1,88.3
05,24,00,19,24.1,88.2
05,25,00,27,24.1,88.5
05,26,00,29,24.1,88.7
05,27,00,32,24.1,88.4
05,28,00,34,24.1,88.4
05,29,00,18,24.1,88.4
05,30,00,25,24.1,88.5
05,31,00,23,24,88.5
05,32,00,21,24,88.5
05,33,00,24,24,88.6
05,34,00,30,24,88.6
05,35,00,41,24,88.6
05,36,00,22,24,88.4
05,37,00,28,24,88.5
05,38,00,16,24,88.7
05,39,00,29,24,88.8
05,40,00,20,23.9,89.1
05,41,00,28,23.9,89
05,42,00,34,23.9,89
05,44,00,15,23.9,88.9
05,45,00,22,24,89.2
05,46,00,21,23.9,89.1
05,47,00,42,24,89.2
05,48,00,23,24,89.2
05,49,00,38,24,88.8
05,50,00,27,23.9,89.2
05,51,00,25,23.9,89.4
05,52,00,32,24,89.1
05,53,00,43,24,89
05,54,00,23,24,88.6
05,55,00,30,24.1,88.3
05,56,00,28,24.1,88.1
05,57,00,48,24.1,87.9
05,58,00,23,24.1,87.7
05,59,00,18,24.1,88.1
06,00,00,21,24.1,87.9
06,01,00,29,24.1,88.1
06,02,00,24,24.2,87.8
06,03,00,39,24.3,87.5
06,04,00,45,24.3,87.3
06,05,00,55,24.3,87.3
06,06,00,43,24.3,87.5
06,07,00,22,24.3,87.7
06,08,00,28,24.3,87.8
06,09,00,17,24.4,87.6
06,10,00,32,24.4,87.4
06,11,00,19,24.4,87.3
06,12,00,38,24.4,87.2
06,13,00,29,24.4,87
06,14,00,38,24.3,87.2
06,15,00,36,24.3,87.6
06,16,00,35,24.4,87.6
06,17,00,39,24.4,87.6
06,18,00,23,24.4,87.4
06,19,00,43,24.4,87.6
06,20,00,29,24.4,87.5
06,21,00,33,24.4,86.9
06,22,00,32,24.5,87.1
06,23,00,30,24.5,86.9
06,24,00,29,24.4,87.4
06,25,00,28,24.4,87.3
06,26,00,39,24.3,87.5
06,27,00,39,24.3,87.9
06,28,00,56,24.4,87.5
06,29,00,34,24.4,87.9
06,30,00,25,24.4,87.9
06,31,00,35,24.4,87.8
06,32,00,38,24.5,87.9
06,33,00,33,24.5,88.1
06,34,00,45,24.4,88.3
06,35,00,22,24.3,88.4
06,36,00,32,24.3,89.1
06,37,00,56,24.4,88.9
06,38,00,27,24.3,89.6
06,39,00,26,24.3,89.7
06,40,00,20,24.3,89.4
06,41,00,34,24.3,89.5
06,42,00,23,24.4,89.2
06,43,00,46,24.3,89.5
06,44,00,41,24.3,89.4
06,45,00,11,24.3,90.1
06,46,00,45,24.3,90.1
06,47,00,26,24.2,90.9
06,48,00,36,24.2,90.5
06,49,00,24,24.2,90.7
06,50,00,22,24.1,91.2
06,51,00,28,24.1,91.5
06,52,00,9,24.2,91.6
06,53,00,40,24.2,91.7
06,54,00,34,24.1,91.6
06,55,00,47,24.2,91.7
06,56,00,42,24.3,91.3
06,57,00,63,24.3,91.1
06,58,00,31,24.3,91.2
06,59,00,38,24.3,90.4
07,00,00,22,24.2,90.8
07,01,00,29,24.1,90.8
07,02,00,34,24.1,91.1
07,03,00,27,24.1,90.9
07,04,00,44,24.2,90.4
07,05,00,37,24.2,90.8
07,06,00,25,24.1,91.2
07,07,00,44,24.1,91.9
07,08,00,53,24.1,92
07,09,00,40,24.1,91.9
07,10,00,16,24.1,92.3
07,11,00,32,24.1,92.6
07,12,00,39,24.1,92.3
07,13,00,60,24.1,92
07,14,00,41,24.2,92
07,15,00,28,24.2,91.6
07,16,00,50,24.3,91.5
07,17,00,32,24.3,91.2
07,18,00,47,24.4,91
07,19,00,37,24.5,90.8
07,20,00,42,24.5,90.9
07,21,00,29,24.5,91.2
07,22,00,33,24.5,91
07,23,00,51,24.5,90.8
07,24,00,33,24.5,91.2
07,25,00,34,24.4,90.9
07,26,00,42,24.5,90.9
07,27,00,27,24.5,90.8
07,28,00,48,24.6,90.6
07,29,00,34,24.7,90.3
07,30,00,32,24.7,90.2
07,31,00,35,24.7,90.5
07,32,00,58,24.6,90.3
07,33,00,37,24.7,90.1
07,34,00,49,24.7,90.2
07,35,00,33,24.7,89.8
07,36,00,20,24.7,89.8
07,37,00,30,24.7,89.7
07,38,00,28,24.7,90.2
07,39,00,38,24.6,90.4
07,40,00,39,24.6,90.9
07,41,00,52,24.5,90.9
07,42,00,34,24.6,91.1
07,43,00,44,24.5,91.2
07,44,00,38,24.5,90.9
07,45,00,41,24.5,91.2
07,46,00,43,24.5,90.9
07,47,00,47,24.5,91.1
07,48,00,26,24.6,91.1
07,49,00,45,24.6,91.4
07,50,00,30,24.6,91.4
07,51,00,43,24.6,91.3
07,52,00,56,24.6,91.4
07,53,00,28,24.7,91.1
07,54,00,39,24.7,90.7
07,55,00,37,24.8,90.4
07,56,00,24,24.9,90.7
07,57,00,46,25,90.2
07,58,00,71,25.1,89.5
07,59,00,46,25.2,88.7
08,00,00,55,25.1,89
08,01,00,41,25,88.7
08,02,00,53,25.1,88.5
08,03,00,43,25.2,87.7
08,04,00,45,25.3,87.5
08,05,00,43,25.2,87
08,06,00,40,25.2,87.9
08,07,00,42,25.1,88.6
08,08,00,36,25.1,88.5
08,09,00,29,25.1,87.7
08,10,00,64,25.2,87.7
08,11,00,37,25.2,87
08,12,00,47,25.2,87.2
08,13,00,36,25.3,86.7
08,14,00,25,25.3,86.9
08,15,00,47,25.3,87.7
08,16,00,47,25.2,87.6
08,17,00,66,25.3,87.7
08,18,00,22,25.3,88
08,19,00,44,25.3,87.3
08,20,00,52,25.2,87.9
08,21,00,45,25.3,87.6
08,22,00,19,25.3,88.5
08,23,00,42,25.3,88.1
08,24,00,31,25.3,88.4
08,25,00,43,25.3,89.1
08,26,00,64,25.4,87.9
08,27,00,38,25.4,88.1
08,28,00,44,25.4,88.3
08,29,00,50,25.4,88.5
08,30,00,55,25.4,88
08,31,00,66,25.5,87.8
08,32,00,51,25.6,87.4
08,33,00,54,25.6,87.4
08,34,00,51,25.6,87.8
08,35,00,58,25.6,87.5
08,36,00,54,25.6,87.7
08,37,00,65,25.7,87.1
08,38,00,34,25.7,86.9
08,39,00,94,25.9,86.3
08,40,00,24,25.9,85.7
08,41,00,48,25.9,86.2
08,42,00,42,26,85.8
08,43,00,61,26,85.1
08,44,00,44,26,85.1
08,45,00,74,26,85.9
08,46,00,82,26,85.3
08,47,00,51,26,84.4
08,48,00,70,26,84.9
08,49,00,70,26.2,84.2
08,50,00,53,26.1,83.7
08,51,00,23,26.2,83.7
08,52,00,68,26.2,83.3
08,53,00,74,26.3,83.4
08,54,00,58,26.4,83.3
08,55,00,64,26.5,83.1
08,56,00,67,26.5,81.8
08,57,00,54,26.5,81.4
08,58,00,55,26.5,82
08,59,00,42,26.5,82.2
09,00,00,55,26.5,83
09,01,00,48,26.5,84.4
09,02,00,40,26.5,84.3
09,03,00,66,26.6,83.8
09,04,00,32,26.6,83.7
09,05,00,76,26.7,82.2
09,07,00,45,26.7,83.5
09,08,00,70,26.8,81.8
09,09,00,61,26.9,80.3
09,10,00,54,27,81.3
09,11,00,60,27.1,80.8
09,12,00,68,27.1,80.6
09,13,00,72,27,80.3
09,14,00,39,26.9,80.8
09,15,00,51,27,80.9
09,16,00,62,27.1,80.7
09,17,00,90,26.9,80.2
09,18,00,75,27.1,80.6
09,19,00,76,27.2,80.8
09,20,00,65,27.4,81.1
09,21,00,70,27.4,81
09,22,00,65,27.6,80.4
09,23,00,85,27.7,80.2
09,24,00,53,27.8,78.1
09,25,00,61,27.8,78.2
09,26,00,74,27.8,78.7
09,27,00,71,27.8,80.6
09,28,00,68,27.7,79.4
09,29,00,45,27.8,77.2
09,30,00,92,27.6,77.9
09,31,00,53,27.4,77.5
09,32,00,70,27,78.2
09,33,00,60,26.9,79.7
09,34,00,76,27.2,79.6
09,35,00,62,27.3,79.8
09,36,00,101,27.5,79.3
09,37,00,76,27.7,79
09,38,00,77,27.7,78.8
09,39,00,63,27.7,78.9
09,40,00,76,27.7,79.2
09,41,00,65,27.8,77.9
09,42,00,75,27.6,78.3
09,43,00,68,27.7,79.5
09,44,00,51,27.8,80.8
09,45,00,73,27.8,79.7
09,46,00,48,27.8,79.3
09,47,00,52,27.8,80.3
09,48,00,40,27.6,78.8
09,49,00,56,27.6,79.3
09,50,00,81,27.7,79.1
09,51,00,66,27.9,79.4
09,52,00,53,28,78.9
09,53,00,58,28,78.9
09,54,00,42,28,78.2
09,55,00,49,27.9,77.6
09,56,00,53,27.9,77.4
09,57,00,31,27.9,77.7
09,58,00,78,27.9,76.8
09,59,00,49,28,76.9
10,00,00,52,27.8,77.9
10,01,00,72,27.7,78.7
10,02,00,40,27.6,79.5
10,03,00,55,27.6,79.7
10,04,00,56,27.6,80.2
10,05,00,42,27.7,80
10,06,00,51,27.7,80
10,07,00,57,27.7,79.9
10,08,00,56,27.8,80
10,09,00,62,27.8,79.6
10,10,00,39,27.8,79.4
10,11,00,38,27.7,79.5
10,12,00,45,27.6,80.3
10,13,00,22,27.6,80.1
10,14,00,40,27.4,80
10,15,00,85,27.4,80.8
10,16,00,47,27.5,80.5
10,17,00,71,27.7,79.9
10,18,00,74,27.8,79.6
10,19,00,76,27.8,79
10,20,00,62,27.8,78.7
10,21,00,74,27.9,78.9
10,22,00,53,27.9,78.8
10,23,00,80,27.9,78.8
10,24,00,75,27.7,77.8
10,25,00,72,27.5,79.1
10,26,00,48,27.5,79.6
10,27,00,39,27.5,80.2
10,28,00,62,27.6,80.6
10,29,00,55,27.7,81
10,30,00,67,27.8,80.1
10,31,00,52,27.8,80
10,32,00,67,27.8,79.6
10,33,00,38,27.8,79.2
10,34,00,68,27.8,79.4
10,35,00,47,27.9,79.4
10,36,00,39,27.9,79.3
10,37,00,61,27.9,79.1
10,38,00,44,28,79
10,39,00,54,28,79.3
10,40,00,63,27.9,79
10,41,00,37,27.9,79.2
10,42,00,55,27.8,79.8
10,43,00,57,27.8,79.2
10,44,00,49,27.8,79.5
10,45,00,56,27.6,79.9
10,46,00,50,27.7,79.8
10,47,00,41,27.7,80.5
10,48,00,41,27.7,80.2
10,49,00,34,27.8,80.9
10,50,00,49,27.7,80.1
10,51,00,46,27.7,80.1
10,52,00,69,27.8,80.4
10,53,00,74,27.8,80.3
10,54,00,60,27.8,79.5
10,55,00,52,27.8,80
10,56,00,85,27.8,80.2
10,57,00,64,27.8,79.7
10,58,00,18,27.9,79.8
10,59,00,55,27.9,79.4
11,00,00,58,28,79.4
11,01,00,42,28.1,79.2
11,02,00,30,28.1,78.8
11,03,00,67,28.2,79
11,04,00,42,28.2,78.7
11,05,00,60,28.1,78.2
11,06,00,82,28.1,78.3
11,07,00,36,28.1,78.7
11,08,00,56,28,78.2
11,09,00,46,28.1,77.7
11,10,00,23,28,78.1
11,11,00,74,28.1,78.3
11,12,00,49,28.2,77.9
11,13,00,80,28.2,77.1
11,14,00,56,28.3,77.5
11,15,00,74,28.4,77.2
11,16,00,56,28.4,77.2
11,17,00,95,28.5,77.2
11,18,00,55,28.6,76.3
11,19,00,52,28.5,76.4
11,20,00,87,28.4,76.4
11,21,00,93,28.5,76.6
11,22,00,66,28.6,77.2
11,23,00,54,28.6,76.8
11,24,00,45,28.7,76.7
11,25,00,61,28.8,77
11,26,00,78,28.8,76.1
11,27,00,100,28.7,76.1
11,28,00,65,28.8,76.4
11,29,00,43,28.8,76
11,30,00,56,28.8,76.1
11,31,00,61,28.7,75.7
11,32,00,57,28.8,75.2
11,33,00,71,28.8,75.3
11,34,00,62,28.8,75.5
11,35,00,51,28.8,75.9
11,36,00,68,28.8,75.5
11,37,00,71,28.8,75.7
11,38,00,67,28.9,74.5
11,39,00,72,29,74.4
11,40,00,74,29.1,74.9
11,41,00,44,29.2,75.3
11,42,00,65,29.3,74.7
11,43,00,87,29.4,74.2
11,44,00,73,29.5,72.7
11,45,00,79,29.5,72.9
11,46,00,52,29.7,73
11,47,00,89,29.8,72.7
11,48,00,80,29.8,72.4
11,49,00,89,29.8,72.8
11,50,00,88,29.7,72.2
11,51,00,99,29.7,73.1
11,52,00,87,29.9,73.7
11,53,00,90,30.1,74.5
11,54,00,81,30.1,71.5
11,55,00,92,30.1,74
11,56,00,68,30.2,74.5
11,57,00,68,30.3,72.1
11,58,00,46,30.3,70.2
11,59,00,88,30.3,71.8
12,00,00,88,30.5,71.6
12,01,00,103,30.3,68.9
12,02,00,105,30.1,70.8
12,03,00,54,30.2,71.5
12,04,00,75,30.3,71.5
12,05,00,53,30.3,71.6
12,06,00,45,30.4,72.1
12,07,00,71,30.4,72.5
12,08,00,71,30,70.4
12,09,00,68,30.2,70.2
12,10,00,109,30.4,70.7
12,11,00,81,30.5,70.6
12,12,00,83,30.7,70.4
12,13,00,80,30.7,69.9
12,14,00,32,30.8,69.4
12,15,00,70,30.7,68.3
12,16,00,61,30.7,68.6
12,17,00,73,30.7,69.2
12,18,00,100,30.7,68.2
12,19,00,68,30.5,68.5
12,20,00,72,30.5,69.2
12,21,00,58,30.5,69
12,22,00,106,30.6,69.7
12,23,00,66,30.6,70.6
12,24,00,57,30.5,70.8
12,25,00,31,30.5,70.6
12,26,00,51,30.5,70.2
12,27,00,99,30.4,71
12,28,00,108,30.4,71.8
12,29,00,53,30.3,70.3
12,30,00,56,30.2,69.4
12,31,00,63,30.1,70.1
12,32,00,59,30.2,71.1
12,33,00,33,30.3,70.7
12,34,00,66,30.3,70.5
12,35,00,78,30.2,71.7
12,36,00,61,30.2,71.2
12,37,00,36,30,71.8
12,38,00,44,30,72.5
12,39,00,66,29.8,74
12,40,00,46,29.7,73.6
12,41,00,74,29.6,74.5
12,42,00,47,29.6,73.4
12,43,00,40,29.6,76.3
12,44,00,30,29.4,75.2
12,45,00,59,29.3,74.2
12,46,00,70,29.2,74.9
12,47,00,31,29.3,74.4
12,48,00,35,29.3,74.1
12,49,00,65,29.3,74.2
12,50,00,55,29.2,74.6
12,51,00,40,29.2,74.8
12,52,00,34,29.1,75.3
12,53,00,48,29.1,74.9
12,54,00,42,29,74.5
12,55,00,46,29,74.6
12,56,00,55,29,74.2
12,57,00,42,29,75.2
12,58,00,32,29.1,74.6
12,59,00,37,29,75.8
13,00,00,37,28.9,75.3
13,01,00,40,28.9,76.3
13,02,00,58,28.9,75.7
13,03,00,56,29,75.6
13,04,00,41,29.1,75.8
13,05,00,44,29,76.2
13,06,00,39,28.9,74.5
13,07,00,56,28.9,75.1
13,08,00,64,28.9,76.3
13,09,00,52,28.8,76.8
13,10,00,45,28.7,75.1
13,11,00,61,28.7,76.4
13,12,00,61,28.7,76.9
13,13,00,52,28.7,76.2
13,14,00,55,28.7,76.4
13,15,00,64,28.8,75.6
13,16,00,42,28.9,75.8
13,17,00,80,28.9,74.4
13,18,00,59,28.9,74.5
13,19,00,47,28.9,74.8
13,20,00,95,29,75.1
13,21,00,64,29.2,74.6
13,22,00,62,29.4,74.1
13,23,00,88,29.4,73.9
13,24,00,48,29.5,73.2
13,25,00,23,29.5,74.1
13,26,00,63,29.5,73.8
13,27,00,44,29.5,73.3
13,28,00,30,29.4,72.2
13,29,00,46,29.3,72.4
13,30,00,43,29.4,72.2
13,31,00,73,29.3,72.1
13,32,00,52,29.1,72.6
13,33,00,58,29,72.8
13,34,00,68,29,75.3
13,35,00,50,28.9,76.4
13,36,00,60,28.9,76.1
13,37,00,45,29,76.1
13,38,00,65,29.1,74.9
13,39,00,58,29.1,74
13,40,00,29,29.1,74.1
13,41,00,49,29.1,75.1
13,42,00,58,29,74.9
13,43,00,42,29.1,74.3
13,44,00,46,29.1,74.3
13,45,00,43,28.8,74.8
13,46,00,49,28.8,74.9
13,47,00,46,28.8,76.5
13,48,00,61,28.7,76.2
13,49,00,51,28.7,76.6
13,50,00,34,28.8,77.3
13,51,00,21,28.9,77.3
13,52,00,64,29,77.7
13,53,00,77,28.9,76.3
13,54,00,41,28.8,76
13,55,00,51,28.8,76.2
13,56,00,38,28.9,76.7
13,57,00,43,28.8,76.1
13,58,00,61,28.8,76.9
13,59,00,42,28.8,76.6
14,00,00,48,28.8,78.1
14,01,00,54,28.8,77.1
14,02,00,39,28.9,77.4
14,03,00,31,28.9,76.7
14,04,00,67,28.8,76.1
14,05,00,29,28.8,75.9
14,06,00,39,28.9,77.1
14,07,00,37,28.9,76
14,08,00,76,29,76
14,09,00,29,29.1,75.8
14,10,00,59,29.1,76.4
14,11,00,51,29.1,78.7
14,12,00,63,29.1,76.1
14,13,00,71,29.1,76.8
14,14,00,60,29.1,76.6
14,15,00,63,29.1,77.4
14,16,00,32,29.2,76.2
14,17,00,29,29.2,76.2
14,18,00,75,29.3,77.3
14,19,00,51,29.2,77.3
14,20,00,51,29.3,76.9
14,21,00,68,29.4,77
14,22,00,48,29.5,76.8
14,23,00,85,29.5,77.5
14,24,00,42,29.6,77.8
14,25,00,58,29.5,78.2
14,26,00,54,29.3,75.4
14,27,00,57,29.3,76.5
14,28,00,23,29.4,75.5
14,29,00,35,29.4,76.2
14,30,00,53,29.4,75.1
14,31,00,34,29.5,75.1
14,32,00,52,29.6,75.3
14,33,00,55,29.6,74.7
14,34,00,49,29.7,74.7
14,35,00,43,29.7,72.6
14,36,00,46,29.8,73.1
14,37,00,39,29.8,73.1
14,38,00,49,29.8,71.8
14,39,00,60,29.8,72.5
14,40,00,64,29.8,74.1
14,41,00,46,29.7,74.2
14,42,00,17,29.6,73.7
14,43,00,36,29.6,72.8
14,44,00,39,29.4,73.9
14,45,00,36,29.3,74.7
14,46,00,46,29.2,74.2
14,47,00,44,29.2,74.5
14,48,00,61,29.2,74.4
14,49,00,60,29.2,74.6
14,50,00,50,29.2,75.4
14,51,00,45,29.2,75.9
14,52,00,36,29.2,76.2
14,53,00,29,29.3,76.2
14,54,00,35,29.3,76.1
14,55,00,43,29,75.5
14,56,00,42,28.8,76.9
14,57,00,52,28.8,76.3
14,58,00,51,28.9,75.4
14,59,00,45,28.9,76.8
15,00,00,48,28.8,75.3
15,01,00,33,28.6,75.2
15,02,00,48,28.6,75.3
15,03,00,48,28.5,75.8
15,04,00,19,28.5,77.1
15,05,00,63,28.5,76.9
15,06,00,47,28.5,76.4
15,07,00,29,28.5,76.4
15,08,00,43,28.6,78.4
15,09,00,28,28.7,77.7
15,10,00,34,28.6,77.2
15,11,00,50,28.7,76.6
15,12,00,35,28.7,76.9
15,13,00,37,28.6,75.2
15,14,00,59,28.5,76.7
15,15,00,63,28.5,76.4
15,16,00,45,28.4,76.8
15,17,00,38,28.3,77.3
15,18,00,53,28.3,77
15,19,00,61,28.4,76.8
15,20,00,37,28.4,76.3
15,21,00,36,28.3,76.4
15,22,00,42,28.3,76.3
15,23,00,38,28.3,77.7
15,24,00,35,28.3,77.9
15,25,00,50,28.3,76.5
15,26,00,44,28.2,76.2
15,27,00,46,28.2,76.4
15,28,00,32,28.2,76.1
15,29,00,48,28.3,75.9
15,30,00,57,28.3,76.4
15,31,00,44,28.3,76.5
15,32,00,36,28.3,76.4
15,33,00,30,28.4,76.8
15,34,00,42,28.4,76.4
15,35,00,58,28.5,76.4
15,36,00,26,28.4,75.9
15,37,00,42,28.4,76.3
15,38,00,26,28.5,76.1
15,39,00,36,28.5,76.8
15,40,00,23,28.5,76.1
15,41,00,49,28.4,75.7
15,42,00,24,28.3,75.3
15,43,00,39,28.2,75.7
15,44,00,36,28.1,75.6
15,45,00,22,28,75.9
15,46,00,30,28,75.7
15,47,00,25,27.9,75.9
15,48,00,26,27.9,75.8
15,49,00,30,28,75.9
15,50,00,34,28.2,75.9
15,51,00,36,28.3,76.3
15,52,00,28,28.3,75.2
15,53,00,43,28.3,74.9
15,54,00,30,28.2,74
15,55,00,42,28.3,73.7
15,56,00,41,28.4,74.1
15,57,00,38,28.4,72.3
15,58,00,30,28.5,72.6
15,59,00,31,28.6,73.5
16,00,00,29,28.5,73.6
16,01,00,7,28.6,74.8
16,02,00,31,28.6,74.5
16,03,00,45,28.6,74.4
16,04,00,32,28.6,74.4
16,05,00,30,28.6,74.5
16,06,00,38,28.6,73.7
16,07,00,34,28.5,74.9
16,08,00,37,28.5,74.2
16,09,00,39,28.4,75.2
16,10,00,37,28.4,75.2
16,11,00,48,28.4,75.9
16,12,00,37,28.4,74.5
16,13,00,29,28.4,74.1
16,14,00,54,28.3,74.2
16,15,00,36,28.4,75.2
16,16,00,40,28.5,75.3
16,17,00,38,28.5,74.9
16,18,00,39,28.5,76
16,19,00,32,28.5,76.2
16,20,00,23,28.4,77.5
16,21,00,25,28.4,76.9
16,22,00,26,28.3,77.1
16,23,00,16,28.4,77.1
16,24,00,28,28.3,76.8
16,25,00,39,28.2,77
16,26,00,31,28.2,76.8
16,27,00,15,28.2,76.9
16,28,00,22,28,77.6
16,29,00,29,28,78.1
16,30,00,47,28,78.4
16,31,00,37,28,78.4
16,32,00,24,28,78
16,33,00,23,27.9,78.6
16,34,00,42,27.9,78.4
16,35,00,49,27.7,79.6
16,36,00,24,27.7,78.8
16,37,00,29,27.6,79.4
16,38,00,42,27.7,80.1
16,39,00,38,27.7,80.7
16,40,00,23,27.6,81
16,41,00,49,27.7,80.1
16,42,00,30,27.8,81
16,43,00,34,27.8,80.4
16,44,00,27,27.6,81.2
16,45,00,29,27.6,80.8
16,46,00,30,27.6,81.3
16,47,00,30,27.7,80.4
16,48,00,62,27.6,80.6
16,49,00,27,27.7,80.2
16,50,00,25,27.6,79.8
16,51,00,30,27.6,80.5
16,52,00,21,27.5,80.7
16,53,00,41,27.6,80.5
16,54,00,30,27.6,80.1
16,55,00,37,27.6,80.7
16,56,00,29,27.5,79.8
16,57,00,30,27.5,80
16,58,00,39,27.4,80.7
16,59,00,38,27.5,80.4
17,00,00,41,27.6,80.5
17,01,00,35,27.6,80.1
17,02,00,16,27.5,79.8
17,03,00,37,27.5,80.2
17,04,00,33,27.4,80.1
17,05,00,37,27.3,81.5
17,07,00,25,27.2,81.4
17,08,00,33,27.2,81.3
17,09,00,25,27.1,81.4
17,10,00,43,27.2,81
17,11,00,26,27.2,80.8
17,12,00,30,27.2,80.7
17,13,00,30,27.1,81.7
17,14,00,29,27,81.8
17,15,00,25,27,82.1
17,16,00,32,27,81.6
17,17,00,29,27,81.7
17,18,00,37,27.1,81.6
17,19,00,32,27.1,81.8
17,20,00,16,27.1,81.3
17,21,00,16,27.1,81.6
17,22,00,40,27.1,81.3
17,23,00,29,27,81.9
17,24,00,27,27,81.1
17,25,00,47,26.9,82.4
17,26,00,37,26.8,81.9
17,27,00,28,26.8,82.2
17,28,00,14,26.8,82.1
17,29,00,15,26.8,82.4
17,30,00,28,26.8,82.6
17,31,00,33,26.9,82.7
17,32,00,29,26.9,82.3
17,33,00,39,26.8,82
17,34,00,30,26.8,82.1
17,35,00,29,26.9,82.5
17,36,00,22,26.8,82.6
17,37,00,27,26.8,83
17,38,00,20,26.7,83.5
17,39,00,27,26.7,83
17,40,00,29,26.7,83.2
17,41,00,28,26.7,83.2
17,42,00,33,26.6,83.5
17,43,00,41,26.6,83.9
17,44,00,32,26.5,83.3
17,45,00,17,26.5,83.5
17,46,00,18,26.5,83.8
17,47,00,19,26.5,83.8
17,48,00,38,26.6,83.2
17,49,00,30,26.7,83.2
17,50,00,38,26.6,83.2
17,51,00,18,26.5,83.5
17,52,00,34,26.5,84.1
17,53,00,33,26.5,84.4
17,54,00,59,26.5,83.9
17,55,00,27,26.5,83.8
17,56,00,32,26.5,83.9
17,57,00,38,26.5,84
17,58,00,26,26.4,84.2
17,59,00,30,26.4,84.1
18,00,00,28,26.4,83.9
18,01,00,17,26.5,83.7
18,02,00,44,26.4,83.2
18,03,00,30,26.4,83.9
18,04,00,28,26.3,83.7
18,05,00,23,26.2,84.6
18,06,00,20,26.2,83.8
18,07,00,31,26.2,84.4
18,08,00,24,26.3,83.5
18,09,00,17,26.3,84
18,10,00,41,26.3,83.9
18,11,00,23,26.4,84.1
18,12,00,18,26.3,83.1
18,13,00,33,26.3,83.5
18,14,00,38,26.3,83.1
18,15,00,40,26.3,83.1
18,16,00,35,26.3,83.2
18,17,00,39,26.3,83.3
18,18,00,24,26.2,83.6
18,19,00,29,26.1,84.4
18,20,00,36,26.1,84.1
18,21,00,29,26.1,84.6
18,22,00,27,26,85
18,23,00,26,26,84.5
18,24,00,30,26.1,84.6
18,25,00,27,26.2,83.7
18,26,00,32,26.2,83.5
18,27,00,34,26.2,83.9
18,28,00,29,26.2,83.9
18,29,00,30,26.2,83.4
18,30,00,43,26.2,83.6
18,31,00,20,26.2,83.9
18,32,00,15,26.2,84.1
18,33,00,26,26.1,84.3
18,34,00,42,26.2,83.7
18,35,00,18,26.2,84.3
18,36,00,22,26.1,84.1
18,37,00,20,26.1,83.9
18,38,00,32,26,84.8
18,39,00,32,26.1,84
18,40,00,15,26.1,83.7
18,41,00,22,26.1,83.8
18,42,00,45,26.1,83.4
18,43,00,42,26,83.2
18,44,00,21,26,83.5
18,45,00,38,26.1,84.2
18,46,00,27,26.1,83.4
18,47,00,20,26.1,83.8
18,48,00,29,26.1,83.6
18,49,00,40,26.1,83.2
18,50,00,16,26.1,83.6
18,51,00,40,26.1,83.6
18,52,00,32,26.1,83.1
18,53,00,41,26.1,83.1
18,54,00,22,26.1,83.5
18,55,00,22,26.2,83.1
18,56,00,18,26.2,82.4
18,57,00,41,26.1,82.8
18,58,00,51,26,82.9
18,59,00,27,26.1,82.7
19,00,00,18,26.1,82.6
19,01,00,22,26.1,82.4
19,02,00,33,25.9,83.1
19,03,00,43,26,83.2
19,04,00,13,26,82.7
19,05,00,28,25.8,82.9
19,06,00,27,25.8,83
19,07,00,29,25.9,83
19,08,00,18,25.9,82.8
19,09,00,28,25.8,83
19,10,00,37,25.7,83.5
19,11,00,32,25.7,83.7
19,12,00,46,25.8,84.1
19,13,00,18,25.9,83.5
19,14,00,39,25.9,83
19,15,00,31,26,82.5
19,16,00,32,26,83.1
19,17,00,28,26,82.6
19,18,00,28,26.1,82.1
19,19,00,19,26.1,82.3
19,20,00,32,26.1,82.1
19,21,00,27,26.1,81.8
19,22,00,17,26,82.3
19,23,00,36,26,82.5
19,24,00,32,26,82.7
19,25,00,37,26,82.5
19,26,00,18,26,82
19,27,00,12,26.1,82
19,28,00,20,26,83.2
19,29,00,35,26,82.7
19,30,00,23,26,82
19,31,00,42,26,82.4
19,32,00,24,26,82.2
19,33,00,26,26,82.3
19,34,00,20,26.1,82.4
19,35,00,38,26,82.6
19,36,00,16,26.1,82
19,37,00,19,26.1,81.9
19,38,00,35,26.1,81.9
19,39,00,33,26.2,82
19,40,00,28,26,82.4
19,41,00,31,26.1,82.1
19,42,00,26,26,81.6
19,43,00,29,26,82
19,44,00,26,26,82.3
19,45,00,30,26,82.5
19,46,00,16,26,82.5
19,47,00,24,25.9,82.1
19,48,00,33,26,82.3
19,49,00,36,26,81.7
19,50,00,29,26,82.3
19,51,00,24,26,82
19,52,00,33,26.1,82
19,53,00,27,26,81.9
19,54,00,38,26,81.9
19,55,00,29,26,81.8
19,56,00,34,26,82.3
19,57,00,28,26,82.6
19,58,00,38,26.1,81.9
19,59,00,16,25.9,82.5
20,00,00,21,26,82.6
20,01,00,44,26,82.6
20,02,00,18,26,82.9
20,03,00,34,26,82.8
20,04,00,22,26,82.9
20,05,00,29,25.9,83.4
20,06,00,40,25.9,83.3
20,07,00,33,25.8,83.3
20,08,00,26,25.8,84.2
20,09,00,43,25.8,83.3
20,10,00,28,25.9,83.6
20,11,00,14,25.9,83.4
20,12,00,24,25.9,83.5
20,13,00,27,25.9,83.7
20,14,00,31,25.9,83
20,15,00,22,25.9,82.3
20,16,00,10,25.9,83.2
20,17,00,25,25.9,83.5
20,18,00,28,25.8,83.5
20,19,00,33,25.8,83.7
20,20,00,32,25.8,83.8
20,21,00,17,25.8,83.6
20,22,00,25,25.8,83.8
20,23,00,32,25.8,83.5
20,24,00,33,25.8,83.8
20,25,00,24,25.8,83.5
20,26,00,43,25.8,83.8
20,27,00,21,25.8,83.2
20,28,00,25,25.9,82.9
20,29,00,20,26,82.5
20,30,00,24,25.9,82.7
20,31,00,36,25.8,82.9
20,32,00,29,25.8,82.8
20,33,00,19,25.8,83
20,34,00,24,25.8,83.2
20,35,00,36,25.9,83
20,36,00,29,25.9,83
20,37,00,30,25.9,82.8
20,38,00,22,25.7,83.2
20,39,00,40,25.6,83.5
20,40,00,27,25.5,83.9
20,41,00,37,25.5,84
20,42,00,34,25.5,83.9
20,43,00,22,25.4,83.8
20,44,00,34,25.3,84
20,45,00,33,25.3,84.5
20,46,00,27,25.3,84.5
20,47,00,44,25.3,84.4
20,48,00,28,25.3,84
20,49,00,27,25.4,84.1
20,50,00,32,25.5,83.9
20,51,00,34,25.5,84
20,52,00,34,25.5,84.3
20,53,00,26,25.6,84.2
20,54,00,29,25.6,83.8
20,55,00,28,25.6,84.1
20,56,00,44,25.7,83.9
20,57,00,25,25.6,84.2
20,58,00,21,25.6,84.2
20,59,00,26,25.7,83.1
21,00,00,26,25.6,83.3
21,01,00,11,25.7,83.3
21,02,00,28,25.7,83.6
21,03,00,27,25.7,83.5
21,04,00,39,25.7,83.6
21,05,00,23,25.7,83.2
21,06,00,33,25.7,83.4
21,07,00,33,25.8,83.1
21,08,00,27,25.8,82.3
21,09,00,13,25.7,82.7
21,10,00,19,25.7,83.2
21,11,00,37,25.7,83.2
21,12,00,22,25.7,83.3
21,13,00,32,25.6,82.5
21,14,00,32,25.6,83.4
21,15,00,30,25.7,83.4
21,16,00,39,25.7,83.1
21,17,00,38,25.7,82.9
21,18,00,21,25.7,82.8
21,19,00,39,25.7,83.1
21,20,00,18,25.7,83.2
21,21,00,28,25.7,83.6
21,22,00,28,25.7,83.2
21,23,00,32,25.7,83
21,24,00,28,25.6,83.5
21,25,00,48,25.6,83.9
21,26,00,33,25.5,84.8
21,27,00,26,25.4,85.3
21,28,00,40,25.3,85.6
21,29,00,38,25.3,85.7
21,30,00,26,25.1,86.3
21,31,00,25,25.1,86.5
21,32,00,25,25.1,86.9
21,33,00,49,25.1,86.8
21,34,00,20,25.1,86.7
21,35,00,37,25.1,86.7
21,36,00,36,25.1,86.8
21,37,00,25,25.2,86.4
21,38,00,11,25.2,86.4
21,39,00,41,25.4,85.8
21,40,00,31,25.4,85.8
21,41,00,21,25.5,84.9
21,42,00,54,25.4,85.1
21,43,00,44,25.4,85.3
21,44,00,37,25.4,85.7
21,45,00,35,25.4,85.6
21,46,00,19,25.5,85.4
21,47,00,27,25.5,85.7
21,48,00,38,25.5,85.8
21,49,00,11,25.5,85.2
21,50,00,20,25.4,85.5
21,51,00,16,25.3,85.7
21,52,00,30,25.3,86
21,53,00,32,25.3,85.8
21,54,00,31,25.4,85.9
21,55,00,27,25.4,85.6
21,56,00,41,25.4,85.7
21,57,00,39,25.5,85.7
21,58,00,41,25.5,85.7
21,59,00,24,25.4,85.9
22,00,00,22,25.5,85.7
22,01,00,34,25.6,85.1
22,02,00,34,25.6,84.9
22,03,00,29,25.6,84.7
22,04,00,40,25.5,84.7
22,05,00,57,25.6,84.6
22,06,00,30,25.6,84.7
22,07,00,34,25.6,85.1
22,08,00,47,25.6,84.9
22,09,00,39,25.6,84.8
22,10,00,17,25.7,84.6
22,11,00,27,25.6,84.5
22,12,00,24,25.6,84.7
22,13,00,23,25.6,84.9
22,14,00,34,25.7,84.7
22,15,00,32,25.6,84.9
22,16,00,26,25.6,84.9
22,17,00,30,25.5,85.1
22,18,00,28,25.4,85.6
22,19,00,26,25.3,86
22,20,00,16,25.3,86.1
22,21,00,24,25.3,86.2
22,22,00,34,25.3,86.2
22,23,00,37,25.4,86
22,24,00,30,25.5,85.6
22,25,00,38,25.5,85
22,26,00,47,25.4,85.4
22,27,00,37,25.5,85.1
22,28,00,28,25.5,84.7
22,29,00,41,25.5,84.8
22,30,00,41,25.6,84.9
22,31,00,18,25.6,84.5
22,32,00,35,25.5,84.8
22,33,00,20,25.5,84.9
22,34,00,43,25.5,85.1
22,35,00,26,25.5,85.3
22,36,00,29,25.4,85.5
22,37,00,30,25.4,85.6
22,38,00,23,25.5,85.4
22,39,00,30,25.5,85.2
22,40,00,27,25.5,85.3
22,41,00,36,25.4,85.2
22,42,00,20,25.5,85.4
22,43,00,37,25.4,85.7
22,44,00,30,25.5,85.7
22,45,00,35,25.5,85.8
22,46,00,44,25.5,85.6
22,47,00,34,25.5,85.8
22,48,00,36,25.4,86.1
22,49,00,19,25.4,85.9
22,50,00,31,25.5,85.9
22,51,00,20,25.4,86.1
22,52,00,29,25.3,86.5
22,53,00,47,25.3,86.7
22,55,00,32,25.5,86.2
22,56,00,21,25.5,86.1
22,57,00,26,25.5,86.1
22,58,00,26,25.5,85.6
22,59,00,24,25.5,85.6
23,00,00,34,25.6,85.2
23,01,00,29,25.6,85.3
23,02,00,46,25.6,85.5
23,03,00,41,25.6,85.7
23,04,00,31,25.5,85.9
23,05,00,36,25.4,86.2
23,06,00,26,25.4,86.4
23,07,00,29,25.3,86.6
23,08,00,34,25.3,86.9
23,09,00,22,25.3,86.9
23,10,00,11,25.3,86.8
23,11,00,29,25.3,86.7
23,12,00,24,25.3,86.9
23,13,00,31,25.2,87.1
23,14,00,28,25.2,87.2
23,15,00,22,25.2,87.1
23,16,00,31,25.2,87.2
23,17,00,31,25.2,87.2
23,18,00,17,25.2,87.3
23,19,00,35,25.2,87.4
23,20,00,42,25.3,87.2
23,21,00,24,25.4,87.1
23,22,00,28,25.4,86.9
23,23,00,33,25.3,87.2
23,24,00,31,25.3,87.5
23,25,00,28,25.3,87.7
23,26,00,41,25.4,87.4
23,27,00,26,25.3,87
23,28,00,29,25.3,87.1
23,29,00,28,25.3,87
23,30,00,34,25.3,87.2
23,31,00,27,25.3,87
23,32,00,33,25.3,87.1
23,33,00,32,25.2,86.8
23,34,00,33,25.2,87.3
23,35,00,30,25.2,87.5
23,36,00,34,25.3,87.3
23,37,00,24,25.3,87.3
23,38,00,16,25.3,87.2
23,39,00,39,25.3,86.9
23,40,00,39,25.3,87
23,41,00,15,25.2,87
23,42,00,44,25.2,86.8
23,43,00,27,25.2,87
23,44,00,24,25.2,87.3
23,45,00,53,25.2,87.1
23,46,00,24,25.2,87
23,47,00,37,25.2,87.2
23,48,00,18,25.1,87.2
23,49,00,15,25.1,87.3
23,50,00,30,25.1,87.4
23,51,00,31,25.1,87.5
23,52,00,25,25.2,87.3
23,53,00,40,25.2,87.4
23,54,00,19,25.2,87.1
23,55,00,31,25.2,87.1
23,56,00,51,25.2,87.1
23,57,00,49,25.2,87
23,58,00,31,25.1,87.1
23,59,00,12,25.1,87.3
