00,00,00,23,25,87.4
00,01,00,10,25,87.6
00,02,00,30,25,87.5
00,03,00,42,24.9,87.7
00,04,00,29,24.9,87.6
00,05,00,29,24.9,87.6
00,06,00,35,24.9,87.6
00,07,00,37,24.8,87.8
00,08,00,40,24.8,87.9
00,09,00,23,24.8,88
00,10,00,12,24.8,88.1
00,11,00,37,24.8,87.9
00,12,00,23,24.8,87.9
00,13,00,29,24.8,87.8
00,14,00,18,24.8,87.9
00,15,00,37,24.8,87.9
00,16,00,19,24.8,87.7
00,17,00,21,24.8,87.7
00,18,00,42,24.8,87.7
00,19,00,39,24.9,87.7
00,20,00,25,24.9,87.6
00,21,00,20,24.9,87.4
00,22,00,25,24.9,87.4
00,23,00,55,24.9,87.4
00,24,00,31,24.9,87.3
00,25,00,24,24.8,87.5
00,26,00,31,24.9,87.4
00,27,00,28,24.9,87.2
00,28,00,19,24.9,87.4
00,29,00,44,24.9,87.3
00,30,00,23,24.9,87.5
00,31,00,41,25,87.2
00,32,00,29,25,87.1
00,33,00,17,25,87.2
00,34,00,26,25,87
00,35,00,36,24.9,87
00,36,00,20,24.8,87.3
00,37,00,32,24.6,87.7
00,38,00,19,24.6,87.7
00,39,00,17,24.6,87.8
00,40,00,29,24.5,88
00,41,00,45,24.6,88.2
00,42,00,21,24.6,88
00,43,00,29,24.7,87.8
00,44,00,32,24.7,88
00,45,00,46,24.6,87.8
00,46,00,32,24.6,87.9
00,47,00,39,24.7,87.7
00,48,00,48,24.7,87.7
00,49,00,31,24.7,87.9
00,50,00,36,24.7,87.8
00,51,00,28,24.7,87.9
00,52,00,24,24.8,87.7
00,53,00,22,24.8,87.6
00,54,00,34,24.8,87.5
00,55,00,26,24.7,87.6
00,56,00,22,24.6,87.7
00,57,00,42,24.6,87.9
00,58,00,31,24.5,88.1
00,59,00,36,24.5,88.1
01,00,00,40,24.5,88.1
01,01,00,28,24.4,88.2
01,02,00,34,24.5,88.2
01,03,00,15,24.5,88.1
01,04,00,17,24.5,88.1
01,05,00,22,24.4,88.2
01,06,00,42,24.5,88.2
01,07,00,27,24.5,88.3
01,08,00,39,24.5,88.1
01,09,00,34,24.5,88.1
01,10,00,36,24.4,88.3
01,11,00,27,24.4,88.3
01,12,00,15,24.4,88.4
01,13,00,27,24.4,88.4
01,14,00,36,24.4,88.4
01,15,00,40,24.4,88.2
01,16,00,34,24.5,88
01,17,00,41,24.5,88.1
01,18,00,23,24.5,88.1
01,19,00,15,24.5,88.1
01,20,00,33,24.5,88.1
01,21,00,38,24.6,88.2
01,22,00,25,24.5,88.3
01,23,00,34,24.6,88.4
01,24,00,26,24.6,87.9
01,25,00,23,24.4,88.4
01,26,00,36,24.3,88.9
01,27,00,13,24.5,88.7
01,28,00,31,24.4,88.5
01,29,00,32,24.3,89.4
01,30,00,25,24.4,88.9
01,31,00,22,24.5,88.4
01,32,00,37,24.5,88.3
01,33,00,22,24.5,88.5
01,34,00,36,24.4,88.7
01,35,00,34,24.5,88.5
01,36,00,31,24.5,88.5
01,37,00,22,24.5,88.7
01,38,00,32,24.5,88.6
01,39,00,34,24.5,88.6
01,40,00,27,24.5,88.6
01,41,00,41,24.5,88.9
01,42,00,41,24.5,88.7
01,43,00,46,24.5,88.7
01,44,00,25,24.6,88.4
01,45,00,19,24.6,88.2
01,46,00,33,24.6,88.2
01,47,00,32,24.6,88.5
01,48,00,25,24.6,88.5
01,49,00,21,24.7,88.4
01,50,00,44,24.6,89
01,51,00,33,24.5,89.9
01,52,00,27,24.5,89.8
01,53,00,34,24.5,89.6
01,54,00,23,24.5,89.8
01,55,00,26,24.5,90
01,56,00,39,24.5,90
01,57,00,20,24.5,90.1
01,58,00,20,24.4,90.4
01,59,00,34,24.4,90.4
02,00,00,25,24.4,90.2
02,01,00,24,24.5,89.7
02,02,00,45,24.5,89.3
02,03,00,28,24.5,88.9
02,04,00,47,24.6,88.8
02,05,00,18,24.6,88.3
02,06,00,30,24.6,88.4
02,07,00,31,24.6,88.7
02,08,00,25,24.6,88.5
02,09,00,22,24.6,88.2
02,10,00,31,24.7,87.9
02,11,00,36,24.6,88.5
02,12,00,18,24.6,88.4
02,13,00,27,24.6,88.5
02,14,00,18,24.7,87.9
02,15,00,23,24.7,87.6
02,16,00,20,24.7,87.7
02,17,00,36,24.7,87.5
02,18,00,39,24.7,87.2
02,19,00,16,24.7,87.3
02,20,00,34,24.8,87
02,21,00,28,24.7,87.2
02,22,00,39,24.6,87
02,23,00,40,24.6,87.1
02,24,00,22,24.7,87.2
02,25,00,30,24.7,87
02,26,00,31,24.7,87.1
02,27,00,18,24.7,87.2
02,28,00,43,24.7,87.3
02,29,00,46,24.7,87.1
02,30,00,33,24.8,87.1
02,31,00,26,24.8,86.9
02,32,00,43,24.8,86.5
02,33,00,24,24.7,86.9
02,34,00,27,24.7,87
02,35,00,38,24.7,87.1
02,36,00,25,24.7,86.8
02,37,00,31,24.7,86.7
02,38,00,36,24.6,87.1
02,39,00,41,24.6,87.2
02,40,00,34,24.6,87.1
02,41,00,38,24.6,87.1
02,42,00,27,24.6,87.2
02,43,00,23,24.6,87.4
02,44,00,28,24.6,87.4
02,45,00,26,24.7,87.3
02,46,00,15,24.6,87.3
02,47,00,33,24.6,87.1
02,48,00,37,24.7,87.1
02,49,00,36,24.7,87.1
02,50,00,35,24.6,87.2
02,51,00,14,24.5,87.5
02,52,00,23,24.5,87.7
02,53,00,27,24.5,88
02,54,00,30,24.4,88
02,55,00,38,24.5,88
02,56,00,22,24.5,87.7
02,57,00,19,24.5,87.9
02,58,00,24,24.5,87.8
02,59,00,22,24.6,87.7
03,00,00,22,24.6,87.8
03,01,00,29,24.5,87.7
03,02,00,44,24.5,88.2
03,03,00,25,24.5,88.1
03,04,00,34,24.5,88.1
03,05,00,38,24.5,88.1
03,06,00,17,24.5,88
03,07,00,40,24.6,88
03,08,00,16,24.4,88.3
03,09,00,54,24.4,88.5
03,10,00,33,24.4,88.6
03,11,00,30,24.4,88.6
03,12,00,57,24.4,88.5
03,13,00,33,24.4,88.4
03,14,00,36,24.5,88.4
03,15,00,39,24.5,88.5
03,16,00,30,24.5,88.3
03,17,00,24,24.5,88.2
03,18,00,41,24.5,87.9
03,19,00,24,24.5,88.2
03,20,00,38,24.6,88.1
03,21,00,28,24.5,88.3
03,22,00,44,24.5,88.6
03,23,00,34,24.5,88.8
03,24,00,30,24.5,88.7
03,25,00,27,24.5,88.3
03,26,00,26,24.5,88.4
03,27,00,33,24.5,88.3
03,28,00,31,24.5,88.4
03,29,00,39,24.5,88.4
03,30,00,53,24.6,88.5
03,31,00,35,24.5,88.6
03,32,00,24,24.5,88.5
03,33,00,24,24.5,88.5
03,34,00,38,24.5,88.6
03,35,00,19,24.5,88.6
03,36,00,23,24.5,88.6
03,37,00,18,24.5,88.6
03,38,00,30,24.5,88.5
03,39,00,42,24.5,88.7
03,40,00,27,24.5,88.7
03,41,00,47,24.6,88.5
03,42,00,13,24.5,88.5
03,43,00,35,24.5,88.5
03,44,00,39,24.5,88.4
03,45,00,24,24.5,88.3
03,46,00,39,24.5,88.5
03,47,00,49,24.5,88.4
03,48,00,15,24.5,88.5
03,49,00,27,24.4,88.4
03,50,00,27,24.4,88.6
03,51,00,48,24.4,88.5
03,53,00,16,24.4,88.6
03,54,00,26,24.4,88.8
03,55,00,25,24.4,88.7
03,56,00,29,24.4,88.6
03,57,00,39,24.4,88.4
03,58,00,30,24.4,88.5
03,59,00,35,24.4,88.5
04,00,00,28,24.4,88.6
04,01,00,33,24.4,88.5
04,02,00,39,24.3,88.6
04,03,00,41,24.3,88.5
04,04,00,33,24.3,88.6
04,05,00,20,24.3,88.6
04,06,00,36,24.3,88.6
04,07,00,25,24.3,88.6
04,08,00,17,24.3,88.8
04,09,00,23,24.3,88.9
04,10,00,16,24.3,88.8
04,11,00,30,24.3,88.7
04,12,00,22,24.3,88.7
04,13,00,26,24.3,88.5
04,14,00,30,24.4,88.5
04,15,00,23,24.4,88.3
04,16,00,32,24.4,88.1
04,17,00,47,24.3,88.2
04,18,00,27,24.3,88.4
04,19,00,25,24.3,88.3
04,20,00,39,24.3,88.4
04,21,00,23,24.3,88.2
04,22,00,30,24.3,88.3
04,23,00,32,24.3,88.1
04,24,00,35,24.3,88
04,25,00,26,24.3,87.9
04,26,00,11,24.2,88.3
04,27,00,34,24.2,88.2
04,28,00,38,24.1,88.4
04,29,00,32,24.1,88.7
04,30,00,28,24.1,88.6
04,31,00,25,24.1,88.5
04,32,00,18,24.1,88.5
04,33,00,21,24.1,88.7
04,34,00,25,24,88.7
04,35,00,21,24,88.9
04,36,00,30,23.9,88.9
04,37,00,33,23.9,89
04,38,00,32,23.9,89
04,39,00,40,23.9,89
04,40,00,38,24,88.9
04,41,00,26,23.9,88.9
04,42,00,32,23.9,88.9
04,43,00,40,24,88.9
04,44,00,29,24,88.7
04,45,00,31,23.9,88.9
04,46,00,23,23.8,89.3
04,47,00,39,23.7,89.9
04,48,00,42,23.8,89.8
04,49,00,36,23.9,89.4
04,50,00,23,23.9,89.3
04,51,00,16,23.9,89.4
04,52,00,36,24,88.9
04,53,00,34,23.9,88.6
04,54,00,31,23.8,88.8
04,55,00,30,23.8,89.1
04,56,00,30,23.8,88.9
04,57,00,39,23.8,89.1
04,58,00,21,23.7,89.5
04,59,00,29,23.8,89.6
05,00,00,43,23.8,89.5
05,01,00,20,23.8,89.3
05,02,00,33,23.9,89.4
05,03,00,33,23.9,89.3
05,04,00,43,23.9,89
05,05,00,22,23.9,89
05,06,00,20,23.9,88.9
05,07,00,35,23.9,88.6
05,08,00,27,23.8,88.7
05,09,00,15,23.8,89
05,10,00,38,23.8,88.9
05,11,00,16,23.8,88.8
05,12,00,31,23.8,88.9
05,13,00,21,23.8,88.9
05,14,00,23,23.8,88.9
05,15,00,35,23.8,88.9
05,16,00,34,23.9,89
05,17,00,42,23.9,89
05,18,00,34,24,88.9
05,19,00,29,24,88.6
05,20,00,29,24,88.7
05,21,00,24,24,88.7
05,22,00,39,23.9,88.8
05,23,00,47,23.9,88.9
05,24,00,30,23.8,89.2
05,25,00,30,23.8,89.3
05,26,00,10,23.8,89.4
05,27,00,27,23.8,89.2
05,28,00,35,23.9,89.2
05,29,00,23,23.9,89.3
05,30,00,35,23.9,89.2
05,31,00,18,23.9,89.2
05,32,00,31,23.9,89
05,33,00,35,24,88.8
05,34,00,41,23.9,88.8
05,35,00,38,23.9,88.9
05,36,00,47,23.9,89
05,37,00,28,23.9,89.2
05,38,00,22,23.9,89.2
05,39,00,27,23.9,89.3
05,40,00,19,23.9,89.2
05,41,00,29,23.9,89.2
05,42,00,51,23.8,89.5
05,43,00,33,23.8,89.7
05,44,00,28,23.7,90
05,45,00,35,23.7,90.1
05,46,00,25,23.7,90.4
05,47,00,28,23.7,90.2
05,48,00,19,23.6,90.4
05,49,00,38,23.6,90.5
05,50,00,26,23.6,90.5
05,51,00,37,23.7,90.6
05,52,00,38,23.7,90.5
05,53,00,32,23.7,90.6
05,54,00,22,23.7,90.4
05,55,00,27,23.7,90.5
05,56,00,35,23.7,90.6
05,57,00,31,23.7,90.6
05,58,00,39,23.7,90.7
05,59,00,32,23.8,90.6
06,00,00,31,23.9,90.3
06,01,00,25,23.9,90
06,02,00,29,24,89.9
06,03,00,45,24,89.5
06,04,00,24,24,89.2
06,05,00,27,24.1,88.9
06,06,00,34,24.1,88.7
06,07,00,17,24.1,88.7
06,08,00,37,24.2,88.6
06,09,00,38,24.2,88.6
06,10,00,25,24.2,88.4
06,11,00,51,24.2,88.2
06,12,00,25,24.1,88.6
06,13,00,22,24,89.1
06,14,00,28,23.9,90
06,15,00,23,23.9,90.2
06,16,00,48,23.9,90
06,17,00,30,23.8,90.3
06,18,00,25,23.8,90.2
06,19,00,35,23.8,90.2
06,20,00,54,23.9,89.6
06,21,00,15,23.9,89.6
06,22,00,35,23.9,89.8
06,23,00,18,23.9,89.8
06,24,00,19,23.9,89.7
06,25,00,42,24,89.9
06,26,00,30,24,89.8
06,27,00,43,24,89.9
06,28,00,27,24,90.2
06,29,00,18,24,90.4
06,30,00,52,24,90.7
06,31,00,43,24,90.8
06,32,00,31,24,91
06,33,00,44,24,91
06,34,00,26,24.1,91
06,35,00,38,24.1,90.5
06,36,00,34,24.1,90.2
06,37,00,35,24.1,90.1
06,38,00,36,24.2,89.9
06,39,00,40,24.3,89.5
06,40,00,28,24.3,89.6
06,41,00,56,24.3,89.7
06,42,00,33,24.4,89.7
06,43,00,53,24.4,89.5
06,44,00,39,24.5,89.3
06,45,00,27,24.6,89.2
06,46,00,39,24.6,89.2
06,47,00,39,24.7,89.1
06,48,00,52,24.8,88.8
06,49,00,48,24.8,87.3
06,50,00,28,24.8,87.4
06,51,00,55,24.8,86.9
06,52,00,40,24.9,86.5
06,53,00,50,25,86.1
06,54,00,59,25,86.1
06,55,00,29,25.1,85.9
06,56,00,47,25.2,84.8
06,57,00,18,25.3,84.7
06,58,00,46,25.3,84.6
06,59,00,44,25.3,84
07,00,00,31,25.3,84.3
07,01,00,31,25.4,84.6
07,02,00,47,25.4,84.4
07,03,00,35,25.5,84.4
07,04,00,27,25.5,83.9
07,05,00,29,25.6,83.8
07,06,00,47,25.7,83.8
07,07,00,52,25.7,83.9
07,08,00,39,25.8,83.9
07,09,00,66,25.7,84
07,10,00,40,25.7,84.6
07,11,00,59,25.7,84.4
07,12,00,36,25.8,84.4
07,13,00,47,25.8,82.4
07,14,00,37,25.8,83.9
07,15,00,22,25.8,83
07,16,00,43,25.8,84
07,17,00,38,25.8,83.9
07,18,00,32,25.8,83.1
07,19,00,36,25.9,81.4
07,20,00,46,25.9,81.1
07,21,00,45,25.8,80.7
07,22,00,40,25.9,80.9
07,23,00,53,25.9,81.7
07,24,00,60,26,81.6
07,25,00,45,26.1,83
07,26,00,49,26.2,82.2
07,27,00,48,26.3,81.1
07,28,00,30,26.4,80.9
07,29,00,34,26.4,82.1
07,30,00,40,26.5,81.8
07,31,00,60,26.6,81.2
07,32,00,38,26.7,79.9
07,33,00,41,26.7,80.4
07,34,00,52,26.7,80.7
07,35,00,56,26.7,80.1
07,36,00,46,26.8,79.7
07,37,00,21,26.9,78.9
07,38,00,31,26.9,78.9
07,39,00,33,26.9,79.6
07,40,00,48,26.8,79
07,41,00,47,26.9,79.3
07,42,00,35,26.9,80.1
07,43,00,35,26.9,80.1
07,44,00,44,26.9,79.7
07,45,00,34,26.9,78.5
07,46,00,37,26.8,77.3
07,47,00,54,26.8,78.6
07,48,00,51,26.9,77.7
07,49,00,57,27,78.1
07,50,00,29,27,78.1
07,51,00,37,27,77.9
07,52,00,46,27.1,77.4
07,53,00,35,27,77.8
07,54,00,52,27.1,77.8
07,55,00,61,27.1,77.7
07,56,00,35,27.3,77.2
07,57,00,52,27.2,76.8
07,58,00,76,27.2,77.5
07,59,00,41,27.2,77.8
08,00,00,58,27.2,76.9
08,01,00,72,27.3,75.9
08,02,00,54,27.4,76.2
08,03,00,53,27.5,76.5
08,04,00,56,27.6,76.6
08,05,00,52,27.6,76.4
08,06,00,41,27.4,76.3
08,07,00,39,27.4,77.1
08,08,00,59,27.4,77.4
08,09,00,59,27.4,76.6
08,10,00,31,27.4,78.4
08,11,00,45,27.4,77.3
08,12,00,82,27.4,77.5
08,13,00,28,27.5,77.2
08,14,00,34,27.5,75.4
08,15,00,53,27.6,74.9
08,16,00,57,27.6,76.6
08,17,00,73,27.4,75.6
08,18,00,72,27.4,75.2
08,19,00,52,27.4,75.1
08,20,00,39,27.5,75.8
08,21,00,35,27.6,74.6
08,22,00,30,27.7,74.2
08,23,00,46,27.8,75
08,24,00,59,27.9,75.4
08,25,00,37,27.9,75.2
08,26,00,60,28,75.6
08,27,00,30,28,75.7
08,28,00,76,28,75
08,29,00,33,28,74.8
08,30,00,46,28,73.4
08,31,00,43,27.9,74.3
08,32,00,54,28,74.7
08,33,00,59,27.9,73
08,34,00,70,27.8,73.8
08,35,00,81,27.8,73.5
08,36,00,56,27.8,73.4
08,37,00,54,27.8,73.2
08,38,00,28,27.8,74.3
08,40,00,43,27.9,74.2
08,41,00,62,28,73.8
08,42,00,78,28.1,74.3
08,43,00,43,28.2,73.5
08,44,00,58,28.3,73.1
08,45,00,47,28.2,72.7
08,46,00,70,28.3,73
08,47,00,45,28.3,73.3
08,48,00,58,28.4,74.2
08,49,00,37,28.4,74.5
08,50,00,44,28.5,74.4
08,52,00,44,28.5,73.2
08,53,00,57,28.5,72.6
08,54,00,73,28.5,72.7
08,55,00,84,28.5,73.1
08,56,00,51,28.5,72.6
08,57,00,74,28.6,73.3
08,58,00,54,28.6,72.2
08,59,00,60,28.7,71.5
09,00,00,60,28.7,72.8
09,01,00,58,28.7,73.5
09,02,00,32,28.7,73.6
09,03,00,70,28.8,73.6
09,04,00,59,28.8,73
09,05,00,59,28.9,71.7
09,06,00,56,28.8,71
09,07,00,54,28.7,72.1
09,08,00,34,28.8,72.7
09,09,00,55,28.9,72.8
09,10,00,47,28.8,71.4
09,11,00,36,28.8,72
09,12,00,19,28.9,72
09,13,00,43,28.9,71.6
09,14,00,52,29,71.7
09,17,00,23,29.1,71
09,18,00,62,29.2,71.6
09,19,00,42,29.3,73
09,20,00,66,29.3,71.7
09,21,00,49,29.3,72
09,22,00,67,29.3,71.7
09,23,00,69,29.3,71.4
09,24,00,53,29.4,71.7
09,25,00,34,29.4,72.6
09,26,00,45,29.4,69.2
09,28,00,47,29.4,71.5
09,29,00,86,29.5,70.2
09,30,00,68,29.7,71.8
09,31,00,58,29.6,68.1
09,32,00,46,29.7,69.8
09,33,00,50,29.7,68.6
09,34,00,50,29.7,68
09,35,00,58,29.7,67.4
09,36,00,43,29.7,67.1
09,37,00,46,29.7,67.3
09,38,00,69,29.6,67
09,39,00,22,29.7,67.4
09,40,00,85,29.7,67.6
09,41,00,73,29.8,68.1
09,42,00,62,29.8,69
09,43,00,54,29.8,68.4
09,44,00,51,29.9,68.7
09,45,00,74,30,68.5
09,46,00,55,30.1,68.1
09,47,00,59,30.1,68.1
09,48,00,77,30,69.2
09,49,00,64,29.9,68.7
09,50,00,59,29.9,69.4
09,51,00,62,29.9,68.4
09,52,00,59,30,68.9
09,53,00,58,30,69
09,54,00,70,30.1,68.6
09,55,00,44,30.2,69.1
09,56,00,66,30.2,69.3
09,57,00,77,30.4,70.1
09,58,00,62,30.4,69.7
09,59,00,74,30.5,70.3
10,00,00,51,30.7,69.4
10,01,00,60,30.7,69.3
10,02,00,41,30.8,69.8
10,03,00,33,30.8,69.4
10,04,00,61,30.8,69.4
10,05,00,58,30.7,69.5
10,06,00,41,30.7,68.9
10,07,00,50,30.7,69.4
10,08,00,51,30.6,69.5
10,09,00,52,30.5,69.5
10,10,00,63,30.6,69.5
10,11,00,77,30.6,70.1
10,12,00,74,30.6,69.5
10,13,00,64,30.5,70
10,14,00,81,30.5,69.4
10,15,00,58,30.5,70.1
10,16,00,75,30.6,69.7
10,17,00,84,30.7,69.2
10,18,00,68,30.8,69.2
10,19,00,58,31,69.3
10,20,00,76,31,67.8
10,21,00,51,30.9,68.1
10,22,00,32,31,66.8
10,23,00,91,31,67.8
10,24,00,79,31.1,67.2
10,25,00,80,31.1,67.2
10,26,00,67,31.1,67.5
10,27,00,69,31,68.3
10,28,00,40,31.1,68.4
10,29,00,64,31.1,68.2
10,30,00,79,31.1,68.8
10,31,00,62,31,66.7
10,32,00,53,31.1,66.6
10,33,00,45,31,66.6
10,34,00,59,30.9,67.4
10,35,00,76,31,66.7
10,36,00,68,31.1,67.2
10,37,00,51,31.1,67.5
10,38,00,61,31.1,66.4
10,39,00,71,31.1,68
10,40,00,69,31.1,67.2
10,41,00,85,31.3,67.8
10,42,00,81,31.4,67.2
10,43,00,71,31.5,66.9
10,44,00,68,31.6,68.5
10,45,00,51,31.7,66.9
10,46,00,72,31.7,66.5
10,47,00,89,31.7,67.4
10,48,00,58,31.9,68
10,49,00,60,31.9,67.7
10,50,00,25,31.9,67.6
10,51,00,82,31.9,66.9
10,52,00,88,31.9,65.2
10,53,00,70,31.7,66.9
10,54,00,77,31.6,66.4
10,55,00,81,31.7,66.5
10,56,00,95,31.8,67.7
10,57,00,78,31.8,66
10,58,00,71,31.9,66.8
10,59,00,55,32.1,67.3
11,00,00,70,32.2,66.2
11,01,00,75,32.1,65.5
11,02,00,90,32.1,65.7
11,03,00,65,32.1,66
11,04,00,87,32,66.2
11,05,00,76,31.9,65.4
11,06,00,87,31.8,65.9
11,07,00,72,31.8,66.2
11,08,00,88,31.8,65.9
11,09,00,41,31.9,66
11,10,00,48,31.8,65.6
11,11,00,51,31.8,65.2
11,12,00,94,31.8,66.2
11,13,00,57,31.8,65.5
11,14,00,65,31.9,65
11,15,00,66,32,65.5
11,16,00,69,32,65.3
11,17,00,57,32,64.4
11,18,00,94,32,65.4
11,19,00,73,31.9,65.1
11,20,00,79,31.9,64.2
11,21,00,54,31.9,64.1
11,22,00,71,32.1,64.4
11,23,00,73,32.1,64.7
11,24,00,78,32,65.2
11,25,00,68,32,64.7
11,26,00,66,32.1,67.4
11,27,00,79,32.1,65.9
11,28,00,57,32.2,66.4
11,29,00,84,32.2,65
11,30,00,70,32.4,65.9
11,31,00,33,32.5,65
11,32,00,60,32.5,64.1
11,33,00,76,32.6,64.7
11,34,00,56,32.7,65.7
11,35,00,61,32.7,66.1
11,36,00,77,32.7,65.4
11,37,00,74,32.6,65.8
11,38,00,66,32.4,66.7
11,39,00,60,32.2,66.3
11,40,00,41,32.1,66.8
11,41,00,59,32.1,67.2
11,42,00,60,32.1,68.8
11,43,00,36,32.2,68
11,44,00,67,32.2,68.2
11,45,00,25,32.2,67.4
11,46,00,63,32.1,68
11,47,00,73,32,68.3
11,48,00,58,32.1,68.5
11,49,00,46,32,67.8
11,50,00,52,32,68.5
11,51,00,38,31.7,69
11,52,00,29,31.6,68.8
11,53,00,59,31.7,69.4
11,54,00,55,31.6,69.3
11,55,00,49,31.7,69.6
11,56,00,34,31.7,69.6
11,57,00,69,31.6,69.4
11,58,00,31,31.5,70.7
11,59,00,34,31.5,70
12,00,00,44,31.5,68.6
12,01,00,40,31.2,69.3
12,02,00,46,31.1,70.7
12,03,00,56,31,70.9
12,04,00,39,30.8,71.2
12,05,00,54,30.8,71.3
12,06,00,21,30.7,71.6
12,07,00,40,30.7,72.3
12,08,00,71,30.7,71.8
12,09,00,37,30.6,71.5
12,10,00,61,30.5,72.7
12,11,00,40,30.5,73
12,12,00,56,30.4,72.2
12,13,00,61,30.4,72.4
12,14,00,58,30.4,72.4
12,15,00,35,30.5,73.6
12,16,00,48,30.5,72.7
12,17,00,38,30.5,72.2
12,18,00,50,30.5,72
12,19,00,57,30.5,72.2
12,20,00,48,30.4,71.9
12,21,00,36,30.3,72.6
12,22,00,43,30.3,71.7
12,23,00,46,30.4,72.3
12,24,00,38,30.4,72.7
12,25,00,29,30.2,72.3
12,26,00,20,30.2,72.7
12,27,00,39,30.2,74.4
12,28,00,39,30.2,74.7
12,29,00,22,30.2,74
12,30,00,50,30,74
12,31,00,43,29.8,74.7
12,32,00,56,29.7,73.1
12,33,00,46,29.5,73.3
12,34,00,47,29.5,75.2
12,35,00,38,29.5,74.6
12,36,00,32,29.5,74.7
12,37,00,36,29.6,74.7
12,38,00,29,29.5,73.6
12,39,00,33,29.4,72.8
12,40,00,22,29.4,74.2
12,41,00,45,29.5,73.9
12,42,00,25,29.4,74.1
12,43,00,43,29.4,74.1
12,44,00,35,29.4,73.9
12,45,00,16,29.3,73.5
12,46,00,25,29.2,74.9
12,47,00,56,29.3,74.1
12,48,00,45,29.2,74.3
12,49,00,22,29.2,74.8
12,50,00,31,29.2,74.7
12,51,00,34,29.2,73.6
12,52,00,39,29.2,74
12,53,00,40,29.1,73.5
12,54,00,43,29.2,73.5
12,55,00,42,29.2,73.2
12,56,00,24,29.2,73.2
12,57,00,37,29.2,72.5
12,58,00,27,29,73.1
12,59,00,37,29,73.2
13,00,00,27,29,75
13,01,00,37,29,73.7
13,02,00,42,28.9,74.5
13,03,00,23,28.6,72.7
13,04,00,32,28.1,73.8
13,05,00,29,27.6,74.8
13,06,00,35,27.2,76.6
13,07,00,20,27.1,76.9
13,08,00,22,27.2,76.3
13,09,00,37,27.3,75.3
13,10,00,18,27.3,76
13,11,00,44,27.2,76.9
13,12,00,27,27.2,76.7
13,13,00,36,27.2,76.5
13,14,00,15,27.3,76.1
13,15,00,29,27.2,76.7
13,16,00,28,27.3,76.8
13,17,00,25,27.3,76.6
13,18,00,33,27.3,77
13,19,00,38,27.2,77.1
13,20,00,21,27.2,77.6
13,21,00,22,27,77.6
13,22,00,29,26.9,77.6
13,23,00,30,27,77.6
13,24,00,33,27,77.4
13,25,00,35,27.2,77.8
13,26,00,21,27.2,77.5
13,27,00,24,27.3,76.9
13,28,00,42,26.8,78.1
13,29,00,35,26.7,78.2
13,30,00,29,26.5,79.1
13,31,00,31,26.5,79.2
13,32,00,35,26.5,79.5
13,33,00,22,26.6,79.6
13,34,00,67,26.6,79.6
13,35,00,26,26.7,78.8
13,36,00,36,26.9,79
13,37,00,54,26.9,78.8
13,38,00,30,27.1,78.7
13,39,00,59,27.1,78.3
13,40,00,25,27.1,78.9
13,41,00,31,26.9,79
13,42,00,48,26.9,79.3
13,43,00,32,26.9,79.4
13,44,00,28,26.9,79.6
13,45,00,29,26.9,79.5
13,46,00,50,27,79.5
13,47,00,31,27.1,79.6
13,48,00,43,27.2,79.9
13,49,00,27,27,79.3
13,50,00,33,26.7,81
13,51,00,18,26.8,80.9
13,52,00,28,26.8,80.8
13,53,00,41,26.8,80.5
13,54,00,22,26.8,80.5
13,55,00,43,26.9,80.3
13,56,00,28,27,80.4
13,57,00,29,27.1,81.2
13,58,00,25,27.1,80.9
13,59,00,29,27,81.3
14,00,00,34,27,80.2
14,01,00,65,27,80.6
14,02,00,33,27.1,80
14,03,00,38,26.9,79.6
14,04,00,42,26.9,79.9
14,05,00,38,26.9,80.4
14,06,00,30,27,80.6
14,07,00,41,27,79.7
14,08,00,35,27,79.8
14,09,00,39,27,80.2
14,10,00,46,26.9,80.7
14,11,00,27,26.8,81.1
14,12,00,20,26.8,81.2
14,13,00,47,26.8,81.4
14,14,00,41,26.6,81.6
14,15,00,43,26.7,81.2
14,16,00,24,26.8,81.2
14,17,00,22,26.8,81.9
14,18,00,16,26.9,81.3
14,19,00,28,26.9,81.6
14,20,00,20,26.9,81.4
14,21,00,28,26.8,81.4
14,22,00,47,26.7,82.2
14,23,00,25,26.7,82.4
14,24,00,30,26.8,82.4
14,25,00,18,26.9,81.8
14,26,00,21,26.8,82.2
14,27,00,25,26.8,82.5
14,28,00,38,26.8,82.3
14,29,00,31,27,82.3
14,30,00,32,27,82.1
14,31,00,43,27,81.8
14,32,00,31,27,82.1
14,33,00,25,27.1,81.9
14,34,00,31,27.2,81.9
14,35,00,29,27.2,81.8
14,36,00,36,27.3,82.1
14,37,00,40,27.2,82.4
14,38,00,31,27.3,82
14,39,00,48,27.3,82.3
14,40,00,49,27.3,81.9
14,41,00,43,27.3,81.4
14,42,00,27,27.3,81.8
14,43,00,34,27.4,82
14,44,00,54,27.4,83.6
14,45,00,35,27.4,84
14,46,00,32,27.4,84.6
14,47,00,31,27.3,85.2
14,48,00,47,27.3,85.4
14,49,00,19,27.3,84.2
14,50,00,31,27.4,84.8
14,51,00,53,27.4,84.7
14,52,00,42,27.4,84.5
14,53,00,50,27.4,84.4
14,54,00,45,27.5,85.6
14,55,00,52,27.5,85.2
14,56,00,59,27.5,85.9
14,57,00,26,27.5,85.5
14,58,00,32,27.5,84.7
14,59,00,35,27.5,84.6
15,00,00,32,27.5,83.9
15,01,00,61,27.5,84
15,02,00,31,27.5,83.3
15,03,00,35,27.5,84.6
15,04,00,54,27.5,82.9
15,05,00,36,27.5,82.4
15,06,00,27,27.5,83.4
15,07,00,40,27.6,82.7
15,08,00,30,27.6,82
15,09,00,38,27.6,82.6
15,10,00,56,27.7,82.9
15,11,00,48,27.6,83.8
15,12,00,35,27.6,83.2
15,13,00,50,27.7,82.9
15,14,00,35,27.7,83.3
15,15,00,22,27.7,83.7
15,16,00,32,27.5,82
15,17,00,46,27.5,82.1
15,18,00,27,27.5,82.5
15,19,00,38,27.5,82.4
15,20,00,30,27.5,83.7
15,21,00,47,27.4,83.7
15,22,00,59,27.5,81.3
15,23,00,36,27.4,82.1
15,24,00,51,27.5,82.5
15,25,00,37,27.4,82.9
15,26,00,55,27.5,83
15,27,00,43,27.6,82.8
15,28,00,30,27.4,82.5
15,29,00,61,27.2,83.5
15,30,00,47,27.2,83.8
15,31,00,35,27.3,83.3
15,32,00,24,27.2,83.2
15,33,00,43,27.2,84.4
15,34,00,60,27.3,84.3
15,35,00,43,27.2,83.2
15,36,00,26,27.2,84.1
15,37,00,43,27.3,83.1
15,38,00,16,27.2,82.8
15,39,00,33,27,83.9
15,40,00,36,27,83.2
15,41,00,34,26.9,83.4
15,42,00,44,27,83.8
15,43,00,45,27,83.8
15,44,00,23,27.1,83.3
15,45,00,26,27,82.9
15,46,00,38,26.7,84
15,47,00,20,26.7,84.5
15,48,00,34,26.6,84.7
15,49,00,50,26.8,84.7
15,50,00,42,26.9,85.3
15,51,00,42,27,84.3
15,52,00,33,27,84.3
15,53,00,24,26.8,84.3
15,54,00,26,26.8,84.6
15,55,00,33,26.7,85
15,56,00,29,26.8,84.9
15,57,00,36,26.8,85.4
15,58,00,26,26.9,84.6
15,59,00,32,26.9,84.9
16,00,00,30,26.8,84.4
16,01,00,34,26.8,84.3
16,02,00,26,26.7,83.6
16,03,00,32,26.7,84.1
16,04,00,42,26.7,85.1
16,05,00,24,26.7,85.6
16,06,00,33,26.8,84.5
16,07,00,37,26.7,84.5
16,08,00,28,26.6,85.1
16,09,00,27,26.6,85.2
16,10,00,24,26.4,85.4
16,11,00,32,26.3,86
16,12,00,31,26.3,86.5
16,13,00,41,26.4,86.1
16,14,00,29,26.4,86.2
16,15,00,49,26.6,85.3
16,16,00,29,26.7,85
16,17,00,16,26.7,83.9
16,18,00,29,26.6,84.5
16,19,00,20,26.7,83.3
16,20,00,11,26.7,83.2
16,21,00,26,26.8,82.9
16,22,00,38,26.8,82.5
16,23,00,47,26.8,82.2
16,24,00,35,26.8,84.2
16,25,00,38,26.7,84.6
16,26,00,40,26.7,85.4
16,27,00,34,26.6,86
16,28,00,26,26.5,86.2
16,29,00,31,26.4,87.2
16,30,00,34,26.3,87.2
16,31,00,24,26.3,87.5
16,32,00,17,26.3,87.2
16,33,00,41,26.2,87.2
16,34,00,33,26.2,87.3
16,35,00,45,26.2,86.9
16,36,00,51,26.3,87.4
16,37,00,28,26.4,87
16,38,00,38,26.4,86.8
16,39,00,62,26.5,86.6
16,40,00,33,26.5,86.5
16,41,00,41,26.5,86.2
16,42,00,26,26.6,86.5
16,43,00,31,26.6,86.6
16,44,00,25,26.6,86
16,45,00,45,26.6,85.4
16,46,00,30,26.6,83.9
16,47,00,35,26.7,84.5
16,48,00,30,26.6,84.2
16,49,00,34,26.7,84
16,50,00,35,26.7,84.9
16,51,00,33,26.8,84.6
16,52,00,24,26.7,84.8
16,53,00,32,26.7,85
16,54,00,59,26.6,85.2
16,55,00,36,26.5,86
16,56,00,20,26.5,85.8
16,57,00,28,26.6,84.6
16,58,00,45,26.5,85
16,59,00,32,26.5,84.9
17,00,00,30,26.5,84.5
17,01,00,30,26.4,84.9
17,02,00,12,26.4,84.7
17,03,00,29,26.3,84.5
17,04,00,25,26.3,84.4
17,05,00,23,26.2,84.9
17,06,00,27,26.2,84.9
17,07,00,48,26.1,85.4
17,08,00,30,26.2,85.7
17,09,00,40,26.2,85.3
17,10,00,27,26.1,85.4
17,11,00,22,26.2,85.3
17,12,00,18,26.2,85.5
17,13,00,29,26.1,84.5
17,14,00,16,26.1,84.2
17,15,00,27,26.2,84.1
17,16,00,33,26.2,84.1
17,17,00,24,26.1,83.8
17,18,00,27,26.1,84.5
17,19,00,27,26.2,84.3
17,20,00,24,26.3,84
17,21,00,26,26.4,83.8
17,22,00,54,26.4,84
17,23,00,23,26.4,82.9
17,24,00,28,26.3,83.6
17,25,00,31,26.2,84.3
17,26,00,25,26.3,84.2
17,27,00,39,26.2,83.7
17,28,00,36,26.3,84.1
17,29,00,29,26.4,84.1
17,30,00,40,26.4,83.6
17,31,00,46,26.4,83.4
17,32,00,36,26.4,84.5
17,33,00,28,26.4,84.9
17,34,00,36,26.3,85.5
17,35,00,15,26.3,86.2
17,36,00,52,26.4,85.5
17,37,00,22,26.4,85.6
17,38,00,45,26.4,86
17,39,00,21,26.2,86.9
17,40,00,32,26.2,87.4
17,41,00,36,26.3,86.9
17,42,00,59,26.3,86.7
17,43,00,25,26.3,86.5
17,44,00,44,26.2,86.1
17,45,00,29,26.2,86.2
17,46,00,33,26.2,86.4
17,47,00,38,26.2,86.1
17,48,00,16,26.2,86.2
17,49,00,29,26.1,86.3
17,50,00,33,26.1,85.9
17,51,00,26,26,86.3
17,52,00,13,26,86.5
17,53,00,36,26,86.5
17,54,00,32,26.2,86.3
17,55,00,29,26.2,86
17,56,00,19,26.1,86.3
17,57,00,20,26.2,85.7
17,58,00,50,26.2,85.9
17,59,00,42,26.2,85.9
18,00,00,35,26.2,85.2
18,01,00,48,26.3,85.1
18,02,00,38,26.3,84.9
18,03,00,45,26.3,84.8
18,04,00,36,26.3,84.9
18,05,00,32,26.3,84.9
18,06,00,46,26.3,85.4
18,07,00,33,26.3,85.7
18,08,00,24,26.2,86.2
18,09,00,18,26.1,86.6
18,10,00,39,26,86.7
18,11,00,38,25.9,87.2
18,12,00,18,25.9,87.4
18,13,00,44,25.8,87.7
18,14,00,31,25.8,87.9
18,15,00,35,25.7,88.1
18,16,00,25,25.7,88.3
18,17,00,24,25.7,88.1
18,18,00,35,25.7,88.1
18,19,00,41,25.8,88.1
18,20,00,27,25.8,88.1
18,21,00,28,25.8,88.1
18,22,00,44,25.8,87.9
18,23,00,27,25.8,88
18,24,00,24,25.9,87.9
18,25,00,18,25.9,88.1
18,26,00,48,25.9,87.8
18,27,00,26,25.8,88
18,28,00,37,25.9,87.9
18,29,00,27,25.8,88.1
18,30,00,31,25.8,88.2
18,31,00,33,25.7,88.3
18,32,00,22,25.7,88.4
18,33,00,33,25.7,88.8
18,34,00,32,25.7,88.4
18,35,00,25,25.8,88.3
18,36,00,34,25.8,88.2
18,37,00,27,25.9,88.2
18,38,00,39,25.9,88.1
18,39,00,21,25.9,88
18,40,00,23,25.9,87.8
18,41,00,18,26,87.8
18,42,00,31,26,88
18,43,00,19,26,88.1
18,44,00,6,26,87.7
18,45,00,28,26,87.7
18,46,00,29,26,87.7
18,47,00,26,26,87.9
18,48,00,29,25.9,88.1
18,49,00,40,25.9,87.9
18,50,00,31,25.9,88.2
18,51,00,20,25.9,88.2
18,52,00,29,25.9,88.2
18,53,00,28,25.9,88.5
18,54,00,29,25.9,88.5
18,55,00,15,25.9,88.3
18,56,00,37,25.9,88.2
18,57,00,24,25.9,88.1
18,58,00,35,25.9,88.1
18,59,00,17,25.9,88.4
19,00,00,43,25.9,88.6
19,01,00,44,25.9,88.6
19,02,00,23,26,88.3
19,03,00,39,26,88.1
19,04,00,29,25.9,88.5
19,05,00,32,25.9,88.8
19,06,00,34,26,88.7
19,07,00,39,26,88.4
19,08,00,14,26.1,88
19,09,00,31,26.1,88
19,10,00,30,26.1,87.9
19,11,00,28,26.1,88.1
19,12,00,37,26,88.3
19,13,00,42,26,88
19,14,00,17,26,88.2
19,15,00,30,26,87.9
19,16,00,35,26,87.8
19,17,00,18,26,87.3
19,18,00,26,26.1,87.4
19,19,00,35,26.1,87.4
19,20,00,31,26.1,87.8
19,21,00,25,26,88
19,22,00,47,26,88
19,23,00,34,26,88
19,24,00,31,26.1,88
19,25,00,28,26,87.7
19,26,00,38,25.9,87.7
19,27,00,46,26,87.4
19,28,00,22,26,87.6
19,29,00,23,26,87.5
19,30,00,30,26.1,87
19,31,00,25,26.1,86.8
19,32,00,4,26.2,86.4
19,33,00,24,26.2,86.5
19,34,00,25,26.1,87
19,35,00,24,26.1,86.6
19,36,00,25,26.2,86.9
19,37,00,16,26.1,86.9
19,38,00,22,26,87.5
19,39,00,16,25.9,88
19,40,00,21,25.9,88.1
19,41,00,27,25.8,88.2
19,42,00,32,25.8,88.3
19,43,00,34,25.8,88.4
19,44,00,24,25.7,88.4
19,45,00,25,25.7,88.6
19,46,00,33,25.6,88.6
19,47,00,22,25.7,88.5
19,48,00,42,25.7,88.6
19,49,00,21,25.7,88.5
19,50,00,30,25.7,88.5
19,51,00,39,25.8,88.5
19,52,00,18,25.8,88.3
19,53,00,27,25.8,88.2
19,54,00,28,25.8,88.5
19,55,00,37,25.8,88.7
19,56,00,51,25.7,88.9
19,57,00,34,25.7,89
19,58,00,21,25.6,89
19,59,00,43,25.6,89.2
20,00,00,34,25.7,88.9
20,01,00,22,25.7,88.6
20,02,00,51,25.7,88.6
20,03,00,20,25.7,88.7
20,04,00,40,25.7,88.6
20,05,00,30,25.7,88.5
20,06,00,27,25.6,88.6
20,07,00,20,25.7,88.7
20,08,00,33,25.7,88.7
20,09,00,31,25.7,88.7
20,10,00,33,25.8,88.5
20,11,00,29,25.8,88.4
20,12,00,27,25.8,88.2
20,13,00,20,25.8,88.5
20,14,00,32,25.7,88.7
20,16,00,24,25.5,89.5
20,17,00,27,25.5,89.2
20,18,00,23,25.5,89.3
20,19,00,28,25.5,89.4
20,20,00,35,25.5,89.2
20,21,00,35,25.5,89.2
20,22,00,24,25.6,89
20,23,00,38,25.6,88.9
20,24,00,24,25.6,88.9
20,25,00,37,25.6,88.7
20,26,00,40,25.6,88.9
20,28,00,29,25.5,89.3
20,29,00,38,25.5,89.4
20,30,00,34,25.5,89.5
20,31,00,19,25.4,89.7
20,32,00,26,25.3,89.9
20,33,00,30,25.3,90
20,34,00,38,25.3,90.2
20,35,00,44,25.4,90
20,36,00,21,25.4,89.9
20,37,00,31,25.4,90.1
20,38,00,26,25.4,90
20,39,00,33,25.4,89.6
20,40,00,20,25.5,89.6
20,41,00,36,25.5,89.3
20,42,00,29,25.5,89.3
20,43,00,26,25.5,89.3
20,44,00,38,25.4,89.6
20,45,00,27,25.4,89.8
20,46,00,36,25.3,89.9
20,47,00,32,25.3,90.2
20,48,00,29,25.3,90.3
20,49,00,36,25.3,90
20,50,00,30,25.4,90
20,51,00,25,25.4,90
20,52,00,31,25.4,89.9
20,53,00,25,25.4,89.8
20,54,00,43,25.5,89.6
20,55,00,35,25.5,89.5
20,56,00,26,25.6,89.3
20,57,00,33,25.6,89.1
20,58,00,45,25.6,89.1
20,59,00,43,25.6,88.9
21,00,00,26,25.6,88.6
21,01,00,29,25.6,88.6
21,02,00,44,25.6,89.1
21,03,00,29,25.6,88.8
21,04,00,38,25.7,88.7
21,05,00,30,25.6,88.7
21,06,00,27,25.6,88.9
21,07,00,26,25.6,88.8
21,08,00,33,25.6,89
21,09,00,25,25.6,88.9
21,10,00,29,25.6,88.9
21,11,00,16,25.6,89.1
21,12,00,32,25.6,89.1
21,13,00,17,25.7,89
21,14,00,44,25.6,89.1
21,15,00,39,25.6,89.4
21,16,00,19,25.7,89.1
21,17,00,26,25.8,89.1
21,18,00,28,25.8,89.1
21,19,00,49,25.8,89.3
21,20,00,33,25.8,89.3
21,21,00,50,25.7,89.3
21,22,00,28,25.8,89.1
21,23,00,35,25.8,89.3
21,24,00,18,25.8,89.7
21,25,00,30,25.8,89.3
21,26,00,33,25.8,89.3
21,27,00,28,25.9,89.3
21,28,00,22,25.9,89
21,29,00,28,25.9,88.8
21,30,00,23,25.8,89.6
21,31,00,38,25.8,88.8
21,32,00,52,25.8,88.9
21,33,00,26,25.8,88.4
21,34,00,23,25.8,88.1
21,35,00,23,25.8,88.1
21,36,00,31,25.8,88.2
21,37,00,27,25.9,88.3
21,38,00,33,25.8,88.4
21,39,00,29,25.8,88.3
21,40,00,21,25.8,88.6
21,41,00,29,25.9,88.7
21,42,00,19,25.9,88.5
21,43,00,29,25.9,88.7
21,44,00,24,25.9,88.6
21,45,00,38,25.9,89.2
21,46,00,15,25.8,89.5
21,47,00,31,25.8,89.8
21,48,00,39,25.7,89.9
21,49,00,23,25.8,89.9
21,50,00,48,25.8,89.6
21,51,00,25,25.7,89.9
21,52,00,22,25.8,89.4
21,53,00,17,25.7,89.3
21,54,00,17,25.8,89.1
21,55,00,26,25.8,89.1
21,56,00,17,25.8,89.2
21,58,00,31,25.9,88.5
21,59,00,36,25.9,88.6
22,00,00,39,25.9,88.8
22,01,00,25,25.8,89.2
22,02,00,25,25.8,89.6
22,03,00,30,25.7,89.8
22,05,00,18,25.8,89.1
22,06,00,13,25.9,88.7
22,07,00,30,25.8,88.9
22,08,00,30,25.9,88.9
22,09,00,26,25.9,88.6
22,10,00,32,26,88.7
22,11,00,25,25.9,89
22,12,00,36,25.9,88.9
22,13,00,36,25.9,88.8
22,14,00,29,25.8,89
22,15,00,34,25.8,89.5
22,16,00,45,25.8,88.9
22,17,00,23,25.8,89.5
22,18,00,48,25.7,89.7
22,19,00,26,25.7,90.1
22,20,00,45,25.7,90.3
22,21,00,27,25.7,90.4
22,22,00,47,25.7,89.8
22,23,00,37,25.7,89.8
22,24,00,39,25.8,89.8
22,25,00,37,25.8,89.6
22,26,00,47,25.8,89.7
22,27,00,24,25.8,89.5
22,28,00,30,25.8,89.8
22,29,00,36,25.8,89.6
22,30,00,54,25.8,89.7
22,31,00,27,25.9,89.2
22,32,00,45,25.9,89.1
22,33,00,35,25.9,89.3
22,34,00,23,25.9,89.3
22,35,00,19,25.9,89.3
22,36,00,20,25.8,89.3
22,37,00,40,25.8,89.3
22,38,00,24,25.8,89.6
22,39,00,22,25.8,88.9
22,40,00,40,25.8,88.9
22,41,00,31,25.8,88.9
22,42,00,32,25.8,89.2
22,43,00,37,25.8,89.1
22,44,00,15,25.8,88.8
22,45,00,49,25.8,88.9
22,46,00,27,25.8,88.9
22,47,00,36,25.8,88.7
22,48,00,26,25.7,88.8
22,49,00,33,25.8,88.8
22,50,00,31,25.8,88.9
22,51,00,13,25.8,89
22,52,00,30,25.8,88.8
22,53,00,21,25.7,89.3
22,54,00,36,25.6,90
22,55,00,30,25.6,90.2
22,56,00,42,25.6,90.2
22,57,00,41,25.7,89.8
22,58,00,27,25.7,89.8
22,59,00,32,25.7,89.8
23,00,00,13,25.7,89.7
23,01,00,30,25.6,90
23,02,00,24,25.6,89.9
23,03,00,29,25.6,90.1
23,04,00,39,25.6,90
23,05,00,32,25.7,89.6
23,06,00,41,25.7,89.1
23,07,00,32,25.7,89
23,08,00,20,25.6,89.1
23,09,00,23,25.6,89
23,10,00,41,25.6,88.7
23,11,00,28,25.6,88.5
23,12,00,25,25.4,88.2
23,13,00,25,25.4,88.6
23,14,00,26,25.4,88.4
23,15,00,36,25.4,88.3
23,16,00,31,25.4,88.4
23,17,00,33,25.3,88.4
23,18,00,24,25.3,88.4
23,19,00,30,25.2,88.6
23,20,00,25,25.2,88.4
23,21,00,56,25.1,88.7
23,22,00,39,25.1,88.7
23,23,00,31,25.1,88.4
23,24,00,22,25.2,88.2
23,25,00,23,25.2,88.1
23,26,00,37,25.3,87.9
23,27,00,31,25.3,87.8
23,28,00,23,25.3,87.8
23,29,00,25,25.3,87.8
23,30,00,23,25.3,87.6
23,31,00,33,25.3,87.7
23,32,00,38,25.2,87.8
23,33,00,41,25.3,87.8
23,34,00,20,25.3,88.1
23,35,00,25,25.3,87.9
23,36,00,36,25.3,88.9
23,37,00,40,25.1,89.1
23,38,00,22,25.1,89.6
23,39,00,38,25.1,89.3
23,40,00,46,25.1,89.6
23,41,00,32,25.1,89.3
23,42,00,30,25.2,89
23,43,00,43,25.3,88.6
23,44,00,38,25.3,88.3
23,45,00,31,25.3,88.1
23,46,00,35,25.4,87.9
23,47,00,40,25.3,88
23,48,00,30,25.4,88
23,49,00,30,25.3,88.4
23,50,00,47,25.3,88.6
23,51,00,29,25.2,89.1
23,52,00,23,25.2,89.2
23,53,00,39,25.1,89.2
23,54,00,53,25.1,89.3
23,55,00,35,25.1,89.2
23,56,00,30,25.1,89.2
23,57,00,33,25.1,89.1
23,58,00,26,25.2,89
23,59,00,37,25.2,88.6
