00,00,00,55,24.8,91.6
00,01,00,17,24.8,91.3
00,02,00,35,24.8,91
00,03,00,32,24.9,91.3
00,04,00,21,24.8,91.5
00,05,00,38,24.7,91.6
00,06,00,33,24.8,91.4
00,07,00,41,24.8,91.7
00,08,00,31,24.7,91.7
00,09,00,43,24.7,92.1
00,10,00,55,24.7,91.6
00,11,00,37,24.7,92
00,12,00,40,24.7,91.9
00,13,00,28,24.7,92
00,14,00,44,24.7,91.9
00,15,00,32,24.7,91.5
00,16,00,38,24.8,91.7
00,17,00,65,24.7,91.4
00,18,00,18,24.6,91.6
00,19,00,40,24.6,92
00,20,00,27,24.5,91.9
00,21,00,36,24.6,91.6
00,22,00,41,24.7,91.3
00,23,00,13,24.6,91.2
00,24,00,25,24.6,91.1
00,25,00,20,24.5,91.2
00,26,00,24,24.6,91.5
00,27,00,26,24.6,91.4
00,28,00,17,24.7,91.1
00,29,00,48,24.6,91.1
00,30,00,25,24.5,91.8
00,31,00,31,24.5,91.8
00,32,00,38,24.5,91.3
00,33,00,36,24.5,91.8
00,34,00,23,24.5,91.5
00,35,00,29,24.6,91.4
00,36,00,32,24.6,90.8
00,37,00,32,24.6,90.9
00,38,00,34,24.7,90.8
00,39,00,31,24.7,90.8
00,40,00,21,24.7,90.5
00,41,00,51,24.7,90.6
00,42,00,38,24.6,90.7
00,43,00,25,24.6,91
00,44,00,27,24.6,91.3
00,45,00,38,24.6,90.9
00,46,00,33,24.5,91.2
00,47,00,28,24.6,91.1
00,48,00,28,24.5,91
00,49,00,33,24.4,91.7
00,50,00,43,24.3,92
00,51,00,36,24.3,92.2
00,52,00,19,24.4,91.7
00,53,00,24,24.4,91.3
00,54,00,33,24.4,91.2
00,55,00,53,24.4,91.4
00,56,00,51,24.5,91.8
00,57,00,28,24.5,91.1
00,58,00,40,24.5,91.2
00,59,00,37,24.5,90.8
01,00,00,28,24.4,91.2
01,01,00,26,24.4,91.2
01,02,00,23,24.4,91.4
01,03,00,38,24.5,91.3
01,04,00,39,24.5,91.1
01,05,00,30,24.4,91.2
01,06,00,24,24.3,91.6
01,07,00,38,24.3,92.1
01,08,00,32,24.3,91.7
01,09,00,24,24.3,91.8
01,10,00,20,24.3,91.6
01,11,00,16,24.3,91.8
01,12,00,26,24.3,91.9
01,13,00,19,24.3,91.2
01,14,00,43,24.3,91.7
01,15,00,13,24.3,91.6
01,16,00,27,24.3,91.5
01,17,00,59,24.3,91.7
01,18,00,24,24.3,91.7
01,19,00,31,24.3,91.9
01,20,00,31,24.3,91.9
01,21,00,30,24.3,91.8
01,22,00,45,24.3,91.5
01,23,00,39,24.2,91.7
01,24,00,29,24.2,92.3
01,25,00,39,24.3,92.1
01,26,00,22,24.3,91.8
01,27,00,8,24.3,91.6
01,28,00,20,24.2,91.9
01,29,00,39,24.3,91.9
01,30,00,21,24.4,91.4
01,31,00,33,24.3,91.5
01,32,00,25,24.3,91.9
01,33,00,30,24.2,92.2
01,34,00,25,24.1,92
01,35,00,31,24.1,92.2
01,36,00,25,24.2,92.2
01,37,00,24,24.3,91.8
01,38,00,30,24.4,91.6
01,39,00,13,24.4,91.8
01,40,00,31,24.3,91.9
01,41,00,48,24.2,92.1
01,42,00,34,24.2,92.2
01,43,00,14,24.1,92.2
01,44,00,14,24.2,91.8
01,45,00,30,24.3,91.8
01,46,00,33,24.2,91.6
01,47,00,34,24.2,91.8
01,48,00,40,24.2,92.2
01,50,00,22,24.2,92.4
01,52,00,57,24.2,92
01,53,00,32,24.2,92
01,54,00,43,24.2,91.8
01,55,00,39,24.2,92.1
01,56,00,22,24.2,92
01,57,00,35,24.1,91.9
01,58,00,32,24.2,92.1
01,59,00,23,24.2,91.7
02,00,00,27,24.2,91.9
02,01,00,30,24.2,91.9
02,02,00,31,24.1,92.3
02,03,00,21,24.1,92.4
02,04,00,29,24.1,92.7
02,05,00,36,24.1,92.5
02,06,00,25,24,92.5
02,07,00,16,24,92.8
02,08,00,14,24.1,92.5
02,09,00,31,24.2,92.3
02,10,00,37,24.2,92.1
02,11,00,44,24.1,92.2
02,12,00,23,24.1,92.7
02,13,00,28,24.2,92.1
02,14,00,33,24.1,92
02,15,00,34,24.1,92.2
02,16,00,30,24,92.4
02,17,00,39,24.1,92.5
02,18,00,24,24.2,91.6
02,19,00,34,24.2,91.8
02,21,00,28,24.3,91.6
02,22,00,29,24.3,91.7
02,23,00,28,24.2,91.9
02,24,00,43,24.1,92.1
02,25,00,42,24.1,91.9
02,26,00,18,24.1,92
02,27,00,48,24.2,91.8
02,28,00,26,24.1,92
02,29,00,32,24.1,91.8
02,30,00,32,24,92.1
02,31,00,52,24,92.1
02,32,00,29,24,92.1
02,33,00,50,24,91.8
02,34,00,30,23.9,92
02,35,00,37,23.9,92.2
02,36,00,10,23.9,92
02,37,00,28,23.9,92.2
02,38,00,31,24,91.8
02,39,00,55,24,91.9
02,40,00,37,24,91.8
02,41,00,22,24,91.6
02,42,00,21,24,92
02,43,00,36,24,91.7
02,44,00,24,23.9,91.9
02,45,00,28,23.9,92.3
02,46,00,21,23.9,92.5
02,47,00,44,23.8,92.3
02,48,00,22,23.9,92.7
02,49,00,23,23.9,92.5
02,50,00,39,23.9,92.3
02,51,00,32,24,92.2
02,52,00,25,24.1,91.7
02,53,00,25,24.1,91.6
02,54,00,24,24,91.3
02,55,00,28,24,91.9
02,56,00,30,23.9,92.2
02,57,00,27,23.9,92.3
02,58,00,31,23.9,92.3
02,59,00,43,23.9,91.9
03,00,00,18,23.9,92.1
03,01,00,23,24,92.1
03,02,00,41,24,91.7
03,03,00,35,24,91.6
03,04,00,23,23.9,92
03,05,00,20,23.9,92.3
03,06,00,25,24,91.7
03,07,00,42,24,91.3
03,08,00,41,24.1,91.2
03,09,00,31,24.1,90.4
03,10,00,24,24,90.5
03,11,00,33,24,90.9
03,12,00,24,23.9,90.8
03,13,00,37,23.9,91
03,14,00,38,23.9,91.7
03,15,00,48,23.9,91.3
03,16,00,23,23.8,91.9
03,17,00,18,23.9,91.9
03,18,00,17,23.9,92
03,19,00,26,23.9,91.6
03,20,00,45,24,91.4
03,21,00,27,23.9,91.7
03,22,00,37,23.9,92.1
03,23,00,43,24,91.9
03,24,00,34,24,91.8
03,25,00,26,23.9,91.4
03,26,00,31,23.8,91.9
03,27,00,45,23.8,92.2
03,28,00,32,23.8,92.2
03,29,00,39,23.7,92.7
03,30,00,23,23.7,92.7
03,31,00,42,23.8,92.4
03,32,00,42,23.9,92
03,33,00,24,24,91.3
03,34,00,36,24,91.3
03,35,00,48,24,91.3
03,36,00,34,24,91.3
03,37,00,24,24,91.1
03,38,00,36,24,90.9
03,39,00,41,24.1,90.9
03,40,00,48,24,90.9
03,41,00,34,23.9,90.8
03,42,00,27,23.9,91.1
03,43,00,33,24,91.3
03,44,00,43,24,91.1
03,45,00,33,24,91.3
03,46,00,37,23.9,91.5
03,47,00,16,23.8,91.9
03,48,00,26,23.8,91.9
03,49,00,46,23.8,92.1
03,50,00,52,23.7,92.4
03,51,00,36,23.7,92.4
03,52,00,41,23.7,92.3
03,53,00,56,23.7,92.2
03,54,00,36,23.8,92.2
03,55,00,44,23.7,92.5
03,56,00,16,23.7,92.2
03,57,00,25,23.7,92.4
03,58,00,25,23.7,92.2
03,59,00,34,23.7,92.1
04,00,00,55,23.8,91.5
04,01,00,43,23.9,91.5
04,02,00,24,23.9,91.2
04,03,00,44,23.8,91.2
04,04,00,14,23.8,91.6
04,05,00,32,23.9,91
04,06,00,48,23.9,91.2
04,07,00,30,23.9,91.1
04,08,00,30,23.7,91.3
04,09,00,35,23.7,91.6
04,10,00,41,23.7,91.7
04,11,00,34,23.6,92
04,12,00,23,23.7,92.2
04,13,00,27,23.7,91.9
04,14,00,43,23.8,91.4
04,15,00,37,23.8,91.1
04,16,00,38,23.8,91.7
04,17,00,31,23.7,91.8
04,18,00,60,23.7,91.5
04,19,00,26,23.8,91.7
04,20,00,35,23.8,91.6
04,21,00,30,23.8,91.7
04,22,00,38,23.7,91.7
04,23,00,24,23.7,92
04,24,00,50,23.8,91.4
04,25,00,31,23.8,91.2
04,26,00,45,23.8,91.7
04,27,00,29,23.7,91.9
04,28,00,49,23.7,92
04,29,00,38,23.7,91.7
04,30,00,31,23.8,91.8
04,31,00,43,23.9,91.4
04,32,00,41,23.8,91.4
04,33,00,30,23.8,90.9
04,34,00,30,23.7,91.2
04,35,00,41,23.8,91.2
04,36,00,51,23.8,90.8
04,37,00,53,23.7,91.3
04,38,00,19,23.8,91.5
04,39,00,43,23.8,91.7
04,40,00,36,23.9,91
04,41,00,31,23.9,90.8
04,42,00,40,23.9,90.6
04,43,00,31,23.8,90.9
04,44,00,34,23.8,90.5
04,45,00,41,23.8,90.9
04,46,00,30,23.8,90.9
04,47,00,29,23.7,91.5
04,48,00,21,23.7,91.6
04,49,00,12,23.7,91.6
04,50,00,32,23.8,91.1
04,51,00,14,23.8,91
04,52,00,38,23.8,91.1
04,53,00,20,23.8,91.4
04,54,00,31,23.8,91
04,55,00,39,23.8,91
04,56,00,41,23.8,91.3
04,57,00,29,23.7,91.4
04,58,00,20,23.7,91.1
04,59,00,10,23.7,91.6
05,00,00,27,23.8,90.9
05,01,00,33,23.8,90.8
05,02,00,29,23.8,90.6
05,03,00,25,23.8,90.6
05,04,00,30,23.9,90.7
05,05,00,45,23.9,90.3
05,06,00,58,23.9,90.5
05,07,00,19,23.9,90.8
05,08,00,29,23.9,90.3
05,09,00,26,23.9,90.6
05,10,00,24,23.9,90.8
05,11,00,29,23.9,90.8
05,12,00,16,23.8,90.7
05,13,00,21,23.7,90.8
05,14,00,22,23.6,90.6
05,15,00,45,23.6,91.1
05,16,00,43,23.6,91.6
05,17,00,30,23.5,92
05,18,00,45,23.5,92.4
05,19,00,41,23.6,92.2
05,20,00,49,23.7,91.8
05,21,00,33,23.7,91.9
05,22,00,21,23.7,91.7
05,23,00,31,23.7,91.9
05,24,00,38,23.7,91.6
05,25,00,29,23.8,91.3
05,26,00,25,23.8,91.3
05,27,00,40,23.8,91
05,28,00,36,23.9,90.7
05,29,00,43,23.9,90.4
05,30,00,19,23.9,90.6
05,31,00,23,23.9,90.7
05,32,00,24,23.9,90.5
05,33,00,34,23.7,91.1
05,34,00,17,23.8,90.8
05,35,00,30,23.8,90.6
05,36,00,30,23.8,90.1
05,37,00,42,23.8,90.1
05,38,00,23,23.8,90.5
05,39,00,23,23.9,90.5
05,40,00,47,23.9,90
05,41,00,24,23.8,89.8
05,42,00,43,23.8,90.1
05,43,00,23,23.9,90.1
05,44,00,19,23.9,89.9
05,45,00,33,23.8,90.3
05,46,00,12,23.9,90.6
05,47,00,26,23.7,91
05,48,00,17,23.7,91.1
05,49,00,25,23.7,91.1
05,50,00,41,23.7,91.1
05,51,00,15,23.8,90.7
05,52,00,26,23.8,90.1
05,53,00,33,23.8,90.4
05,54,00,20,23.8,90.4
05,55,00,28,23.8,90.2
05,56,00,28,23.8,90.6
05,57,00,40,23.8,90.3
05,58,00,36,23.7,90.6
05,59,00,35,23.7,90.3
06,00,00,43,23.7,90.6
06,01,00,31,23.7,90.8
06,02,00,37,23.7,90.8
06,03,00,30,23.7,91.2
06,04,00,26,23.7,90.8
06,05,00,19,23.7,90.9
06,06,00,21,23.7,91.2
06,07,00,24,23.7,91.2
06,08,00,25,23.7,91.1
06,09,00,26,23.8,91
06,10,00,37,23.8,90.6
06,11,00,18,23.8,90.2
06,12,00,32,23.9,90.2
06,13,00,27,23.9,90.1
06,14,00,34,23.8,90.8
06,15,00,51,23.8,90.7
06,16,00,46,23.9,90.4
06,17,00,31,23.9,90.4
06,18,00,36,24,90
06,19,00,31,23.9,90.3
06,20,00,31,23.8,90.8
06,21,00,33,23.8,91.1
06,22,00,37,23.8,91.2
06,23,00,24,23.7,91.3
06,24,00,16,23.7,91.4
06,25,00,37,23.8,91.3
06,26,00,19,23.8,91.1
06,27,00,28,23.9,90.7
06,28,00,33,23.9,90.6
06,29,00,24,23.9,90.9
06,30,00,18,23.9,90.8
06,31,00,19,23.9,91
06,32,00,24,23.8,91.2
06,33,00,18,23.9,90.9
06,34,00,32,23.9,90.7
06,35,00,15,23.9,90.7
06,36,00,25,23.9,91.2
06,37,00,50,23.8,91.4
06,38,00,25,23.8,91.1
06,39,00,41,23.9,91
06,40,00,24,23.9,90.9
06,41,00,27,23.9,90.9
06,42,00,16,23.9,91.4
06,43,00,41,23.8,91.8
06,44,00,27,23.8,91.7
06,45,00,24,23.7,92
06,46,00,22,23.8,92.2
06,47,00,32,23.8,92.4
06,48,00,34,23.8,91.9
06,49,00,35,23.7,91.9
06,50,00,20,23.8,91.9
06,51,00,23,23.8,92.1
06,52,00,32,23.8,91.6
06,53,00,51,23.8,91.5
06,54,00,37,23.9,91.5
06,55,00,29,23.9,91.2
06,56,00,21,23.9,91.5
06,57,00,25,23.9,91
06,58,00,36,23.9,91
06,59,00,43,23.9,91.3
07,00,00,26,23.9,91.5
07,01,00,26,23.9,91.4
07,02,00,28,23.9,90.9
07,03,00,22,23.9,90.9
07,04,00,24,23.9,91.3
07,05,00,33,23.9,91.5
07,06,00,20,23.9,91.4
07,07,00,25,24,90.9
07,08,00,29,23.9,91
07,09,00,41,23.9,91.6
07,10,00,36,23.9,92.2
07,11,00,32,23.8,91.7
07,12,00,33,23.8,91.7
07,13,00,56,23.9,91.7
07,14,00,23,23.9,91.7
07,15,00,22,24,91.3
07,16,00,37,24,91.1
07,17,00,31,23.9,91.5
07,18,00,31,23.9,91.7
07,19,00,47,23.8,91.4
07,20,00,41,23.8,92.2
07,21,00,29,23.9,91.6
07,22,00,58,23.9,91.7
07,23,00,29,24,91.5
07,24,00,31,24.1,91.1
07,25,00,25,24.1,91.3
07,26,00,23,24.1,90.7
07,27,00,30,24.2,90.8
07,28,00,22,24.2,90.8
07,29,00,30,24.1,91.2
07,30,00,37,24.2,91.1
07,31,00,21,24.2,91.1
07,32,00,35,24.2,91.4
07,33,00,34,24.2,90.9
07,34,00,40,24.3,90.4
07,35,00,27,24.3,90.2
07,36,00,15,24.4,90.3
07,37,00,48,24.3,90.2
07,38,00,46,24.3,90.5
07,39,00,33,24.3,90.9
07,40,00,32,24.3,90.4
07,41,00,36,24.3,90.8
07,42,00,29,24.2,91.3
07,43,00,69,24.2,91.4
07,44,00,50,24.2,90.9
07,45,00,43,24.3,90.8
07,46,00,44,24.3,90.6
07,47,00,30,24.3,90.2
07,48,00,34,24.3,90.4
07,49,00,37,24.4,90.1
07,50,00,25,24.4,91.1
07,51,00,46,24.3,90.7
07,52,00,40,24.3,90.3
07,53,00,20,24.4,90.2
07,54,00,48,24.6,90.1
07,55,00,36,24.6,89.6
07,56,00,36,24.6,89.8
07,57,00,29,24.7,89.3
07,58,00,35,24.7,89.7
07,59,00,42,24.7,89.5
08,00,00,43,24.6,90.2
08,01,00,42,24.6,90
08,02,00,64,24.6,90.7
08,03,00,52,24.6,90.6
08,04,00,48,24.6,90.3
08,05,00,60,24.7,90
08,06,00,43,24.9,89.4
08,07,00,58,24.9,89.7
08,08,00,36,25,89.4
08,09,00,31,24.9,89
08,10,00,37,25,88.8
08,11,00,34,25.1,88.4
08,12,00,32,25.1,88.9
08,13,00,44,25,89.1
08,14,00,51,25,88.1
08,15,00,48,25.2,87.6
08,16,00,45,25.2,87.4
08,17,00,43,25.2,87.1
08,18,00,67,25.3,87.5
08,19,00,54,25.3,87.2
08,20,00,30,25.5,86.7
08,21,00,57,25.5,85.8
08,22,00,53,25.4,86
08,23,00,57,25.5,85.2
08,24,00,57,25.5,84.7
08,25,00,50,25.5,85
08,26,00,65,25.5,84.6
08,27,00,32,25.6,84.9
08,28,00,45,25.6,85.4
08,29,00,32,25.7,85.6
08,30,00,26,25.6,86.2
08,31,00,55,25.7,86.4
08,32,00,33,25.6,86.2
08,33,00,25,25.6,85.4
08,34,00,58,25.6,84.9
08,35,00,36,25.4,84.5
08,36,00,52,25.5,85.4
08,37,00,45,25.5,85.6
08,38,00,58,25.6,86.1
08,39,00,49,25.6,86
08,40,00,40,25.6,86.8
08,41,00,30,25.6,85.8
08,42,00,52,25.7,84.7
08,43,00,43,25.8,84.7
08,44,00,47,25.8,84.8
08,45,00,51,25.9,82.6
08,46,00,45,25.8,82.9
08,47,00,46,25.9,83.3
08,48,00,70,25.9,83.3
08,49,00,80,26,83.8
08,50,00,51,26,83.6
08,51,00,52,26,83.6
08,52,00,69,26.1,83.9
08,53,00,38,26.1,84.5
08,54,00,66,26.2,83.1
08,55,00,42,26.2,82.9
08,56,00,56,26.2,84.3
08,57,00,56,26.3,83.6
08,58,00,79,26.4,84.1
08,59,00,19,26.3,85.2
09,00,00,58,26.4,84.8
09,01,00,49,26.5,83.8
09,02,00,17,26.5,84
09,03,00,49,26.5,85.2
09,04,00,49,26.5,84.4
09,05,00,53,26.6,83.7
09,06,00,60,26.6,84.2
09,07,00,69,26.7,84.5
09,08,00,65,26.8,85.1
09,09,00,74,26.8,84
09,10,00,57,26.8,82.5
09,11,00,63,26.9,83.1
09,12,00,45,26.9,81.7
09,13,00,95,26.9,81.8
09,14,00,62,26.9,81.8
09,15,00,73,26.9,82
09,16,00,59,26.9,81.8
09,17,00,77,26.9,82.8
09,18,00,39,27.1,82.1
09,19,00,62,27.1,82.4
09,20,00,50,27.2,82
09,21,00,66,27.3,82.7
09,22,00,72,27.3,81.9
09,23,00,81,27.3,82
09,24,00,68,27.4,81.7
09,25,00,61,27.4,81.1
09,26,00,79,27.3,81.4
09,27,00,74,27.3,81.8
09,28,00,66,27.4,81.4
09,29,00,55,27.5,80.3
09,30,00,44,27.5,80.4
09,31,00,65,27.6,79.5
09,32,00,47,27.6,79.2
09,33,00,76,27.7,79.4
09,34,00,79,27.7,79.3
09,35,00,52,27.8,79.1
09,36,00,68,27.9,79
09,37,00,70,27.9,79.6
09,38,00,67,27.9,79.4
09,39,00,66,27.9,78.8
09,40,00,77,27.9,78.6
09,41,00,78,28,78.5
09,42,00,43,28,78.7
09,43,00,57,28.1,78.7
09,44,00,42,28.2,78.7
09,45,00,103,28.2,77.7
09,46,00,92,28.3,77.4
09,47,00,101,28.3,77.1
09,48,00,72,28.3,76.9
09,49,00,73,28.2,77
09,50,00,111,28.2,77.9
09,51,00,47,28.2,77.7
09,52,00,81,28.1,76.1
09,53,00,24,27.9,77.3
09,54,00,63,28,77.7
09,55,00,90,28,78.3
09,56,00,68,28.1,77.9
09,57,00,85,28.1,76.7
09,58,00,54,27.9,77.6
09,59,00,105,27.9,77.5
10,00,00,80,27.9,78.9
10,01,00,82,28.1,78.2
10,02,00,62,28.1,78.1
10,03,00,58,28.2,78
10,04,00,34,28.3,77.8
10,05,00,92,28.4,77
10,06,00,59,28.4,77.1
10,07,00,81,28.5,76.8
10,08,00,120,28.5,77.4
10,09,00,83,28.6,76.9
10,10,00,61,28.6,76
10,11,00,49,28.4,75.6
10,12,00,47,28.4,76.7
10,13,00,85,28.5,76.1
10,14,00,87,28.4,76.6
10,15,00,57,28.5,77.3
10,16,00,79,28.5,76.4
10,17,00,83,28.6,76.1
10,18,00,80,28.7,75.9
10,19,00,49,28.7,76.4
10,20,00,30,28.8,75.5
10,21,00,58,28.8,76.1
10,22,00,69,28.7,74.5
10,23,00,76,28.7,74.3
10,24,00,93,28.8,74.4
10,25,00,73,28.8,74.1
10,26,00,60,28.9,73.6
10,27,00,51,28.9,73.4
10,28,00,74,29,74.4
10,29,00,27,29.1,74.2
10,30,00,72,29.1,74.4
10,31,00,58,29.1,73.9
10,32,00,75,29.2,74.1
10,33,00,75,29.2,73.7
10,34,00,83,29.2,74.1
10,35,00,66,29.2,74.6
10,36,00,83,28.9,72.6
10,37,00,72,28.9,73.7
10,38,00,63,28.8,70.9
10,39,00,64,28.8,72.2
10,40,00,54,28.9,71.7
10,41,00,64,28.8,71.6
10,42,00,65,28.9,71.8
10,43,00,94,28.9,71.4
10,44,00,96,29.1,71.4
10,45,00,77,29.1,71.6
10,46,00,71,29,70.2
10,47,00,81,29,70.7
10,48,00,86,29,70.9
10,49,00,61,29.1,71.2
10,50,00,80,29.1,71
10,51,00,49,29.2,70.5
10,52,00,45,29.2,70
10,53,00,52,29.3,68.7
10,54,00,76,29.1,69.7
10,55,00,73,29.2,70.1
10,56,00,112,29.2,69.2
10,57,00,71,29.1,67.8
10,58,00,38,29.2,68.1
10,59,00,70,29.2,69.1
11,00,00,90,29.2,69.1
11,01,00,34,29.3,70.2
11,02,00,51,29.2,70.6
11,03,00,39,29.2,71.5
11,04,00,57,29.2,71.4
11,05,00,73,29.3,70.6
11,06,00,48,29.4,71.5
11,07,00,100,29.2,69.5
11,08,00,47,29.1,70.1
11,09,00,59,29.2,69.9
11,10,00,52,29.2,70.2
11,11,00,80,29.2,70.9
11,12,00,59,28.9,70.7
11,13,00,45,28.9,70.4
11,14,00,65,28.9,71
11,15,00,37,29,70.6
11,16,00,76,28.9,70.9
11,17,00,57,28.9,71.2
11,18,00,61,29,71.4
11,19,00,76,29,71
11,20,00,63,28.9,71.5
11,21,00,62,29,71.7
11,22,00,78,29.1,71
11,23,00,60,29.2,71.2
11,24,00,79,29.2,72.1
11,25,00,73,29.1,71.5
11,26,00,97,29.1,71.9
11,27,00,35,29,71
11,28,00,34,29,71
11,29,00,84,29,70.5
11,30,00,77,29.1,70.5
11,31,00,57,29.1,70.3
11,32,00,55,29.1,71.2
11,33,00,76,29.2,72.1
11,34,00,60,29.3,71.9
11,35,00,71,29.3,71
11,36,00,63,29.4,69.7
11,37,00,48,29.3,69.7
11,38,00,71,29.2,70.1
11,39,00,66,29.2,69.8
11,40,00,46,29.2,69.8
11,41,00,70,29.2,70.1
11,42,00,43,29.2,70
11,43,00,78,29.3,71.1
11,44,00,60,29.2,69.1
11,45,00,40,29.1,70
11,46,00,68,29.2,70.9
11,47,00,71,29.3,70.7
11,48,00,78,29.3,69.8
11,49,00,81,29.4,70.5
11,50,00,53,29.2,69.4
11,51,00,65,29.3,69.2
11,52,00,58,29.3,69.7
11,53,00,41,29.4,69.7
11,54,00,42,29.5,69.2
11,55,00,68,29.5,70
11,56,00,17,29.6,69.9
11,57,00,63,29.6,70.5
11,58,00,50,29.5,69.2
11,59,00,49,29.4,69
12,00,00,51,29.3,68.5
12,01,00,62,29.3,67.2
12,02,00,58,29.2,67.9
12,03,00,78,29.3,68.9
12,04,00,50,29.2,68.6
12,05,00,66,29.3,68.1
12,06,00,41,29.3,68.7
12,07,00,81,29.4,68.7
12,08,00,54,29.3,68.4
12,09,00,65,29.1,69.1
12,10,00,77,29.1,68.9
12,11,00,33,29.2,69.7
12,12,00,51,29.2,69.2
12,13,00,27,29.2,69.1
12,14,00,71,29.3,69
12,15,00,55,29.3,70
12,16,00,53,29.4,70.6
12,17,00,51,29.5,69.9
12,18,00,51,29.5,68.9
12,19,00,55,29.5,69
12,20,00,56,29.5,69.2
12,21,00,54,29.4,69.4
12,22,00,66,29.3,68.9
12,23,00,58,29.2,68.4
12,24,00,54,29.2,68.4
12,25,00,62,29.1,68.8
12,26,00,39,29.1,68.5
12,27,00,43,29.2,68.9
12,28,00,59,29.2,69.1
12,29,00,43,29.2,70.6
12,30,00,53,29.2,70.2
12,31,00,34,29.2,70.9
12,32,00,33,29.3,70.3
12,33,00,35,29.1,71.1
12,34,00,60,29,69.8
12,35,00,56,29,69
12,36,00,39,29,69.2
12,37,00,34,29,70
12,38,00,56,29,69
12,39,00,42,29,69.2
12,40,00,60,29,69.8
12,41,00,40,29,70
12,42,00,54,29.1,70
12,43,00,59,29.1,70.8
12,44,00,54,29.1,71.1
12,45,00,50,29.1,71
12,46,00,42,29.1,72.8
12,47,00,31,29.1,72.5
12,48,00,42,29.1,73.4
12,49,00,28,29.1,74.2
12,50,00,36,29,74.2
12,51,00,31,29.1,74.4
12,52,00,41,29,74.4
12,53,00,48,29.1,73.8
12,54,00,39,29.1,73.9
12,55,00,26,29,74.7
12,56,00,34,29,76.4
12,57,00,54,29,76.2
12,58,00,38,29,75.2
12,59,00,33,29,75.1
13,00,00,22,29,74.8
13,01,00,61,29,75.6
13,02,00,43,28.9,74.9
13,03,00,46,28.9,75.8
13,04,00,35,28.8,76.3
13,05,00,49,28.9,76.9
13,06,00,32,28.8,77.7
13,07,00,66,28.8,76.5
13,08,00,55,28.7,76.3
13,09,00,36,28.7,77.2
13,10,00,26,28.7,78.5
13,11,00,32,28.8,78.1
13,12,00,45,28.7,79.2
13,13,00,35,28.6,77.6
13,14,00,55,28.5,77.9
13,15,00,37,28.5,78.4
13,16,00,43,28.5,78.5
13,17,00,37,28.5,78.2
13,18,00,29,28.5,78
13,19,00,49,28.6,78.6
13,20,00,40,28.4,78.8
13,21,00,70,28.4,77.7
13,22,00,39,28.4,78.5
13,23,00,50,28.4,78.1
13,24,00,47,28.3,78.4
13,25,00,25,28.3,79.1
13,26,00,56,28.2,78.6
13,27,00,36,28.2,79.2
13,28,00,36,28.2,79.1
13,29,00,55,28.2,79.2
13,30,00,54,28.2,79.8
13,31,00,48,28.2,78.8
13,32,00,34,28.2,79
13,33,00,34,28,78.6
13,34,00,36,27.9,79.7
13,35,00,33,27.9,81.7
13,36,00,35,27.9,80.4
13,37,00,25,27.9,80
13,38,00,34,27.8,79.6
13,39,00,62,27.8,79
13,40,00,51,27.7,79.3
13,41,00,48,27.7,79.7
13,42,00,51,27.7,81.9
13,43,00,46,27.8,81.2
13,44,00,44,27.8,81.2
13,45,00,37,27.9,81.4
13,46,00,50,27.9,80.4
13,47,00,36,27.8,80.1
13,48,00,29,27.7,80.3
13,49,00,45,27.7,80.1
13,50,00,34,27.7,80
13,51,00,33,27.7,79.4
13,52,00,46,27.7,80.1
13,53,00,30,27.6,80.6
13,54,00,51,27.6,81.2
13,55,00,36,27.6,80.3
13,56,00,38,27.6,80.8
13,57,00,51,27.6,80.4
13,58,00,34,27.6,80.5
13,59,00,30,27.5,81.2
14,00,00,42,27.5,81.9
14,01,00,37,27.4,82.1
14,02,00,42,27.4,82.1
14,03,00,41,27.3,82.3
14,04,00,33,27.4,81.9
14,05,00,72,27.4,81.8
14,06,00,40,27.4,81.1
14,07,00,32,27.3,81.5
14,08,00,31,27.3,82
14,09,00,69,27.4,82.5
14,10,00,34,27.4,81.3
14,11,00,59,27.4,81.9
14,12,00,29,27.3,81.4
14,13,00,37,27.3,82.3
14,14,00,53,27.3,82.3
14,15,00,50,27.2,81.7
14,16,00,41,27.2,82.3
14,17,00,31,27.2,82.2
14,18,00,14,27.1,83.1
14,19,00,45,27.2,83.1
14,20,00,47,27.2,83.2
14,21,00,57,27.2,83.4
14,22,00,33,27.2,83.2
14,23,00,37,27.2,83.4
14,24,00,26,27.1,84.4
14,25,00,39,27.1,82.3
14,26,00,18,27.1,83.1
14,27,00,23,27.2,83
14,28,00,43,27.3,82.8
14,29,00,44,27.2,83.5
14,30,00,32,27.1,83.8
14,31,00,45,27.2,84.4
14,32,00,36,27.2,83.7
14,33,00,40,27.2,84.2
14,34,00,44,27.2,83.3
14,35,00,37,27.1,83.5
14,36,00,33,27,82.9
14,37,00,27,27,84
14,38,00,33,27.1,84.3
14,39,00,49,27,83.3
14,40,00,57,27.1,84.3
14,41,00,22,27.2,84.5
14,42,00,36,27.2,85
14,43,00,37,27.3,84.9
14,44,00,44,27.3,85.2
14,45,00,35,27.1,83.8
14,46,00,52,26.9,84.3
14,47,00,36,27,85.3
14,48,00,41,26.9,85.2
14,49,00,40,27,85.9
14,50,00,29,27,85.6
14,51,00,39,26.9,85.5
14,52,00,51,26.8,83.7
14,53,00,32,26.8,84.2
14,54,00,29,27,84.1
14,55,00,18,27,84
14,56,00,34,26.9,83.9
14,57,00,50,27,84
14,58,00,17,27.2,84.7
14,59,00,40,27.1,83.3
15,00,00,35,27.1,83
15,01,00,38,26.9,82.4
15,02,00,30,26.8,83.3
15,03,00,47,26.7,81.1
15,04,00,46,26.6,79.8
15,05,00,34,26.7,81.4
15,06,00,27,26.7,78.7
15,07,00,38,26.6,78.8
15,08,00,29,26.6,80.2
15,09,00,43,26.7,79.3
15,10,00,47,26.7,79.3
15,11,00,30,26.6,80
15,12,00,43,26.7,79.4
15,13,00,57,26.8,79.3
15,14,00,39,26.8,78.5
15,15,00,38,26.9,79.3
15,16,00,63,27,79.3
15,17,00,67,27,78.6
15,18,00,32,27,78
15,19,00,41,27.1,78.4
15,20,00,51,27.2,78.3
15,21,00,49,27.3,78.4
15,22,00,62,27.3,77.9
15,23,00,27,27.2,78.6
15,24,00,28,27.2,79.1
15,25,00,20,27.3,78.6
15,26,00,40,27.3,79.2
15,27,00,17,27.2,78.5
15,28,00,48,27.2,77.7
15,29,00,37,27.2,78.2
15,30,00,36,27.2,77.7
15,31,00,47,27.3,78
15,32,00,41,27.4,77.5
15,33,00,37,27.4,76.8
15,34,00,40,27.4,77.6
15,35,00,31,27.5,77.4
15,36,00,44,27.6,78.1
15,37,00,35,27.6,78.6
15,38,00,42,27.6,79.1
15,39,00,78,27.7,78.5
15,40,00,40,27.7,78.1
15,41,00,43,27.8,78.1
15,42,00,37,27.7,77.4
15,43,00,45,27.7,76.6
15,44,00,38,27.6,78.4
15,45,00,27,27.4,77.4
15,46,00,32,27.4,77.6
15,47,00,30,27.5,77.4
15,48,00,37,27.5,77.9
15,49,00,53,27.6,78.1
15,50,00,52,27.6,78
15,51,00,34,27.6,78.7
15,52,00,24,27.6,77.3
15,53,00,36,27.5,77.2
15,54,00,39,27.4,77.6
15,55,00,23,27.6,77.9
15,56,00,43,27.6,76.5
15,57,00,35,27.7,77.8
15,58,00,56,27.7,76.9
15,59,00,6,27.6,76.4
16,00,00,42,27.6,77.8
16,01,00,31,27.6,78.5
16,02,00,42,27.7,77
16,03,00,32,27.6,75.2
16,04,00,28,27.7,75.2
16,06,00,32,27.7,77.1
16,07,00,37,27.7,77.5
16,08,00,25,27.7,77.4
16,09,00,44,27.6,78
16,10,00,25,27.5,77.7
16,11,00,45,27.5,77.8
16,12,00,23,27.4,78.1
16,13,00,32,27.3,79
16,14,00,16,27.2,80.9
16,15,00,38,27.1,80.1
16,16,00,37,27.2,78.8
16,17,00,36,27.1,79.1
16,18,00,41,27.2,78.4
16,19,00,41,27.2,78.4
16,20,00,29,27.3,79.3
16,21,00,44,27.3,80.4
16,22,00,30,27.3,81.6
16,23,00,38,27.3,80.2
16,24,00,31,27.4,79.8
16,25,00,33,27.3,80.1
16,26,00,45,27.2,80.4
16,27,00,45,27.1,80.7
16,28,00,43,27,81.6
16,29,00,41,27,81.8
16,30,00,28,26.9,82.4
16,31,00,32,26.9,82
16,32,00,40,27,82.4
16,33,00,60,27,82.4
16,34,00,38,26.9,81.6
16,35,00,30,26.8,81.7
16,36,00,42,26.9,82.7
16,37,00,41,26.9,82.5
16,38,00,43,27,81.9
16,39,00,33,26.9,81.4
16,40,00,28,26.9,81.6
16,41,00,44,27,81.5
16,42,00,22,27.1,81.8
16,43,00,30,27.1,81.6
16,44,00,19,27.2,81.1
16,45,00,42,27.1,81.6
16,46,00,30,27.1,83.1
16,47,00,42,27,83.5
16,48,00,24,27.1,82.7
16,49,00,31,27.1,81.9
16,50,00,23,27,81.8
16,51,00,34,27,80.7
16,52,00,33,27,80.4
16,53,00,27,26.9,80.7
16,54,00,45,26.9,81.1
16,55,00,21,26.8,81
16,56,00,32,26.7,81.3
16,57,00,31,26.7,80.6
16,58,00,29,26.7,81.3
16,59,00,37,26.8,81.8
17,00,00,46,26.8,81.7
17,01,00,33,26.9,82
17,02,00,35,26.9,82.7
17,03,00,32,26.9,84
17,04,00,45,26.9,83.6
17,05,00,33,26.9,82.9
17,06,00,18,26.9,82.8
17,07,00,26,26.9,82.4
17,08,00,24,27,82.3
17,09,00,10,27,82.3
17,10,00,33,26.9,82.2
17,11,00,37,27,82.9
17,12,00,28,27,83
17,13,00,19,27,83.1
17,14,00,17,26.9,83.6
17,15,00,38,26.9,83.6
17,16,00,34,26.9,83.6
17,17,00,27,26.8,82.8
17,18,00,37,26.8,83.3
17,19,00,19,26.8,84.6
17,20,00,36,26.7,85.6
17,21,00,18,26.6,86.1
17,22,00,42,26.7,86
17,23,00,30,26.7,86.4
17,24,00,32,26.7,86.4
17,25,00,14,26.7,86.1
17,26,00,47,26.6,86.5
17,27,00,25,26.6,87
17,28,00,26,26.5,87.3
17,29,00,40,26.5,87
17,30,00,26,26.5,87.5
17,31,00,26,26.4,87.3
17,32,00,33,26.4,87.7
17,33,00,45,26.4,87.2
17,34,00,27,26.3,87.3
17,35,00,36,26.2,87.9
17,36,00,24,26.1,88.3
17,37,00,23,26.2,87.8
17,38,00,27,26.2,87.8
17,39,00,31,26.2,87.5
17,40,00,34,26.2,87.7
17,41,00,36,26.1,88.3
17,42,00,36,26.1,87.6
17,43,00,33,26,88.1
17,44,00,6,26,87.8
17,45,00,35,26,88.2
17,46,00,58,26.1,88.1
17,47,00,29,26.1,88.4
17,48,00,26,26,89.4
17,49,00,31,25.9,89.2
17,50,00,28,25.9,89
17,51,00,21,25.9,89
17,52,00,26,25.8,89.3
17,53,00,43,25.7,88.3
17,54,00,34,25.8,88.7
17,55,00,35,25.7,89.2
17,56,00,30,25.7,88.9
17,57,00,24,25.7,88.1
17,58,00,28,25.7,88.8
17,59,00,23,25.6,88.3
18,00,00,22,25.7,87.5
18,01,00,51,25.7,87.9
18,02,00,52,25.6,88.7
18,03,00,39,25.5,88.2
18,04,00,32,25.5,87.6
18,05,00,24,25.5,86.9
18,06,00,50,25.5,85.7
18,07,00,30,25.5,85.8
18,08,00,43,25.5,85.7
18,09,00,38,25.5,84.9
18,10,00,34,25.6,85.6
18,11,00,30,25.6,85.7
18,12,00,29,25.6,85.4
18,13,00,28,25.5,85.3
18,14,00,24,25.4,85.9
18,15,00,42,25.4,85.8
18,16,00,32,25.4,84.9
18,17,00,33,25.4,83.3
18,18,00,21,25.4,83.5
18,19,00,34,25.3,82.1
18,20,00,28,25.3,81.8
18,21,00,36,25.2,82.3
18,22,00,24,25.2,81.7
18,23,00,11,25.3,82.2
18,24,00,39,25.3,83.3
18,25,00,14,25.3,82.9
18,26,00,29,25.4,83.2
18,27,00,47,25.3,82.9
18,28,00,31,25.4,83.1
18,29,00,25,25.4,83.2
18,30,00,36,25.4,83.6
18,31,00,28,25.3,83.5
18,32,00,21,25.3,84
18,33,00,12,25.3,84.2
18,34,00,22,25.3,84.2
18,35,00,21,25.2,84.1
18,37,00,34,25,84.6
18,38,00,36,25,84.4
18,39,00,24,25.1,84.6
18,40,00,30,25.1,84.7
18,41,00,35,25,85.3
18,42,00,55,25,85.4
18,43,00,27,24.9,86.4
18,44,00,18,24.9,86.2
18,45,00,41,24.9,86.5
18,46,00,30,25,86.3
18,47,00,29,25,86.1
18,48,00,39,24.9,85
18,49,00,22,25,85.5
18,50,00,26,25,85.7
18,51,00,37,24.9,86
18,52,00,43,24.8,86.9
18,53,00,42,24.7,86.8
18,54,00,19,24.6,86.9
18,55,00,35,24.6,87.2
18,56,00,39,24.6,86.9
19,08,00,36,24.7,87.3
19,09,00,24,24.7,87.3
19,10,00,52,24.7,87.3
19,11,00,21,24.8,87.2
19,12,00,36,24.7,87.2
19,13,00,25,24.7,87.4
19,14,00,53,24.6,87.2
19,15,00,29,24.6,87.5
19,16,00,45,24.6,87.5
19,17,00,28,24.5,87.7
19,18,00,46,24.6,87.8
19,19,00,33,24.5,87.9
19,20,00,30,24.5,88.2
19,21,00,15,24.4,88.1
19,22,00,41,24.4,88.4
19,23,00,16,24.4,88.4
19,24,00,23,24.5,88.4
19,25,00,38,24.6,88.4
19,26,00,20,24.7,87.5
19,27,00,22,24.7,87.2
19,28,00,32,24.5,87.3
19,29,00,38,24.5,87.9
19,30,00,27,24.5,88.1
19,31,00,30,24.5,87.9
19,32,00,29,24.5,88
19,33,00,21,24.6,87.7
19,34,00,30,24.6,87.7
19,35,00,29,24.6,87.7
19,36,00,26,24.7,87.1
19,37,00,45,24.6,87
19,38,00,28,24.5,87.3
19,39,00,21,24.6,87.5
19,40,00,26,24.7,87.1
19,41,00,33,24.7,87.1
19,42,00,32,24.7,87.9
19,43,00,38,24.7,87.6
19,44,00,17,24.8,87.6
19,45,00,31,24.8,87.8
19,46,00,40,24.7,88.1
19,47,00,23,24.6,87.8
19,48,00,35,24.5,88
19,49,00,19,24.5,88.3
19,50,00,36,24.5,88.4
19,51,00,35,24.4,88.5
19,52,00,38,24.4,88.2
19,53,00,30,24.4,88.5
19,54,00,25,24.4,88.8
19,55,00,31,24.4,88.8
19,56,00,46,24.4,88.8
19,57,00,22,24.4,88.6
19,58,00,38,24.4,88.4
19,59,00,25,24.4,88.2
20,00,00,28,24.4,88.3
20,01,00,18,24.5,88
20,02,00,62,24.6,87.3
20,03,00,23,24.6,87.3
20,04,00,21,24.5,87.2
20,05,00,41,24.5,87.7
20,06,00,32,24.5,88.1
20,07,00,37,24.4,87.9
20,08,00,26,24.4,87.4
20,09,00,12,24.5,87.2
20,10,00,30,24.6,87
20,11,00,29,24.5,86.8
20,12,00,32,24.6,86.8
20,13,00,34,24.6,86.6
20,14,00,34,24.7,86.6
20,15,00,30,24.7,86.5
20,16,00,34,24.7,86.6
20,17,00,33,24.7,86.3
20,18,00,32,24.6,86.6
20,19,00,28,24.6,87.1
20,20,00,24,24.6,87.4
20,21,00,45,24.6,87.3
20,22,00,47,24.6,87.6
20,23,00,23,24.6,87.4
20,24,00,30,24.6,86.2
20,25,00,17,24.5,86.8
20,26,00,21,24.5,86.5
20,27,00,33,24.6,86.9
20,28,00,27,24.6,86.7
20,29,00,32,24.7,86.8
20,30,00,50,24.7,86.6
20,31,00,39,24.6,87.1
20,32,00,27,24.4,87.6
20,33,00,32,24.4,87.9
20,34,00,37,24.4,87.5
20,35,00,25,24.5,87.2
20,36,00,18,24.6,86.7
20,37,00,38,24.5,86.7
20,38,00,14,24.5,87.2
20,39,00,36,24.5,86.7
20,40,00,33,24.5,86.9
20,41,00,36,24.5,86.7
20,42,00,27,24.5,87.2
20,43,00,33,24.5,87.1
20,44,00,28,24.6,87
20,45,00,25,24.6,86.7
20,46,00,50,24.7,86.3
20,47,00,43,24.6,86.3
20,48,00,42,24.6,86.7
20,49,00,12,24.6,87.1
20,50,00,31,24.6,86.7
20,51,00,22,24.6,86.4
20,52,00,24,24.6,86.4
20,53,00,23,24.7,86.9
20,54,00,16,24.7,87
20,55,00,29,24.6,87.4
20,56,00,21,24.6,87.4
20,57,00,21,24.6,87.3
20,58,00,27,24.5,87.6
20,59,00,30,24.5,87.8
21,00,00,35,24.4,87.9
21,01,00,20,24.3,88.4
21,02,00,31,24.4,88.3
21,03,00,51,24.4,88.1
21,04,00,13,24.5,88.1
21,05,00,16,24.4,87.9
21,06,00,46,24.5,87.8
21,07,00,56,24.5,87.7
21,08,00,37,24.5,87.6
21,09,00,20,24.5,87.8
21,10,00,21,24.5,87.9
21,11,00,25,24.4,88.8
21,12,00,34,24.4,89.1
21,13,00,33,24.4,89.2
21,14,00,35,24.4,88.6
21,15,00,23,24.4,88.1
21,16,00,23,24.5,87.5
21,17,00,29,24.5,87.8
21,18,00,40,24.5,87.7
21,19,00,48,24.6,87.6
21,20,00,30,24.6,88
21,21,00,36,24.6,87.9
21,22,00,29,24.6,87.6
21,23,00,28,24.6,87.2
21,24,00,39,24.6,87.5
21,25,00,15,24.6,87.5
21,26,00,29,24.6,87.2
21,27,00,35,24.5,87.4
21,28,00,31,24.5,87.5
21,29,00,38,24.5,87.5
21,30,00,44,24.5,87.4
21,31,00,30,24.5,87.3
21,32,00,11,24.5,87.8
21,33,00,18,24.6,87.7
21,34,00,49,24.6,87.5
21,35,00,29,24.7,87.2
21,36,00,22,24.6,87.5
21,37,00,37,24.6,87.3
21,38,00,13,24.6,87.6
21,39,00,32,24.6,87.8
21,40,00,31,24.7,87.7
21,41,00,26,24.7,87.7
21,42,00,35,24.7,87.5
21,43,00,49,24.6,87.3
21,44,00,17,24.6,87.4
21,45,00,11,24.5,87.7
21,46,00,39,24.6,88
21,47,00,27,24.5,88.4
21,48,00,28,24.5,88.8
21,49,00,44,24.5,89
21,50,00,12,24.5,88.9
21,51,00,42,24.4,88.6
21,52,00,35,24.5,88.9
21,53,00,20,24.5,88.8
21,54,00,44,24.5,88.4
21,55,00,28,24.5,88.4
21,56,00,29,24.5,88.5
21,57,00,33,24.5,88.3
21,58,00,19,24.5,88.3
21,59,00,37,24.5,88.3
22,00,00,40,24.4,89.3
22,01,00,29,24.4,89.5
22,02,00,31,24.5,89
22,03,00,36,24.5,88.7
22,04,00,30,24.5,88.4
22,05,00,25,24.5,88.4
22,06,00,27,24.4,88.7
22,07,00,46,24.3,89
22,08,00,38,24.3,88.9
22,09,00,30,24.2,89.4
22,10,00,30,24.2,89.6
22,11,00,24,24.2,89.8
22,12,00,42,24.2,89.4
22,13,00,20,24.2,89.6
22,14,00,40,24.2,89.2
22,15,00,27,24.2,88.9
22,16,00,30,24.3,88.8
22,17,00,31,24.3,88.2
22,18,00,22,24.3,88.3
22,19,00,39,24.4,88.6
22,20,00,53,24.4,89.1
22,21,00,23,24.3,89
22,22,00,35,24.4,89
22,23,00,37,24.5,88.7
22,24,00,27,24.4,88.6
22,25,00,23,24.4,88.9
22,26,00,21,24.4,88.5
22,27,00,49,24.4,88.8
22,28,00,37,24.4,88.9
22,29,00,25,24.4,88.9
22,30,00,34,24.4,88.9
22,31,00,36,24.4,88.9
22,32,00,36,24.4,88.8
22,33,00,46,24.4,88.9
22,34,00,21,24.4,88.8
22,35,00,39,24.4,88.5
22,36,00,33,24.3,88.3
22,37,00,28,24.3,88.4
22,38,00,30,24.3,88.4
22,39,00,33,24.3,88.2
22,40,00,41,24.3,88.3
22,41,00,35,24.4,88.6
22,42,00,39,24.4,88.6
22,43,00,32,24.4,88.8
22,44,00,33,24.4,89
22,45,00,39,24.4,89.1
22,46,00,36,24.4,88.9
22,47,00,12,24.3,88.9
22,48,00,30,24.2,88.8
22,49,00,22,24.2,89.4
22,50,00,43,24.2,89.3
22,51,00,46,24.2,89.5
22,52,00,31,24.2,89.2
22,53,00,41,24.2,89.3
22,54,00,28,24.2,89.4
22,56,00,15,24.2,88.7
22,57,00,25,24.2,88.6
22,58,00,28,24.2,88.3
22,59,00,19,24.2,88.4
23,00,00,23,24.3,88.2
23,01,00,36,24.3,88.3
23,02,00,32,24.3,88.6
23,03,00,15,24.3,88.7
23,04,00,31,24.3,89.2
23,05,00,41,24.3,88.6
23,06,00,48,24.3,88.7
23,07,00,28,24.3,88.9
23,08,00,26,24.3,88.9
23,09,00,28,24.2,89.2
23,10,00,36,24.2,89.3
23,11,00,19,24.2,89.3
23,12,00,24,24.2,88.8
23,13,00,16,24.3,88.6
23,14,00,40,24.3,88.5
23,15,00,31,24.3,88.5
23,16,00,30,24.3,88.4
23,17,00,37,24.4,88.1
23,18,00,38,24.3,88.5
23,19,00,22,24.3,88.9
23,20,00,33,24.3,88.9
23,21,00,33,24.2,88.7
23,22,00,20,24.3,88.5
23,23,00,26,24.3,88.6
23,24,00,33,24.3,88.5
23,25,00,17,24.3,88.7
23,26,00,31,24.3,88.2
23,27,00,34,24.3,88.4
23,28,00,42,24.3,88.1
23,29,00,27,24.2,88.5
23,30,00,38,24.3,88.6
23,31,00,31,24.2,88.9
23,32,00,38,24.2,88.5
23,33,00,48,24.2,88.6
23,34,00,32,24.3,88.3
23,35,00,18,24.2,88.5
23,36,00,12,24.2,88.5
23,37,00,31,24.3,88.7
23,38,00,30,24.3,88.5
23,39,00,42,24.3,88.5
23,40,00,20,24.3,88.3
23,41,00,19,24.3,88.3
23,42,00,41,24.3,88.2
23,43,00,26,24.3,88.2
23,44,00,31,24.3,88.4
23,45,00,42,24.3,88.3
23,46,00,15,24.2,88.7
23,47,00,25,24.3,88.5
23,48,00,24,24.3,88.3
23,49,00,39,24.4,88.2
23,50,00,39,24.3,88.2
23,51,00,44,24.3,88.3
23,52,00,39,24.3,88.3
23,53,00,36,24.3,88.3
23,54,00,16,24.2,88.7
23,55,00,33,24.2,88.6
23,56,00,40,24.2,88.5
23,57,00,30,24.2,88.8
23,58,00,19,24.2,88.9
23,59,00,20,24.2,88.6
