23,00,00,26,25.5,74.4
23,00,00,21,25.5,74.3
23,00,00,19,25.5,74.2
23,00,00,26,25.5,74.3
23,00,00,10,25.3,74.5
23,00,00,18,25.1,75.4
23,00,00,16,25.1,75.4
23,00,00,19,25.2,75.1
23,00,00,17,25.2,74.8
23,00,00,17,25.1,75.2
23,00,00,12,25.1,75.3
23,00,00,11,25.2,75.2
23,00,00,12,25.2,75.1
23,00,00,21,24.9,75.1
23,00,00,21,24.7,75.7
23,00,00,13,24.5,76.3
23,00,00,20,24.4,76.6
23,00,00,11,24.5,76.8
23,00,00,13,24.7,76.5
23,00,00,19,24.9,75.8
23,00,00,21,25.0,75.2
23,00,00,13,25.1,75.0
23,00,00,16,25.2,74.7
23,00,00,25,25.0,75.0
23,00,00,16,24.7,75.8
23,00,00,21,24.7,76.5
23,00,00,14,24.7,76.2
23,00,00,25,24.9,75.7
23,00,00,16,25.0,75.5
23,00,00,14,25.0,75.6
23,00,00,16,25.1,75.1
23,00,00,20,25.1,74.8
23,00,00,7,25.2,74.8
23,00,00,14,25.1,75.0
23,00,00,10,25.1,75.1
23,00,00,17,25.1,74.9
23,00,00,11,25.1,75.1
23,00,00,14,24.9,74.9
23,00,00,24,24.6,75.6
23,00,00,11,24.5,76.0
23,00,00,21,24.4,76.5
23,00,00,24,24.5,76.4
23,00,00,27,24.6,75.8
23,00,00,21,24.7,75.4
23,00,00,19,24.6,75.9
23,00,00,26,24.7,75.7
23,00,00,15,24.8,75.5
23,00,00,16,25.0,75.1
23,00,00,21,25.1,74.7
23,00,00,18,25.0,74.5
23,00,00,14,24.8,74.9
23,00,00,20,24.7,75.3
23,00,00,11,24.8,75.1
23,00,00,17,24.9,75.0
23,00,00,16,24.9,74.9
23,00,00,14,25.0,74.7
23,00,00,14,25.1,74.5
23,00,00,13,25.2,74.2
23,00,00,23,25.2,74.1
23,00,00,28,25.2,74.0
23,01,00,16,24.9,74.6
23,01,00,10,24.7,74.9
23,01,00,9,24.5,75.9
23,01,00,25,24.5,76.3
23,01,00,13,24.5,76.4
23,01,00,14,24.4,76.2
23,01,00,15,24.3,76.8
23,01,00,17,24.1,76.7
23,01,00,11,24.0,77.3
23,01,00,21,24.1,77.3
23,01,00,15,24.3,77.0
23,01,00,18,24.5,76.3
23,01,00,15,24.6,75.9
23,01,00,21,24.7,75.5
23,01,00,16,24.7,75.1
23,01,00,22,24.8,74.8
23,01,00,12,24.7,74.8
23,01,00,18,24.4,75.1
23,01,00,18,24.2,75.9
23,01,00,21,24.3,75.8
23,01,00,12,24.4,75.4
23,01,00,11,24.6,75.0
23,01,00,25,24.7,74.7
23,01,00,12,24.8,74.5
23,01,00,16,24.8,74.4
23,01,00,16,24.8,74.1
23,01,00,25,24.9,74.1
23,01,00,19,24.8,74.4
23,01,00,19,24.8,74.2
23,01,00,20,24.4,74.9
23,01,00,12,24.2,75.7
23,01,00,8,24.3,76.0
23,01,00,18,24.4,75.7
23,01,00,8,24.4,75.7
23,01,00,17,24.5,75.7
23,01,00,12,24.5,75.5
23,01,00,20,24.6,75.1
23,01,00,18,24.7,74.6
23,01,00,17,24.7,74.6
23,01,00,14,24.7,74.4
23,01,00,27,24.8,74.1
23,01,00,15,24.9,73.7
23,01,00,7,24.9,73.6
23,01,00,17,25.0,73.5
23,01,00,14,24.9,73.4
23,01,00,19,25.0,73.4
23,01,00,23,25.0,73.0
23,01,00,19,25.0,73.0
23,01,00,27,24.9,73.4
23,01,00,17,25.0,73.3
23,01,00,14,25.1,73.1
23,01,00,10,25.1,73.1
23,01,00,19,25.0,73.1
23,01,00,24,25.0,73.3
23,01,00,17,25.0,73.4
23,01,00,14,25.0,73.1
23,01,00,16,25.0,73.1
23,01,00,25,25.0,72.8
23,01,00,17,24.8,73.2
23,01,00,16,24.6,73.9
23,02,00,18,24.5,74.2
23,02,00,18,24.5,74.8
23,02,00,19,24.5,74.6
23,02,00,18,24.6,74.4
23,02,00,17,24.6,74.1
23,02,00,18,24.4,74.1
23,02,00,16,24.2,74.8
23,02,00,33,24.2,75.2
23,02,00,17,24.4,74.7
23,02,00,15,24.5,74.1
23,02,00,20,24.6,73.9
23,02,00,21,24.7,73.7
23,02,00,21,24.7,73.4
23,02,00,19,24.8,73.5
23,02,00,14,24.8,73.5
23,02,00,15,24.8,73.6
23,02,00,14,24.7,73.9
23,02,00,21,24.7,74.0
23,02,00,11,24.5,74.1
23,02,00,15,24.2,74.9
23,02,00,14,24.2,75.3
23,02,00,17,24.2,75.1
23,02,00,12,24.4,74.8
23,02,00,15,24.5,74.5
23,02,00,10,24.6,74.2
23,02,00,25,24.7,73.8
23,02,00,14,24.8,73.6
23,02,00,18,24.8,73.3
23,02,00,20,24.6,73.3
23,02,00,14,24.3,74.2
23,02,00,23,24.3,74.3
23,02,00,13,24.5,74.0
23,02,00,8,24.5,74.0
23,02,00,18,24.6,73.8
23,02,00,20,24.7,73.6
23,02,00,17,24.7,73.4
23,02,00,13,24.7,73.1
23,02,00,15,24.7,73.3
23,02,00,15,24.6,73.6
23,02,00,17,24.6,73.8
23,02,00,12,24.7,73.8
23,02,00,14,24.7,73.8
23,02,00,10,24.8,73.6
23,02,00,19,24.8,73.3
23,02,00,17,24.8,73.3
23,02,00,17,24.9,73.2
23,02,00,20,24.8,73.2
23,02,00,14,24.8,73.4
23,02,00,8,24.7,73.5
23,02,00,12,24.7,73.7
23,02,00,12,24.8,73.5
23,02,00,7,24.8,73.3
23,02,00,12,24.8,73.2
23,02,00,16,24.5,73.7
23,02,00,14,24.3,74.4
23,02,00,13,24.2,75.0
23,02,00,8,24.3,74.8
23,02,00,20,24.5,74.3
23,02,00,18,24.5,74.0
23,02,00,18,24.6,73.9
23,03,00,18,24.7,73.7
23,03,00,16,24.5,74.5
23,03,00,11,24.5,74.5
23,03,00,12,24.5,74.3
23,03,00,13,24.5,74.0
23,03,00,22,24.5,74.2
23,03,00,19,24.6,74.2
23,03,00,10,24.7,74.1
23,03,00,15,24.7,73.8
23,03,00,16,24.7,73.9
23,03,00,12,24.7,73.9
23,03,00,25,24.8,73.7
23,03,00,21,24.7,73.7
23,03,00,17,24.7,73.8
23,03,00,28,24.5,74.2
23,03,00,19,24.5,74.4
23,03,00,26,24.5,74.3
23,03,00,12,24.6,74.2
23,03,00,17,24.5,74.3
23,03,00,22,24.6,74.2
23,03,00,13,24.6,74.1
23,03,00,15,24.6,73.9
23,03,00,20,24.6,73.8
23,03,00,13,24.6,73.9
23,03,00,21,24.7,73.8
23,03,00,12,24.7,73.6
23,03,00,8,24.6,73.9
23,03,00,18,24.6,74.0
23,03,00,10,24.5,74.1
23,03,00,19,24.5,74.4
23,03,00,21,24.5,74.5
23,03,00,20,24.6,74.0
23,03,00,10,24.6,73.9
23,03,00,17,24.6,73.7
23,03,00,20,24.7,73.7
23,03,00,20,24.6,74.0
23,03,00,16,24.5,74.3
23,03,00,15,24.6,74.2
23,03,00,27,24.6,74.0
23,03,00,16,24.6,74.0
23,03,00,14,24.6,74.0
23,03,00,21,24.4,74.6
23,03,00,13,24.4,74.6
23,03,00,16,24.3,74.7
23,03,00,18,24.4,74.7
23,03,00,12,24.4,74.5
23,03,00,15,24.3,74.8
23,03,00,14,24.1,75.4
23,03,00,20,24.1,75.7
23,03,00,14,24.1,75.7
23,03,00,21,24.2,75.5
23,03,00,24,24.3,74.9
23,03,00,28,24.1,75.2
23,03,00,23,24.0,75.3
23,03,00,11,23.9,75.5
23,03,00,15,24.0,75.2
23,03,00,10,24.1,75.0
23,03,00,20,24.2,74.9
23,03,00,14,24.2,74.7
23,03,00,25,24.3,74.5
23,04,00,8,24.3,74.4
23,04,00,21,24.4,74.3
23,04,00,11,24.4,74.1
23,04,00,17,24.4,74.2
23,04,00,13,24.5,74.0
23,04,00,15,24.4,74.1
23,04,00,12,24.3,74.7
23,04,00,14,23.9,75.7
23,04,00,14,23.7,76.5
23,04,00,17,23.8,76.5
23,04,00,15,23.8,76.3
23,04,00,11,23.8,76.5
23,04,00,20,23.9,76.2
23,04,00,21,24.0,75.9
23,04,00,13,24.2,75.4
23,04,00,23,24.2,75.0
23,04,00,18,24.2,75.1
23,04,00,15,24.2,75.3
23,04,00,16,24.2,75.3
23,04,00,15,24.2,75.3
23,04,00,13,24.3,75.0
23,04,00,9,24.3,74.9
23,04,00,15,24.3,74.9
23,04,00,10,24.2,75.0
23,04,00,26,24.2,74.9
23,04,00,17,24.2,74.9
23,04,00,21,24.3,74.7
23,04,00,15,24.3,74.7
23,04,00,10,24.3,74.7
23,04,00,11,24.3,74.7
23,04,00,7,24.3,74.8
23,04,00,16,24.3,74.6
23,04,00,13,24.3,74.4
23,04,00,17,24.3,74.7
23,04,00,18,23.9,75.3
23,04,00,11,23.8,76.0
23,04,00,10,23.8,76.5
23,04,00,11,23.8,76.4
23,04,00,15,23.9,76.2
23,04,00,14,24.0,76.0
23,04,00,10,24.0,76.2
23,04,00,15,24.0,76.0
23,04,00,20,24.1,75.6
23,04,00,15,24.2,75.3
23,04,00,19,24.2,75.2
23,04,00,12,24.3,75.1
23,04,00,20,24.3,74.8
23,04,00,25,24.2,74.9
23,04,00,26,24.3,74.9
23,04,00,22,24.3,75.0
23,04,00,25,24.4,75.0
23,04,00,16,24.3,75.0
23,04,00,14,24.4,75.1
23,04,00,11,24.4,74.9
23,04,00,11,24.3,74.8
23,04,00,17,24.1,75.4
23,04,00,11,24.1,75.4
23,04,00,13,24.1,75.7
23,04,00,16,24.2,75.4
23,04,00,12,24.2,75.3
23,05,00,19,24.3,75.2
23,05,00,26,24.3,75.3
23,05,00,19,24.3,75.1
23,05,00,18,24.3,75.0
23,05,00,18,24.3,75.1
23,05,00,15,24.2,75.3
23,05,00,11,24.2,75.2
23,05,00,16,24.2,75.4
23,05,00,6,24.2,75.3
23,05,00,10,24.2,75.2
23,05,00,11,24.2,75.1
23,05,00,11,24.2,75.2
23,05,00,14,24.2,75.1
23,05,00,11,24.2,75.3
23,05,00,14,24.1,75.4
23,05,00,27,24.1,75.3
23,05,00,14,24.1,75.3
23,05,00,23,24.0,75.4
23,05,00,16,23.8,75.8
23,05,00,18,23.8,76.5
23,05,00,19,23.8,76.3
23,05,00,8,23.9,76.1
23,05,00,9,23.9,75.8
23,05,00,17,24.0,75.8
23,05,00,6,24.1,75.5
23,05,00,22,24.0,74.8
23,05,00,14,23.7,75.6
23,05,00,17,23.7,76.1
23,05,00,16,23.8,75.8
23,05,00,13,24.0,75.3
23,05,00,15,24.0,75.1
23,05,00,30,24.1,74.9
23,05,00,23,24.1,75.0
23,05,00,15,24.3,74.8
23,05,00,22,24.3,74.5
23,05,00,9,24.1,75.1
23,05,00,16,23.7,75.9
23,05,00,18,23.8,76.0
23,05,00,9,23.9,75.8
23,05,00,11,24.1,75.3
23,05,00,14,24.2,74.9
23,05,00,17,24.3,74.6
23,05,00,23,24.4,74.4
23,05,00,20,24.5,74.5
23,05,00,9,24.5,74.2
23,05,00,20,24.5,74.7
23,05,00,32,24.2,75.3
23,05,00,14,24.0,75.9
23,05,00,25,24.0,76.1
23,05,00,8,24.1,75.9
23,05,00,13,24.2,75.8
23,05,00,17,24.3,75.5
23,05,00,18,24.4,75.5
23,05,00,12,24.4,75.6
23,05,00,23,24.3,75.7
23,05,00,27,24.2,76.1
23,05,00,26,24.3,76.1
23,05,00,15,24.3,75.8
23,05,00,21,24.4,75.6
23,05,00,19,24.5,75.5
23,06,00,16,24.6,75.5
23,06,00,20,24.5,75.7
23,06,00,9,24.5,75.9
23,06,00,22,24.5,75.8
23,06,00,25,24.6,75.9
23,06,00,23,24.6,75.6
23,06,00,27,24.6,75.5
23,06,00,16,24.7,75.5
23,06,00,9,24.7,75.5
23,06,00,18,24.7,75.8
23,06,00,26,24.6,75.9
23,06,00,17,24.6,75.9
23,06,00,10,24.6,75.9
23,06,00,18,24.6,75.8
23,06,00,24,24.6,76.2
23,06,00,32,24.5,76.5
23,06,00,14,24.5,76.7
23,06,00,16,24.5,76.4
23,06,00,8,24.4,76.6
23,06,00,19,24.3,77.0
23,06,00,13,24.3,77.3
23,06,00,22,24.4,77.4
23,06,00,27,24.5,77.2
23,06,00,12,24.5,76.9
23,06,00,20,24.6,76.6
23,06,00,19,24.7,76.5
23,06,00,24,24.7,76.2
23,06,00,12,24.7,76.0
23,06,00,12,24.8,76.2
23,06,00,20,24.9,76.2
23,06,00,21,24.9,76.6
23,06,00,21,24.8,76.9
23,06,00,19,24.7,77.1
23,06,00,15,24.7,77.2
23,06,00,20,24.7,77.0
23,06,00,19,24.7,76.6
23,06,00,20,24.6,77.0
23,06,00,28,24.5,77.1
23,06,00,26,24.6,77.1
23,06,00,18,24.7,76.8
23,06,00,19,24.7,76.5
23,06,00,15,24.8,76.5
23,06,00,17,24.8,76.2
23,06,00,24,24.9,76.2
23,06,00,21,24.9,76.1
23,06,00,19,25.0,75.9
23,06,00,18,25.0,76.1
23,06,00,23,25.0,76.5
23,06,00,25,25.0,76.6
23,06,00,23,25.0,76.5
23,06,00,26,25.0,76.7
23,06,00,25,25.1,76.9
23,06,00,19,25.1,76.5
23,06,00,17,25.1,76.6
23,06,00,20,25.2,76.4
23,06,00,19,25.2,76.0
23,06,00,35,25.3,75.6
23,06,00,17,25.3,74.9
23,06,00,28,25.2,75.0
23,06,00,20,25.2,75.1
23,07,00,20,25.2,75.3
23,07,00,25,25.3,75.3
23,07,00,25,25.2,75.3
23,07,00,16,25.3,75.3
23,07,00,11,25.2,75.4
23,07,00,20,25.3,75.6
23,07,00,15,25.3,75.2
23,07,00,32,25.3,75.2
23,07,00,35,25.3,75.4
23,07,00,33,25.4,75.5
23,07,00,26,25.4,75.8
23,07,00,21,25.3,76.0
23,07,00,22,25.5,75.3
23,07,00,21,25.4,75.3
23,07,00,36,25.4,75.6
23,07,00,9,25.5,75.5
23,07,00,20,25.6,75.4
23,07,00,22,25.6,75.3
23,07,00,26,25.6,75.3
23,07,00,16,25.6,75.4
23,07,00,32,25.6,75.6
23,07,00,23,25.7,75.8
23,07,00,17,25.7,75.9
23,07,00,22,25.6,75.8
23,07,00,31,25.6,76.0
23,07,00,27,25.7,76.1
23,07,00,29,25.7,76.1
23,07,00,18,25.7,76.1
23,07,00,31,25.7,76.0
23,07,00,24,25.8,76.0
23,07,00,33,25.8,75.9
23,07,00,19,25.8,76.0
23,07,00,23,25.9,75.6
23,07,00,26,25.9,75.4
23,07,00,26,25.9,75.6
23,07,00,31,25.9,75.7
23,07,00,17,25.9,75.8
23,07,00,26,25.9,75.8
23,07,00,31,25.8,75.9
23,07,00,25,25.8,75.9
23,07,00,28,25.8,76.0
23,07,00,35,25.9,75.8
23,07,00,22,25.9,75.8
23,07,00,36,25.9,75.6
23,07,00,23,26.0,75.6
23,07,00,17,26.0,75.4
23,07,00,30,26.0,75.4
23,07,00,28,26.0,75.2
23,07,00,32,26.0,75.1
23,07,00,24,26.1,75.2
23,07,00,30,26.1,75.1
23,07,00,24,26.1,75.1
23,07,00,29,26.1,75.0
23,07,00,31,26.1,74.9
23,07,00,27,26.1,75.2
23,07,00,29,26.2,75.1
23,07,00,23,26.1,75.1
23,07,00,30,26.2,74.9
23,07,00,33,26.2,75.1
23,07,00,21,26.2,75.1
23,08,00,24,26.2,75.1
23,08,00,30,26.2,75.1
23,08,00,28,26.2,75.2
23,08,00,24,26.2,75.4
23,08,00,34,26.2,75.2
23,08,00,18,26.3,75.4
23,08,00,35,26.3,75.4
23,08,00,27,26.3,75.6
23,08,00,28,26.3,75.6
23,08,00,22,26.3,75.4
23,08,00,29,26.3,75.5
23,08,00,28,26.3,75.2
23,08,00,27,26.3,75.6
23,08,00,19,26.3,75.7
23,08,00,31,26.4,75.8
23,08,00,26,26.4,76.5
23,08,00,34,26.3,76.0
23,08,00,29,26.3,76.2
23,08,00,45,26.4,76.1
23,08,00,32,26.4,76.4
23,08,00,31,26.5,76.6
23,08,00,43,26.6,76.9
23,08,00,34,26.6,76.9
23,08,00,22,26.6,76.9
23,08,00,30,26.6,76.8
23,08,00,27,26.7,76.5
23,08,00,28,26.6,76.8
23,08,00,17,26.7,76.6
23,08,00,36,26.7,76.6
23,08,00,37,26.7,76.7
23,08,00,22,26.7,76.7
23,08,00,33,26.8,76.3
23,08,00,36,26.8,76.6
23,08,00,41,26.8,76.7
23,08,00,36,26.8,76.4
23,08,00,55,26.9,76.4
23,08,00,17,26.9,76.1
23,08,00,29,26.9,76.1
23,08,00,23,26.9,76.1
23,08,00,27,26.9,76.0
23,08,00,27,26.9,75.8
23,08,00,38,26.9,75.9
23,08,00,32,26.9,76.1
23,08,00,18,26.9,75.9
23,08,00,30,26.9,75.9
23,08,00,24,27.0,76.0
23,08,00,38,27.0,75.9
23,08,00,31,27.0,75.8
23,08,00,28,27.0,75.8
23,08,00,43,27.0,75.6
23,08,00,30,27.0,75.9
23,08,00,26,27.0,75.7
23,08,00,33,27.0,76.0
23,08,00,19,27.0,76.1
23,08,00,18,27.0,75.9
23,08,00,21,27.0,76.0
23,08,00,40,27.0,76.1
23,08,00,23,27.0,76.2
23,08,00,27,27.0,76.3
23,08,00,20,27.1,76.2
23,09,00,21,27.1,76.0
23,09,00,30,27.0,76.1
23,09,00,41,27.0,76.3
23,09,00,28,27.0,76.3
23,09,00,40,27.0,76.3
23,09,00,37,27.0,76.3
23,09,00,35,27.1,76.5
23,09,00,42,27.1,76.7
23,09,00,29,27.1,76.3
23,09,00,23,27.1,76.5
23,09,00,26,27.2,76.6
23,09,00,31,27.2,76.6
23,09,00,33,27.2,76.7
23,09,00,26,27.2,76.8
23,09,00,41,27.2,76.9
23,09,00,31,27.2,76.8
23,09,00,50,27.2,76.8
23,09,00,37,27.2,77.2
23,09,00,40,27.2,76.7
23,09,00,41,27.2,76.7
23,09,00,29,27.3,76.6
23,09,00,21,27.2,76.8
23,09,00,26,27.2,76.8
23,09,00,29,27.2,76.8
23,09,00,35,27.2,76.9
23,09,00,47,27.3,76.6
23,09,00,42,27.3,76.6
23,09,00,39,27.4,76.2
23,09,00,30,27.4,76.1
23,09,00,35,27.4,76.1
23,09,00,34,27.5,75.9
23,09,00,36,27.5,75.9
23,09,00,31,27.4,76.0
23,09,00,43,27.4,76.1
23,09,00,45,27.5,76.0
23,09,00,34,27.4,76.0
23,09,00,29,27.5,76.1
23,09,00,30,27.5,76.0
23,09,00,34,27.4,76.2
23,09,00,46,27.4,76.2
23,09,00,36,27.4,76.5
23,09,00,32,27.4,76.4
23,09,00,51,27.4,76.3
23,09,00,43,27.4,76.3
23,09,00,26,27.5,76.2
23,09,00,41,27.5,76.1
23,09,00,22,27.5,76.1
23,09,00,46,27.5,76.0
23,09,00,50,27.6,76.1
23,09,00,44,27.6,75.9
23,09,00,44,27.6,76.1
23,09,00,37,27.6,75.9
23,09,00,40,27.6,75.9
23,09,00,35,27.6,75.9
23,09,00,45,27.6,76.0
23,09,00,27,27.6,75.9
23,09,00,53,27.6,75.8
23,09,00,38,27.6,76.0
23,09,00,27,27.6,75.9
23,09,00,27,27.7,75.7
23,10,00,36,27.7,75.8
23,10,00,45,27.7,75.7
23,10,00,43,27.7,75.8
23,10,00,35,27.7,75.9
23,10,00,27,27.7,75.9
23,10,00,23,27.7,75.8
23,10,00,30,27.8,75.7
23,10,00,26,27.7,75.8
23,10,00,38,27.7,76.1
23,10,00,32,27.7,76.1
23,10,00,40,27.8,76.2
23,10,00,31,27.8,76.0
23,10,00,32,27.8,76.0
23,10,00,21,27.8,75.8
23,10,00,41,27.8,75.9
23,10,00,35,27.8,75.9
23,10,00,35,27.8,75.8
23,10,00,38,27.8,76.3
23,10,00,41,27.8,76.0
23,10,00,25,27.8,75.8
23,10,00,39,27.9,75.8
23,10,00,46,27.9,75.7
23,10,00,26,27.9,75.5
23,10,00,26,27.9,75.4
23,10,00,31,27.9,75.3
23,10,00,32,27.9,75.4
23,10,00,17,27.9,75.4
23,10,00,32,27.9,75.3
23,10,00,23,27.9,75.3
23,10,00,22,27.9,75.4
23,10,00,34,27.9,75.5
23,10,00,46,27.9,75.3
23,10,00,20,27.9,75.3
23,10,00,38,28.0,75.4
23,10,00,25,28.0,75.1
23,10,00,41,28.0,75.1
23,10,00,24,28.0,75.2
23,10,00,26,28.0,75.3
23,10,00,23,28.0,75.4
23,10,00,27,28.1,75.3
23,10,00,46,28.1,75.2
23,10,00,31,28.2,75.0
23,10,00,34,28.3,74.8
23,10,00,27,28.3,74.9
23,10,00,35,28.4,74.8
23,10,00,19,28.4,74.7
23,10,00,17,28.4,75.0
23,10,00,32,28.4,75.0
23,10,00,40,28.4,75.2
23,10,00,48,28.4,75.0
23,10,00,27,28.4,74.8
23,10,00,34,28.5,74.6
23,10,00,34,28.5,74.5
23,10,00,26,28.6,74.3
23,10,00,28,28.6,73.9
23,10,00,24,28.7,73.5
23,10,00,43,28.7,73.1
23,10,00,25,28.8,72.5
23,10,00,18,28.7,72.5
23,10,00,27,28.7,72.1
23,11,00,18,28.7,72.2
23,11,00,11,28.7,72.1
23,11,00,25,28.7,72.2
23,11,00,20,28.6,72.3
23,11,00,21,28.6,72.4
23,11,00,37,28.6,72.5
23,11,00,30,28.6,72.7
23,11,00,25,28.5,72.8
23,11,00,31,28.5,72.9
23,11,00,29,28.5,72.9
23,11,00,41,28.5,73.0
23,11,00,18,28.5,73.1
23,11,00,28,28.5,73.1
23,11,00,39,28.5,73.2
23,11,00,36,28.5,73.3
23,11,00,33,28.4,73.6
23,11,00,21,28.4,73.6
23,11,00,26,28.4,73.7
23,11,00,30,28.5,73.5
23,11,00,22,28.6,73.3
23,11,00,24,28.6,73.0
23,11,00,20,28.6,73.1
23,11,00,30,28.5,73.2
23,11,00,31,28.6,73.3
23,11,00,35,28.6,73.4
23,11,00,27,28.6,73.5
23,11,00,34,28.5,73.8
23,11,00,17,28.5,73.9
23,11,00,28,28.6,73.9
23,11,00,45,28.6,73.8
23,11,00,42,28.7,73.5
23,11,00,22,28.7,73.1
23,11,00,39,28.6,73.1
23,11,00,34,28.6,73.0
23,11,00,41,28.6,72.5
23,11,00,13,28.7,71.8
23,11,00,32,28.8,71.5
23,11,00,43,28.8,71.3
23,11,00,30,28.8,71.5
23,11,00,28,28.7,71.1
23,11,00,30,28.7,70.7
23,11,00,28,28.7,70.8
23,11,00,26,28.7,70.5
23,11,00,39,28.7,70.6
23,11,00,44,28.6,70.6
23,11,00,26,28.6,70.3
23,11,00,32,28.6,70.1
23,11,00,32,28.5,70.2
23,11,00,35,28.6,69.9
23,11,00,33,28.6,69.9
23,11,00,29,28.6,70.3
23,11,00,30,28.6,70.1
23,11,00,14,28.6,70.1
23,11,00,11,28.6,69.9
23,11,00,23,28.6,69.8
23,11,00,20,28.7,69.9
23,11,00,28,28.7,69.7
23,11,00,35,28.6,69.8
23,11,00,33,28.7,69.3
23,11,00,27,28.7,69.2
23,12,00,24,28.7,69.1
23,12,00,18,28.8,68.9
23,12,00,27,28.8,68.8
23,12,00,28,28.8,68.4
23,12,00,25,28.9,68.5
23,12,00,31,28.8,68.3
23,12,00,31,28.9,68.2
23,12,00,19,28.9,68.4
23,12,00,15,28.8,68.6
23,12,00,31,28.7,68.8
23,12,00,18,28.6,69.4
23,12,00,18,28.6,69.5
23,12,00,19,28.6,69.6
23,12,00,18,28.6,69.7
23,12,00,27,28.7,69.5
23,12,00,19,28.8,69.2
23,12,00,30,28.8,69.1
23,12,00,30,28.7,69.4
23,12,00,38,28.8,69.1
23,12,00,18,28.7,69.3
23,12,00,17,28.7,69.5
23,12,00,20,28.7,69.5
23,12,00,27,28.8,69.4
23,12,00,27,28.8,69.3
23,12,00,26,28.7,69.5
23,12,00,20,28.7,69.7
23,12,00,21,28.7,69.6
23,12,00,30,28.6,69.9
23,12,00,38,28.6,69.9
23,12,00,31,28.7,69.9
23,12,00,20,28.6,70.0
23,12,00,24,28.6,70.0
23,12,00,28,28.6,70.1
23,12,00,17,28.6,70.2
23,12,00,25,28.6,70.1
23,12,00,23,28.6,69.7
23,12,00,29,28.7,69.8
23,12,00,14,28.6,69.9
23,12,00,10,28.6,70.1
23,12,00,31,28.6,69.9
23,12,00,25,28.6,69.9
23,12,00,24,28.6,69.9
23,12,00,20,28.6,70.0
23,12,00,21,28.6,70.1
23,12,00,17,28.6,70.1
23,12,00,30,28.6,70.1
23,12,00,20,28.6,70.0
23,12,00,19,28.7,69.9
23,12,00,18,28.7,69.6
23,12,00,19,28.7,69.7
23,12,00,18,28.7,69.5
23,12,00,24,28.7,69.5
23,12,00,25,28.7,69.4
23,12,00,20,28.8,69.1
23,12,00,22,28.9,68.7
23,12,00,24,28.9,68.7
23,12,00,16,28.8,68.8
23,12,00,22,28.8,68.8
23,12,00,28,28.8,68.7
23,12,00,27,28.9,68.2
23,13,00,22,28.9,68.0
23,13,00,21,28.8,68.1
23,13,00,17,28.8,68.5
23,13,00,20,28.7,69.0
23,13,00,28,28.6,68.9
23,13,00,22,28.6,69.0
23,13,00,24,28.6,69.3
23,13,00,15,28.6,68.9
23,13,00,14,28.6,68.9
23,13,00,18,28.7,69.0
23,13,00,30,28.6,69.4
23,13,00,24,28.6,69.2
23,13,00,28,28.7,68.9
23,13,00,12,28.8,68.7
23,13,00,18,28.8,68.6
23,13,00,22,28.8,68.7
23,13,00,26,28.9,68.5
23,13,00,18,28.8,68.6
23,13,00,23,28.8,69.0
23,13,00,24,28.7,69.3
23,13,00,21,28.7,69.4
23,13,00,32,28.7,69.5
23,13,00,27,28.7,69.7
23,13,00,25,28.7,69.9
23,13,00,24,28.6,70.0
23,13,00,26,28.6,70.2
23,13,00,25,28.6,70.2
23,13,00,15,28.6,70.5
23,13,00,39,28.6,70.5
23,13,00,21,28.6,70.6
23,13,00,17,28.6,70.7
23,13,00,26,28.7,70.8
23,13,00,19,28.6,71.1
23,13,00,30,28.7,70.8
23,13,00,26,28.8,70.6
23,13,00,23,28.8,70.3
23,13,00,33,28.9,69.9
23,13,00,16,29.0,69.5
23,13,00,16,29.0,69.7
23,13,00,31,29.0,69.6
23,13,00,27,29.0,69.7
23,13,00,13,28.9,69.8
23,13,00,23,28.9,70.1
23,13,00,27,28.9,70.2
23,13,00,22,28.9,70.3
23,13,00,26,29.0,70.2
23,13,00,28,29.1,70.1
23,13,00,31,29.0,70.3
23,13,00,26,29.0,70.4
23,13,00,32,28.9,70.8
23,13,00,17,28.9,70.9
23,13,00,27,28.9,71.0
23,13,00,30,29.0,71.0
23,13,00,18,29.0,70.8
23,13,00,12,29.0,70.7
23,13,00,24,29.0,70.6
23,13,00,20,29.1,70.3
23,13,00,30,29.1,70.4
23,13,00,18,29.0,70.6
23,13,00,23,29.0,70.7
23,14,00,24,29.0,70.8
23,14,00,27,29.0,70.9
23,14,00,12,29.0,71.1
23,14,00,13,28.9,71.2
23,14,00,26,29.0,71.3
23,14,00,22,28.9,71.4
23,14,00,15,28.9,71.3
23,14,00,22,29.0,71.3
23,14,00,18,29.0,71.3
23,14,00,21,29.0,71.4
23,14,00,30,28.9,71.5
23,14,00,23,28.9,71.9
23,14,00,19,28.9,71.9
23,14,00,30,29.0,71.7
23,14,00,25,29.0,71.7
23,14,00,14,29.0,71.5
23,14,00,18,29.1,71.2
23,14,00,25,29.1,70.8
23,14,00,31,29.2,70.6
23,14,00,22,29.2,70.3
23,14,00,21,29.2,70.3
23,14,00,20,29.2,70.3
23,14,00,19,29.2,70.4
23,14,00,24,29.1,70.7
23,14,00,17,29.1,70.8
23,14,00,16,29.1,70.9
23,14,00,15,29.0,71.3
23,14,00,25,29.1,71.3
23,14,00,25,29.1,71.3
23,14,00,36,29.2,71.0
23,14,00,20,29.3,70.6
23,14,00,13,29.3,70.4
23,14,00,36,29.3,70.3
23,14,00,30,29.2,70.7
23,14,00,32,29.1,70.9
23,14,00,24,29.2,70.9
23,14,00,15,29.2,71.0
23,14,00,23,29.2,71.1
23,14,00,27,29.2,71.1
23,14,00,18,29.2,71.1
23,14,00,26,29.1,71.4
23,14,00,17,29.1,71.4
23,14,00,24,29.1,71.4
23,14,00,22,29.0,71.7
23,14,00,26,29.0,71.7
23,14,00,14,29.0,71.7
23,14,00,25,29.0,71.7
23,14,00,17,29.0,71.6
23,14,00,13,29.0,71.6
23,14,00,32,29.1,71.4
23,14,00,15,29.1,71.4
23,14,00,20,29.0,71.6
23,14,00,21,29.0,71.6
23,14,00,20,29.0,71.6
23,14,00,27,29.0,71.6
23,14,00,16,29.0,71.6
23,14,00,15,29.0,71.4
23,14,00,28,29.1,71.3
23,14,00,21,29.0,71.3
23,14,00,22,29.0,71.1
23,15,00,19,29.1,70.9
23,15,00,23,29.1,70.7
23,15,00,25,29.1,70.4
23,15,00,30,29.2,69.9
23,15,00,20,29.1,69.9
23,15,00,17,29.1,69.9
23,15,00,24,29.0,70.2
23,15,00,23,29.0,70.3
23,15,00,17,29.0,70.1
23,15,00,25,29.0,70.1
23,15,00,24,29.0,70.2
23,15,00,17,29.0,70.1
23,15,00,19,29.0,70.3
23,15,00,22,29.0,69.9
23,15,00,26,29.0,70.0
23,15,00,13,29.0,69.9
23,15,00,18,29.0,70.1
23,15,00,26,29.0,70.1
23,15,00,24,29.0,70.1
23,15,00,24,29.0,70.0
23,15,00,18,29.0,69.8
23,15,00,9,29.0,70.0
23,15,00,18,28.9,70.1
23,15,00,17,28.9,70.2
23,15,00,16,28.9,70.3
23,15,00,18,28.9,70.3
23,15,00,16,28.9,70.3
23,15,00,26,28.9,70.5
23,15,00,16,28.9,70.7
23,15,00,29,28.9,70.8
23,15,00,17,28.8,70.9
23,15,00,16,28.8,70.8
23,15,00,32,28.8,70.9
23,15,00,14,28.8,71.0
23,15,00,26,28.8,70.8
23,15,00,17,28.8,70.8
23,15,00,19,28.8,70.9
23,15,00,21,28.8,70.8
23,15,00,17,28.8,70.8
23,15,00,34,28.8,70.7
23,15,00,22,28.9,70.6
23,15,00,25,28.9,70.5
23,15,00,20,28.9,70.6
23,15,00,16,28.8,70.8
23,15,00,22,28.8,70.8
23,15,00,21,28.8,70.9
23,15,00,20,28.8,71.0
23,15,00,18,28.8,71.0
23,15,00,23,28.8,71.2
23,15,00,31,28.8,71.3
23,15,00,16,28.8,71.4
23,15,00,9,28.8,71.4
23,15,00,21,28.8,71.4
23,15,00,19,28.8,71.4
23,15,00,23,28.8,71.5
23,15,00,27,28.8,71.7
23,15,00,27,28.8,71.7
23,15,00,15,28.8,71.7
23,15,00,19,28.8,71.7
23,15,00,25,28.8,71.9
23,16,00,26,28.7,72.1
23,16,00,5,28.7,72.2
23,16,00,14,28.7,72.1
23,16,00,14,28.7,72.2
23,16,00,13,28.7,72.3
23,16,00,8,28.7,72.3
23,16,00,10,28.7,72.4
23,16,00,15,28.7,72.4
23,16,00,14,28.7,72.4
23,16,00,19,28.7,72.5
23,16,00,24,28.7,72.6
23,16,00,14,28.7,72.7
23,16,00,13,28.7,72.8
23,16,00,19,28.7,72.8
23,16,00,27,28.7,72.8
23,16,00,17,28.6,72.9
23,16,00,15,28.7,72.8
23,16,00,16,28.6,73.0
23,16,00,22,28.6,73.1
23,16,00,18,28.6,73.3
23,16,00,16,28.6,73.3
23,16,00,20,28.6,73.4
23,16,00,21,28.6,73.3
23,16,00,13,28.6,73.3
23,16,00,26,28.6,73.3
23,16,00,18,28.6,73.1
23,16,00,19,28.6,73.1
23,16,00,18,28.6,73.2
23,16,00,17,28.6,73.2
23,16,00,11,28.5,73.1
23,16,00,11,28.5,73.0
23,16,00,20,28.5,73.1
23,16,00,16,28.5,73.2
23,16,00,24,28.5,73.2
23,16,00,22,28.5,73.3
23,16,00,20,28.5,73.2
23,16,00,21,28.5,73.3
23,16,00,18,28.5,73.4
23,16,00,18,28.5,73.6
23,16,00,14,28.4,74.0
23,16,00,34,28.4,74.0
23,16,00,17,28.4,74.2
23,16,00,22,28.4,74.3
23,16,00,17,28.4,74.9
23,16,00,7,28.3,75.5
23,16,00,13,28.2,75.8
23,16,00,27,28.1,76.1
23,16,00,14,28.1,76.3
23,16,00,15,28.0,76.7
23,16,00,20,27.9,77.0
23,16,00,17,27.8,77.3
23,16,00,12,27.8,77.5
23,16,00,18,27.8,77.6
23,16,00,14,27.7,77.7
23,16,00,14,27.7,77.9
23,16,00,15,27.7,78.1
23,16,00,26,27.7,78.2
23,16,00,20,27.6,78.4
23,16,00,15,27.6,78.8
23,16,00,23,27.6,79.0
23,17,00,22,27.6,79.4
23,17,00,25,27.6,79.2
23,17,00,13,27.5,79.3
23,17,00,27,27.5,79.4
23,17,00,19,27.5,79.7
23,17,00,23,27.5,79.4
23,17,00,12,27.5,79.5
23,17,00,19,27.5,79.6
23,17,00,17,27.5,79.5
23,17,00,11,27.5,79.7
23,17,00,23,27.5,79.8
23,17,00,23,27.5,79.8
23,17,00,22,27.5,80.0
23,17,00,14,27.5,80.0
23,17,00,13,27.5,80.3
23,17,00,22,27.5,80.2
23,17,00,21,27.5,80.4
23,17,00,22,27.6,80.1
23,17,00,25,27.6,79.7
23,17,00,22,27.6,79.6
23,17,00,18,27.6,79.7
23,17,00,14,27.6,79.7
23,17,00,10,27.5,80.1
23,17,00,13,27.5,79.8
23,17,00,13,27.6,79.8
23,17,00,13,27.6,79.7
23,17,00,15,27.6,79.7
23,17,00,11,27.6,79.4
23,17,00,23,27.6,79.3
23,17,00,15,27.6,79.2
23,17,00,13,27.6,79.2
23,17,00,17,27.5,79.6
23,17,00,8,27.5,79.7
23,17,00,22,27.5,79.7
23,17,00,14,27.5,79.7
23,17,00,22,27.5,79.9
23,17,00,20,27.4,80.1
23,17,00,19,27.5,79.8
23,17,00,17,27.5,80.0
23,17,00,21,27.4,80.1
23,17,00,10,27.5,80.0
23,17,00,22,27.4,80.3
23,17,00,13,27.3,80.3
23,17,00,20,27.4,80.4
23,17,00,13,27.4,80.4
23,17,00,19,27.3,80.5
23,17,00,14,27.3,80.6
23,17,00,13,27.2,80.7
23,17,00,28,27.1,80.8
23,17,00,19,27.2,80.4
23,17,00,21,27.3,80.4
23,17,00,20,27.3,80.2
23,17,00,20,27.3,80.2
23,17,00,11,27.2,80.2
23,17,00,23,27.1,80.5
23,17,00,5,27.2,80.5
23,17,00,13,27.2,80.1
23,17,00,23,27.3,79.8
23,17,00,22,27.3,79.6
23,17,00,30,27.3,79.6
23,18,00,20,27.2,79.3
23,18,00,21,27.2,79.3
23,18,00,19,27.1,79.4
23,18,00,16,27.2,79.4
23,18,00,19,27.2,79.2
23,18,00,14,27.2,79.0
23,18,00,19,27.2,78.5
23,18,00,11,27.1,78.2
23,18,00,21,27.1,78.2
23,18,00,6,27.1,78.1
23,18,00,12,27.0,77.7
23,18,00,17,27.0,77.6
23,18,00,21,27.0,77.7
23,18,00,13,27.0,77.7
23,18,00,24,27.0,77.4
23,18,00,12,27.0,77.1
23,18,00,18,26.9,77.3
23,18,00,20,26.9,77.1
23,18,00,20,26.9,77.1
23,18,00,16,27.0,77.1
23,18,00,20,26.9,76.7
23,18,00,12,26.9,76.9
23,18,00,20,26.9,76.6
23,18,00,22,27.0,76.7
23,18,00,22,27.0,76.9
23,18,00,24,27.0,77.0
23,18,00,22,27.1,77.1
23,18,00,20,27.1,77.1
23,18,00,15,27.1,77.3
23,18,00,18,27.0,77.5
23,18,00,11,27.0,77.5
23,18,00,18,27.0,77.8
23,18,00,18,27.0,78.0
23,18,00,8,26.9,78.3
23,18,00,26,26.9,78.5
23,18,00,22,26.9,78.6
23,18,00,18,26.8,78.4
23,18,00,16,26.8,78.4
23,18,00,18,26.8,78.4
23,18,00,26,26.8,78.6
23,18,00,8,26.8,78.7
23,18,00,6,26.8,78.9
23,18,00,25,26.8,79.0
23,18,00,24,26.8,79.1
23,18,00,16,26.8,79.4
23,18,00,22,26.7,79.5
23,18,00,17,26.8,79.4
23,18,00,24,26.7,79.6
23,18,00,16,26.6,79.4
23,18,00,14,26.6,79.6
23,18,00,16,26.6,79.4
23,18,00,15,26.6,79.3
23,18,00,8,26.7,79.3
23,18,00,20,26.7,79.3
23,18,00,17,26.7,79.1
23,18,00,15,26.7,79.0
23,18,00,17,26.7,78.4
23,18,00,19,26.7,78.1
23,18,00,24,26.6,77.8
23,18,00,21,26.7,77.9
23,19,00,21,26.6,78.2
23,19,00,14,26.6,78.6
23,19,00,14,26.6,79.1
23,19,00,16,26.5,79.3
23,19,00,12,26.5,79.3
23,19,00,16,26.6,79.2
23,19,00,25,26.6,78.8
23,19,00,16,26.6,78.8
23,19,00,13,26.6,78.5
23,19,00,26,26.6,78.8
23,19,00,14,26.6,79.1
23,19,00,22,26.6,78.9
23,19,00,24,26.6,78.7
23,19,00,27,26.6,78.6
23,19,00,12,26.6,78.8
23,19,00,18,26.6,78.8
23,19,00,18,26.6,79.0
23,19,00,15,26.6,79.1
23,19,00,13,26.5,79.4
23,19,00,18,26.5,79.6
23,19,00,12,26.5,79.8
23,19,00,12,26.5,79.7
23,19,00,21,26.6,80.1
23,19,00,13,26.5,80.3
23,19,00,21,26.5,80.4
23,19,00,13,26.6,80.3
23,19,00,20,26.5,80.5
23,19,00,13,26.5,80.6
23,19,00,21,26.5,80.8
23,19,00,15,26.4,80.8
23,19,00,25,26.4,81.1
23,19,00,20,26.4,81.3
23,19,00,21,26.4,81.2
23,19,00,23,26.3,81.2
23,19,00,18,26.3,81.4
23,19,00,8,26.3,81.6
23,19,00,19,26.3,81.6
23,19,00,20,26.3,81.5
23,19,00,19,26.4,81.2
23,19,00,27,26.5,81.1
23,19,00,16,26.5,80.9
23,19,00,27,26.5,80.7
23,19,00,18,26.4,80.8
23,19,00,26,26.5,80.7
23,19,00,16,26.5,80.7
23,19,00,20,26.5,80.8
23,19,00,18,26.5,80.9
23,19,00,17,26.4,80.8
23,19,00,23,26.4,80.9
23,19,00,22,26.3,81.2
23,19,00,11,26.4,80.9
23,19,00,17,26.5,80.8
23,19,00,27,26.4,81.1
23,19,00,21,26.4,81.2
23,19,00,12,26.4,81.1
23,19,00,16,26.3,81.3
23,19,00,16,26.3,81.5
23,19,00,10,26.3,81.3
23,19,00,15,26.4,81.3
23,19,00,23,26.4,81.1
23,20,00,18,26.4,81.0
23,20,00,15,26.3,80.9
23,20,00,13,26.3,80.8
23,20,00,24,26.3,80.9
23,20,00,16,26.3,80.9
23,20,00,19,26.4,80.9
23,20,00,21,26.4,80.9
23,20,00,15,26.4,81.1
23,20,00,25,26.4,81.1
23,20,00,17,26.4,81.4
23,20,00,16,26.3,81.6
23,20,00,17,26.3,81.7
23,20,00,20,26.3,82.0
23,20,00,14,26.3,82.2
23,20,00,27,26.3,82.2
23,20,00,23,26.3,82.1
23,20,00,18,26.3,82.1
23,20,00,14,26.3,82.3
23,20,00,25,26.3,82.4
23,20,00,13,26.3,82.5
23,20,00,11,26.2,82.8
23,20,00,19,26.2,83.0
23,20,00,9,26.2,83.0
23,20,00,13,26.2,82.9
23,20,00,23,26.2,83.1
23,20,00,11,26.2,83.2
23,20,00,17,26.1,83.2
23,20,00,22,26.1,83.4
23,20,00,12,26.2,83.1
23,20,00,4,26.1,83.3
23,20,00,19,26.1,83.2
23,20,00,18,26.2,83.1
23,20,00,21,26.2,83.1
23,20,00,17,26.2,82.9
23,20,00,28,26.3,82.7
23,20,00,32,26.3,82.8
23,20,00,24,26.3,82.6
23,20,00,12,26.3,82.6
23,20,00,15,26.3,82.7
23,20,00,18,26.3,82.5
23,20,00,22,26.3,82.6
23,20,00,10,26.3,82.5
23,20,00,20,26.3,82.6
23,20,00,9,26.2,82.7
23,20,00,16,26.2,82.8
23,20,00,17,26.2,82.8
23,20,00,11,26.2,83.0
23,20,00,19,26.1,83.1
23,20,00,16,26.0,83.4
23,20,00,25,26.0,83.5
23,20,00,18,26.1,83.2
23,20,00,23,26.1,83.0
23,20,00,13,26.1,82.9
23,20,00,7,26.1,83.2
23,20,00,18,26.0,83.5
23,20,00,21,26.0,83.8
23,20,00,26,26.0,83.5
23,20,00,27,26.1,83.2
23,20,00,18,26.1,83.5
23,20,00,26,26.1,83.5
23,21,00,15,26.1,83.5
23,21,00,18,26.1,83.6
23,21,00,18,26.1,83.6
23,21,00,9,26.1,83.6
23,21,00,26,26.1,83.5
23,21,00,16,26.1,83.4
23,21,00,18,26.1,83.6
23,21,00,19,26.0,83.5
23,21,00,16,26.1,83.1
23,21,00,21,26.1,82.9
23,21,00,12,26.0,83.1
23,21,00,20,26.0,83.0
23,21,00,23,26.0,83.0
23,21,00,17,26.0,83.0
23,21,00,14,26.0,83.0
23,21,00,25,26.0,83.2
23,21,00,14,26.0,83.2
23,21,00,10,26.0,83.3
23,21,00,13,26.0,83.4
23,21,00,21,26.0,83.3
23,21,00,20,26.1,83.0
23,21,00,30,26.2,82.6
23,21,00,19,26.3,82.3
23,21,00,14,26.4,82.0
23,21,00,20,26.4,81.9
23,21,00,13,26.4,81.8
23,21,00,16,26.4,81.6
23,21,00,17,26.5,81.6
23,21,00,23,26.5,81.4
23,21,00,20,26.4,81.3
23,21,00,19,26.4,81.3
23,21,00,22,26.5,80.9
23,21,00,12,26.4,80.8
23,21,00,14,26.4,81.0
23,21,00,26,26.4,80.9
23,21,00,24,26.4,80.8
23,21,00,15,26.4,81.0
23,21,00,14,26.4,80.9
23,21,00,18,26.4,80.9
23,21,00,11,26.4,81.0
23,21,00,18,26.3,80.9
23,21,00,18,26.4,80.9
23,21,00,18,26.3,81.1
23,21,00,13,26.3,81.3
23,21,00,16,26.3,81.3
23,21,00,17,26.2,81.5
23,21,00,22,26.2,81.7
23,21,00,19,26.3,81.6
23,21,00,9,26.3,81.3
23,21,00,23,26.3,81.2
23,21,00,18,26.3,81.1
23,21,00,18,26.3,81.1
23,21,00,24,26.3,80.9
23,21,00,18,26.3,80.9
23,21,00,19,26.3,81.0
23,21,00,25,26.3,81.0
23,21,00,15,26.3,81.0
23,21,00,14,26.3,80.9
23,21,00,17,26.3,80.8
23,21,00,24,26.3,80.9
23,22,00,10,26.3,81.0
23,22,00,18,26.3,81.2
23,22,00,19,26.3,81.1
23,22,00,19,26.3,81.0
23,22,00,29,26.3,81.1
23,22,00,17,26.3,81.2
23,22,00,16,26.3,81.3
23,22,00,17,26.2,81.3
23,22,00,20,26.2,81.5
23,22,00,12,26.2,81.6
23,22,00,30,26.2,81.8
23,22,00,26,26.2,81.8
23,22,00,29,26.2,81.6
23,22,00,12,26.2,81.6
23,22,00,17,26.1,81.9
23,22,00,18,26.0,82.2
23,22,00,22,25.9,82.7
23,22,00,19,25.8,83.2
23,22,00,10,25.8,83.2
23,22,00,16,25.8,83.0
23,22,00,17,25.7,83.3
23,22,00,13,25.7,83.3
23,22,00,14,25.8,83.2
23,22,00,14,25.8,83.2
23,22,00,15,25.9,82.8
23,22,00,23,25.9,82.6
23,22,00,29,26.0,82.3
23,22,00,12,26.0,82.1
23,22,00,15,26.1,81.9
23,22,00,16,26.1,81.7
23,22,00,13,26.1,81.5
23,22,00,13,26.1,81.4
23,22,00,20,26.1,81.5
23,22,00,17,26.1,81.5
23,22,00,15,26.1,81.7
23,22,00,22,26.1,81.7
23,22,00,14,26.1,81.6
23,22,00,16,26.2,81.6
23,22,00,21,26.1,81.6
23,22,00,21,26.2,81.7
23,22,00,20,26.1,81.9
23,22,00,14,26.1,81.7
23,22,00,18,26.1,81.5
23,22,00,15,26.1,81.4
23,22,00,14,26.2,81.5
23,22,00,10,26.2,81.6
23,22,00,13,26.2,81.3
23,22,00,25,26.2,81.2
23,22,00,28,26.2,81.5
23,22,00,31,26.1,81.7
23,22,00,18,26.1,81.7
23,22,00,14,26.1,81.6
23,22,00,19,26.1,81.7
23,22,00,23,26.1,81.6
23,22,00,14,26.1,81.6
23,22,00,24,26.1,81.4
23,22,00,23,26.2,81.2
23,22,00,14,26.1,81.1
23,22,00,14,26.1,81.5
23,22,00,17,26.1,81.3
23,23,00,11,26.1,81.6
23,23,00,22,26.1,81.6
23,23,00,17,26.1,81.5
23,23,00,16,26.1,81.3
23,23,00,16,26.0,81.3
23,23,00,15,25.9,81.5
23,23,00,21,25.7,82.1
23,23,00,16,25.7,82.5
23,23,00,12,25.7,82.5
23,23,00,17,25.7,82.3
23,23,00,24,25.8,81.9
23,23,00,13,25.8,81.6
23,23,00,10,25.9,81.5
23,23,00,12,25.9,81.4
23,23,00,25,25.9,81.3
23,23,00,17,25.9,81.3
23,23,00,20,25.9,81.2
23,23,00,20,25.8,81.4
23,23,00,20,25.8,81.4
23,23,00,10,25.8,81.8
23,23,00,11,25.8,81.7
23,23,00,13,25.8,81.5
23,23,00,12,25.9,81.4
23,23,00,18,25.9,81.1
23,23,00,10,25.9,81.1
23,23,00,22,25.8,81.2
23,23,00,22,25.9,81.4
23,23,00,11,25.9,81.4
23,23,00,15,25.8,81.2
23,23,00,24,25.9,81.1
23,23,00,13,25.8,81.0
23,23,00,14,25.5,81.6
23,23,00,18,25.4,82.1
23,23,00,17,25.5,82.0
23,23,00,12,25.5,82.2
23,23,00,12,25.6,81.7
23,23,00,14,25.7,81.2
23,23,00,4,25.8,81.0
23,23,00,21,25.8,80.9
23,23,00,19,25.9,80.8
23,23,00,14,25.9,80.6
23,23,00,21,26.0,80.3
23,23,00,17,26.0,80.2
23,23,00,19,26.0,79.9
23,23,00,23,26.0,80.0
23,23,00,19,26.0,79.9
23,23,00,15,26.0,79.9
23,23,00,14,26.0,80.0
23,23,00,24,26.0,79.9
23,23,00,24,26.0,79.6
23,23,00,16,26.0,79.6
23,23,00,17,26.0,79.3
23,23,00,24,26.1,79.3
23,23,00,20,26.0,79.1
23,23,00,19,26.0,79.2
23,23,00,11,26.0,79.0
23,23,00,15,26.0,79.1
23,23,00,15,26.0,79.0
23,23,00,17,25.9,78.9
23,23,00,22,25.9,79.1
