23,00,00,23,26.0,85.4
23,00,00,18,25.9,85.3
23,00,00,24,25.9,85.6
23,00,00,28,25.9,85.5
23,00,00,12,25.9,85.6
23,00,00,12,26.0,85.3
23,00,00,18,26.0,85.4
23,00,00,25,26.0,85.4
23,00,00,29,25.9,85.5
23,00,00,22,25.9,85.8
23,00,00,23,25.9,85.7
23,00,00,16,25.9,85.5
23,00,00,19,25.9,85.7
23,00,00,22,25.8,85.9
23,00,00,13,25.8,86.0
23,00,00,18,25.8,85.8
23,00,00,19,25.9,85.1
23,00,00,27,26.0,84.6
23,00,00,23,26.0,84.3
23,00,00,20,26.0,84.2
23,00,00,25,25.9,84.4
23,00,00,9,25.8,84.7
23,00,00,18,25.8,84.8
23,00,00,19,25.7,85.1
23,00,00,20,25.7,85.2
23,00,00,9,25.7,85.2
23,00,00,25,25.7,85.3
23,00,00,24,25.7,85.1
23,00,00,20,25.7,85.1
23,00,00,22,25.7,85.1
23,00,00,18,25.5,85.8
23,00,00,13,25.5,86.1
23,00,00,14,25.4,85.9
23,00,00,18,25.3,86.5
23,00,00,16,25.3,86.5
23,00,00,20,25.1,87.3
23,00,00,18,25.1,87.7
23,00,00,21,25.2,87.2
23,00,00,31,25.3,86.6
23,00,00,8,25.4,86.1
23,00,00,31,25.5,85.8
23,00,00,25,25.5,85.8
23,00,00,15,25.6,85.6
23,00,00,29,25.6,85.5
23,00,00,21,25.6,85.5
23,00,00,14,25.6,85.5
23,00,00,15,25.6,85.7
23,00,00,20,25.6,85.6
23,00,00,21,25.7,85.5
23,00,00,27,25.7,85.4
23,00,00,14,25.7,85.3
23,00,00,22,25.7,85.3
23,00,00,17,25.7,85.1
23,00,00,16,25.7,85.2
23,00,00,6,25.6,85.6
23,00,00,22,25.6,85.6
23,00,00,16,25.5,85.9
23,00,00,26,25.5,86.1
23,00,00,14,25.6,86.0
23,00,00,18,25.6,85.6
23,01,00,21,25.5,85.6
23,01,00,22,25.4,85.9
23,01,00,20,25.3,86.3
23,01,00,13,25.2,86.8
23,01,00,18,25.2,86.8
23,01,00,14,25.3,86.8
23,01,00,20,25.3,86.7
23,01,00,23,25.3,86.5
23,01,00,13,25.3,86.5
23,01,00,14,25.3,86.2
23,01,00,23,25.4,86.1
23,01,00,20,25.4,85.9
23,01,00,20,25.3,86.3
23,01,00,18,25.1,86.8
23,01,00,18,25.2,86.8
23,01,00,18,25.2,86.9
23,01,00,13,25.2,87.1
23,01,00,21,25.2,86.9
23,01,00,21,25.3,86.6
23,01,00,12,25.4,86.3
23,01,00,16,25.4,85.9
23,01,00,23,25.4,85.9
23,01,00,9,25.4,85.7
23,01,00,15,25.4,85.5
23,01,00,16,25.4,85.6
23,01,00,35,25.4,85.6
23,01,00,16,25.4,85.6
23,01,00,28,25.5,85.6
23,01,00,14,25.5,85.1
23,01,00,16,25.4,85.4
23,01,00,22,25.4,85.6
23,01,00,16,25.4,85.6
23,01,00,11,25.4,85.7
23,01,00,24,25.4,85.7
23,01,00,22,25.3,86.0
23,01,00,16,25.3,86.5
23,01,00,27,25.2,86.5
23,01,00,29,25.3,86.2
23,01,00,11,25.4,85.8
23,01,00,17,25.5,85.4
23,01,00,25,25.6,85.1
23,01,00,14,25.5,85.3
23,01,00,7,25.4,85.5
23,01,00,20,25.4,85.4
23,01,00,11,25.5,85.3
23,01,00,21,25.4,85.2
23,01,00,20,25.4,85.3
23,01,00,12,25.5,85.1
23,01,00,16,25.4,85.3
23,01,00,19,25.3,85.8
23,01,00,16,25.2,86.2
23,01,00,21,25.2,86.4
23,01,00,18,25.3,86.0
23,01,00,18,25.4,85.5
23,01,00,17,25.4,85.3
23,01,00,20,25.4,85.2
23,01,00,19,25.3,85.4
23,01,00,15,25.1,86.1
23,01,00,16,25.1,86.2
23,01,00,27,25.1,86.2
23,02,00,19,25.1,86.4
23,02,00,17,25.2,86.3
23,02,00,32,25.2,86.2
23,02,00,20,25.3,85.8
23,02,00,17,25.4,85.5
23,02,00,20,25.5,85.4
23,02,00,20,25.4,85.6
23,02,00,17,25.4,85.4
23,02,00,20,25.5,85.3
23,02,00,25,25.4,85.3
23,02,00,16,25.4,85.5
23,02,00,16,25.4,85.6
23,02,00,23,25.4,85.6
23,02,00,17,25.4,85.8
23,02,00,16,25.4,85.5
23,02,00,24,25.4,85.8
23,02,00,19,25.4,85.7
23,02,00,20,25.4,85.4
23,02,00,9,25.4,85.5
23,02,00,21,25.4,85.3
23,02,00,14,25.4,85.1
23,02,00,19,25.4,84.9
23,02,00,16,25.4,85.1
23,02,00,16,25.3,85.5
23,02,00,15,25.2,86.1
23,02,00,13,25.2,85.9
23,02,00,15,25.2,86.0
23,02,00,14,25.2,86.3
23,02,00,17,25.3,86.0
23,02,00,24,25.3,86.0
23,02,00,15,25.3,85.9
23,02,00,18,25.3,85.8
23,02,00,16,25.3,86.0
23,02,00,17,25.1,86.6
23,02,00,18,25.0,86.8
23,02,00,24,24.9,87.4
23,02,00,18,25.0,86.9
23,02,00,14,25.1,86.6
23,02,00,18,25.3,86.4
23,02,00,18,25.3,86.2
23,02,00,29,25.3,86.2
23,02,00,17,25.4,86.0
23,02,00,20,25.5,85.7
23,02,00,22,25.5,85.6
23,02,00,16,25.5,85.5
23,02,00,19,25.4,85.6
23,02,00,29,25.4,86.0
23,02,00,19,25.4,85.7
23,02,00,20,25.5,85.5
23,02,00,23,25.5,85.4
23,02,00,14,25.5,85.5
23,02,00,16,25.4,85.6
23,02,00,13,25.4,85.7
23,02,00,16,25.4,85.8
23,02,00,23,25.5,85.5
23,02,00,24,25.5,85.2
23,02,00,25,25.6,85.0
23,02,00,32,25.6,84.8
23,02,00,23,25.5,84.9
23,02,00,8,25.4,85.6
23,03,00,11,25.3,86.0
23,03,00,23,25.1,86.6
23,03,00,20,25.1,86.6
23,03,00,16,25.2,86.6
23,03,00,11,25.1,86.7
23,03,00,22,25.1,86.7
23,03,00,24,25.1,86.7
23,03,00,19,25.2,86.4
23,03,00,9,25.3,86.0
23,03,00,19,25.3,85.6
23,03,00,20,25.4,85.4
23,03,00,19,25.3,85.7
23,03,00,23,25.2,86.2
23,03,00,21,25.1,86.7
23,03,00,22,25.1,87.0
23,03,00,30,25.0,87.2
23,03,00,11,25.0,87.3
23,03,00,14,24.9,87.7
23,03,00,12,24.9,87.7
23,03,00,27,25.0,87.8
23,03,00,24,25.1,87.5
23,03,00,14,25.1,87.2
23,03,00,16,25.3,86.7
23,03,00,13,25.3,86.6
23,03,00,13,25.3,86.5
23,03,00,18,25.4,86.4
23,03,00,17,25.4,86.4
23,03,00,25,25.4,86.3
23,03,00,17,25.4,86.3
23,03,00,10,25.4,86.3
23,03,00,20,25.4,86.1
23,03,00,20,25.4,86.2
23,03,00,27,25.3,86.4
23,03,00,15,25.2,86.8
23,03,00,13,25.1,87.1
23,03,00,24,25.1,87.2
23,03,00,21,25.1,87.3
23,03,00,22,25.1,87.4
23,03,00,15,25.1,87.5
23,03,00,28,24.9,87.9
23,03,00,25,24.8,88.1
23,03,00,11,24.8,88.3
23,03,00,16,24.9,88.0
23,03,00,16,25.1,87.5
23,03,00,20,25.2,87.0
23,03,00,16,25.2,86.8
23,03,00,15,25.2,86.6
23,03,00,13,25.2,86.5
23,03,00,14,25.2,86.4
23,03,00,18,25.2,86.4
23,03,00,14,25.0,86.8
23,03,00,9,25.0,87.0
23,03,00,17,25.0,87.1
23,03,00,22,25.1,87.3
23,03,00,13,25.2,87.0
23,03,00,25,25.2,87.0
23,03,00,15,25.1,87.0
23,03,00,10,25.2,87.0
23,03,00,14,25.2,86.8
23,03,00,19,25.3,86.5
23,04,00,18,25.3,86.5
23,04,00,26,25.3,86.4
23,04,00,17,25.2,86.6
23,04,00,24,25.2,86.6
23,04,00,21,25.2,86.7
23,04,00,11,25.2,86.7
23,04,00,14,25.2,86.7
23,04,00,22,25.2,86.7
23,04,00,17,25.3,86.6
23,04,00,9,25.3,86.4
23,04,00,14,25.3,86.7
23,04,00,16,25.3,86.7
23,04,00,21,25.3,86.8
23,04,00,22,25.2,87.1
23,04,00,19,25.1,87.6
23,04,00,20,25.0,88.1
23,04,00,24,24.8,88.7
23,04,00,19,24.8,88.9
23,04,00,21,24.9,88.6
23,04,00,13,25.0,88.2
23,04,00,12,25.1,87.8
23,04,00,13,25.1,87.8
23,04,00,22,25.1,87.9
23,04,00,23,25.0,87.9
23,04,00,23,24.9,88.2
23,04,00,11,24.8,88.6
23,04,00,13,24.8,88.7
23,04,00,13,24.7,88.7
23,04,00,21,24.8,88.7
23,04,00,21,24.9,88.2
23,04,00,17,25.0,88.1
23,04,00,21,25.0,87.9
23,04,00,16,25.0,88.0
23,04,00,14,24.9,88.4
23,04,00,16,24.8,88.6
23,04,00,19,24.9,88.4
23,04,00,14,25.0,88.1
23,04,00,18,25.1,87.6
23,04,00,16,25.1,87.5
23,04,00,16,25.1,87.7
23,04,00,18,25.1,87.5
23,04,00,24,25.1,87.6
23,04,00,16,25.0,88.0
23,04,00,21,24.8,88.4
23,04,00,14,24.8,88.7
23,04,00,16,24.9,88.3
23,04,00,20,24.9,88.4
23,04,00,27,24.9,88.5
23,04,00,14,25.0,88.4
23,04,00,22,25.0,88.2
23,04,00,15,24.9,88.4
23,04,00,13,24.9,88.5
23,04,00,21,24.9,88.6
23,04,00,22,24.9,88.5
23,04,00,22,24.9,88.3
23,04,00,13,24.9,88.6
23,04,00,13,25.0,88.3
23,04,00,14,25.1,88.0
23,04,00,20,25.1,88.0
23,04,00,9,25.0,87.9
23,05,00,12,25.0,88.1
23,05,00,16,24.9,88.2
23,05,00,14,24.9,88.5
23,05,00,20,24.9,88.5
23,05,00,15,24.9,88.5
23,05,00,18,24.9,88.3
23,05,00,2,24.9,88.4
23,05,00,7,25.0,88.2
23,05,00,17,25.0,88.0
23,05,00,29,25.1,87.8
23,05,00,21,25.0,87.8
23,05,00,16,24.8,88.3
23,05,00,24,24.8,88.5
23,05,00,18,24.9,88.2
23,05,00,15,25.0,87.9
23,05,00,18,25.0,87.8
23,05,00,11,25.0,87.8
23,05,00,17,25.0,88.1
23,05,00,22,25.0,88.2
23,05,00,19,24.9,88.3
23,05,00,25,25.0,88.2
23,05,00,29,25.0,88.1
23,05,00,9,25.1,88.0
23,05,00,19,25.1,87.9
23,05,00,22,25.2,87.7
23,05,00,11,25.2,87.7
23,05,00,17,25.1,87.8
23,05,00,9,25.1,87.8
23,05,00,19,25.1,87.9
23,05,00,22,25.1,87.9
23,05,00,8,25.1,87.9
23,05,00,18,25.0,88.1
23,05,00,11,25.1,88.0
23,05,00,7,25.1,87.9
23,05,00,16,25.1,87.7
23,05,00,12,25.1,87.6
23,05,00,19,25.1,87.7
23,05,00,18,25.0,87.8
23,05,00,15,24.8,88.4
23,05,00,16,24.9,88.4
23,05,00,23,25.0,88.3
23,05,00,22,25.0,88.2
23,05,00,20,25.0,88.5
23,05,00,6,25.0,88.6
23,05,00,20,25.1,88.4
23,05,00,16,25.1,88.3
23,05,00,14,25.2,88.0
23,05,00,20,25.2,87.9
23,05,00,23,25.2,87.8
23,05,00,13,25.2,88.1
23,05,00,17,25.1,88.4
23,05,00,20,25.0,88.9
23,05,00,13,24.9,89.2
23,05,00,14,24.8,89.6
23,05,00,22,24.8,89.8
23,05,00,21,24.8,90.0
23,05,00,20,24.8,90.1
23,05,00,8,24.7,90.0
23,05,00,20,24.7,90.2
23,05,00,20,24.7,90.1
23,06,00,23,24.9,89.7
23,06,00,15,24.9,89.7
23,06,00,25,24.9,89.7
23,06,00,29,25.0,89.6
23,06,00,17,25.1,89.2
23,06,00,16,25.2,88.7
23,06,00,29,25.2,88.5
23,06,00,31,25.2,88.5
23,06,00,21,25.2,88.6
23,06,00,18,25.1,88.8
23,06,00,24,25.1,88.9
23,06,00,26,25.1,89.0
23,06,00,10,25.0,89.4
23,06,00,22,25.0,89.3
23,06,00,23,25.2,88.8
23,06,00,25,25.2,88.6
23,06,00,21,25.3,88.3
23,06,00,16,25.4,88.4
23,06,00,22,25.2,88.9
23,06,00,27,25.1,89.4
23,06,00,27,25.0,89.7
23,06,00,15,25.0,89.9
23,06,00,26,25.1,89.5
23,06,00,22,25.1,89.4
23,06,00,17,25.2,89.3
23,06,00,19,25.2,89.0
23,06,00,12,25.3,88.6
23,06,00,19,25.3,87.9
23,06,00,24,25.2,88.3
23,06,00,9,25.1,88.9
23,06,00,26,25.0,89.1
23,06,00,24,25.0,89.1
23,06,00,21,25.0,89.3
23,06,00,25,25.1,89.1
23,06,00,27,25.1,89.0
23,06,00,24,25.2,88.7
23,06,00,18,25.3,88.5
23,06,00,19,25.3,88.7
23,06,00,19,25.3,88.5
23,06,00,13,25.2,88.9
23,06,00,17,25.2,89.0
23,06,00,19,25.2,88.7
23,06,00,22,25.3,88.5
23,06,00,25,25.4,88.1
23,06,00,12,25.2,88.5
23,06,00,29,25.2,88.8
23,06,00,21,25.3,88.5
23,06,00,21,25.3,88.6
23,06,00,16,25.4,88.4
23,06,00,11,25.3,88.7
23,06,00,28,25.3,89.0
23,06,00,19,25.3,89.1
23,06,00,22,25.3,88.9
23,06,00,11,25.4,88.3
23,06,00,27,25.5,88.0
23,06,00,19,25.5,88.0
23,06,00,11,25.5,88.3
23,06,00,6,25.4,88.4
23,06,00,18,25.5,88.3
23,06,00,23,25.5,88.0
23,07,00,17,25.5,87.8
23,07,00,22,25.5,87.7
23,07,00,36,25.5,87.7
23,07,00,23,25.5,87.8
23,07,00,19,25.5,87.7
23,07,00,13,25.6,87.6
23,07,00,15,25.6,87.7
23,07,00,17,25.6,87.8
23,07,00,16,25.5,88.0
23,07,00,23,25.5,88.0
23,07,00,22,25.4,88.2
23,07,00,21,25.4,88.1
23,07,00,28,25.4,88.4
23,07,00,23,25.4,88.4
23,07,00,21,25.4,87.9
23,07,00,9,25.4,88.3
23,07,00,20,25.4,88.4
23,07,00,23,25.5,88.2
23,07,00,13,25.5,88.2
23,07,00,26,25.6,87.9
23,07,00,21,25.6,87.9
23,07,00,29,25.6,87.8
23,07,00,31,25.6,88.1
23,07,00,28,25.6,88.1
23,07,00,31,25.6,88.0
23,07,00,16,25.6,87.9
23,07,00,26,25.7,87.7
23,07,00,14,25.7,87.5
23,07,00,33,25.7,87.6
23,07,00,14,25.7,87.6
23,07,00,18,25.8,87.5
23,07,00,9,25.8,87.3
23,07,00,25,25.8,87.3
23,07,00,18,25.8,87.2
23,07,00,23,25.7,87.3
23,07,00,26,25.7,87.4
23,07,00,27,25.7,87.4
23,07,00,26,25.8,86.7
23,07,00,17,25.8,86.7
23,07,00,26,25.8,86.8
23,07,00,14,25.8,86.7
23,07,00,35,25.8,86.8
23,07,00,17,25.8,86.8
23,07,00,29,25.8,86.4
23,07,00,30,25.8,86.2
23,07,00,40,25.9,86.0
23,07,00,33,25.8,86.1
23,07,00,24,25.8,86.0
23,07,00,25,25.8,85.4
23,07,00,33,25.9,85.0
23,07,00,22,25.8,84.9
23,07,00,31,25.8,85.3
23,07,00,33,25.7,85.5
23,07,00,20,25.8,85.5
23,07,00,25,25.8,85.3
23,07,00,36,25.8,85.2
23,07,00,31,25.8,85.3
23,07,00,26,25.8,85.5
23,07,00,17,25.8,85.9
23,07,00,23,25.9,85.8
23,08,00,27,26.0,85.7
23,08,00,42,26.0,85.5
23,08,00,37,26.0,84.9
23,08,00,43,26.0,85.0
23,08,00,22,26.0,85.2
23,08,00,19,26.0,84.8
23,08,00,22,26.0,85.2
23,08,00,10,26.0,85.6
23,08,00,28,25.9,85.4
23,08,00,35,26.0,85.5
23,08,00,32,26.0,85.5
23,08,00,29,25.9,85.1
23,08,00,19,25.9,85.2
23,08,00,17,25.9,85.0
23,08,00,37,25.9,85.0
23,08,00,29,25.9,83.9
23,08,00,25,26.0,82.9
23,08,00,27,26.1,83.0
23,08,00,38,26.0,83.2
23,08,00,49,26.1,83.7
23,08,00,32,26.1,83.7
23,08,00,32,26.1,84.1
23,08,00,29,26.1,84.3
23,08,00,30,26.2,83.7
23,08,00,25,26.2,84.0
23,08,00,23,26.1,84.0
23,08,00,17,26.1,84.3
23,08,00,25,26.1,84.5
23,08,00,18,26.1,84.4
23,08,00,24,26.2,84.4
23,08,00,28,26.2,84.7
23,08,00,23,26.2,84.4
23,08,00,26,26.2,84.7
23,08,00,39,26.2,84.8
23,08,00,39,26.2,84.7
23,08,00,30,26.2,85.0
23,08,00,37,26.2,85.0
23,08,00,29,26.2,84.9
23,08,00,23,26.2,85.0
23,08,00,30,26.2,85.4
23,08,00,19,26.3,85.0
23,08,00,20,26.3,85.0
23,08,00,32,26.3,85.3
23,08,00,33,26.3,85.3
23,08,00,34,26.3,85.5
23,08,00,28,26.3,85.3
23,08,00,27,26.4,85.1
23,08,00,32,26.4,85.2
23,08,00,34,26.4,85.2
23,08,00,13,26.4,85.4
23,08,00,20,26.4,85.4
23,08,00,9,26.4,85.5
23,08,00,18,26.4,85.4
23,08,00,16,26.4,85.6
23,08,00,28,26.4,85.2
23,08,00,25,26.4,85.1
23,08,00,20,26.4,85.3
23,08,00,22,26.4,85.3
23,08,00,23,26.4,85.2
23,08,00,30,26.4,85.5
23,09,00,34,26.4,85.4
23,09,00,30,26.4,85.5
23,09,00,25,26.4,85.5
23,09,00,18,26.4,85.8
23,09,00,20,26.4,85.7
23,09,00,21,26.4,85.7
23,09,00,21,26.4,85.3
23,09,00,17,26.3,84.9
23,09,00,23,26.3,85.0
23,09,00,21,26.4,85.0
23,09,00,26,26.4,84.9
23,09,00,34,26.5,84.8
23,09,00,26,26.5,84.8
23,09,00,37,26.5,84.6
23,09,00,27,26.5,84.8
23,09,00,35,26.5,84.9
23,09,00,42,26.5,84.9
23,09,00,32,26.5,85.0
23,09,00,40,26.5,84.9
23,09,00,20,26.5,84.6
23,09,00,33,26.6,84.7
23,09,00,23,26.6,84.6
23,09,00,35,26.6,84.8
23,09,00,17,26.6,84.6
23,09,00,28,26.6,84.5
23,09,00,32,26.6,84.3
23,09,00,34,26.6,84.0
23,09,00,46,26.6,84.0
23,09,00,26,26.6,83.9
23,09,00,25,26.6,83.1
23,09,00,36,26.6,83.2
23,09,00,31,26.6,83.4
23,09,00,40,26.6,82.7
23,09,00,17,26.5,82.9
23,09,00,25,26.6,83.2
23,09,00,34,26.6,83.2
23,09,00,39,26.6,82.9
23,09,00,34,26.6,82.6
23,09,00,39,26.6,82.6
23,09,00,31,26.6,83.0
23,09,00,39,26.6,82.8
23,09,00,31,26.7,82.7
23,09,00,50,26.7,82.6
23,09,00,43,26.7,82.4
23,09,00,47,26.7,83.0
23,09,00,50,26.8,82.7
23,09,00,56,26.8,83.1
23,09,00,43,26.7,83.2
23,09,00,38,26.8,83.0
23,09,00,31,26.8,82.7
23,09,00,51,26.8,82.6
23,09,00,79,26.8,82.4
23,09,00,64,26.8,82.0
23,09,00,55,26.9,81.5
23,09,00,80,26.9,81.7
23,09,00,50,26.9,81.8
23,09,00,58,26.9,81.6
23,09,00,52,26.9,81.5
23,09,00,60,27.0,82.0
23,09,00,47,27.0,82.0
23,10,00,49,26.9,81.4
23,10,00,37,27.0,81.4
23,10,00,37,27.0,80.8
23,10,00,43,27.1,81.1
23,10,00,58,27.1,80.6
23,10,00,69,27.1,81.1
23,10,00,63,27.1,81.4
23,10,00,63,27.1,81.4
23,10,00,45,27.1,81.6
23,10,00,45,27.1,81.2
23,10,00,43,27.1,80.1
23,10,00,51,27.1,79.8
23,10,00,47,27.0,79.3
23,10,00,53,27.1,80.1
23,10,00,59,27.1,80.3
23,10,00,61,27.1,80.7
23,10,00,57,27.2,80.6
23,10,00,30,27.2,80.8
23,10,00,36,27.2,80.5
23,10,00,29,27.2,80.5
23,10,00,61,27.2,81.0
23,10,00,40,27.2,81.0
23,10,00,49,27.3,81.8
23,10,00,74,27.4,80.6
23,10,00,78,27.4,79.9
23,10,00,59,27.4,80.2
23,10,00,75,27.4,79.5
23,10,00,49,27.4,79.2
23,10,00,61,27.4,79.6
23,10,00,57,27.4,79.9
23,10,00,53,27.4,80.4
23,10,00,29,27.4,79.9
23,10,00,57,27.4,80.2
23,10,00,75,27.5,79.8
23,10,00,53,27.5,79.5
23,10,00,66,27.5,78.5
23,10,00,57,27.5,78.9
23,10,00,88,27.5,78.6
23,10,00,52,27.6,78.8
23,10,00,29,27.6,78.6
23,10,00,72,27.6,78.6
23,10,00,53,27.6,78.4
23,10,00,66,27.6,78.5
23,10,00,69,27.7,77.3
23,10,00,51,27.7,78.7
23,10,00,66,27.6,79.1
23,10,00,70,27.6,79.5
23,10,00,67,27.5,79.8
23,10,00,85,27.4,80.2
23,10,00,45,27.3,80.4
23,10,00,88,27.3,80.6
23,10,00,43,27.3,80.6
23,10,00,62,27.3,80.4
23,10,00,52,27.3,80.6
23,10,00,25,27.2,80.9
23,10,00,33,27.2,81.0
23,10,00,51,27.2,80.8
23,10,00,48,27.2,81.0
23,10,00,32,27.2,80.9
23,10,00,29,27.2,81.0
23,11,00,22,27.2,80.9
23,11,00,27,27.2,81.0
23,11,00,23,27.2,81.2
23,11,00,29,27.1,81.2
23,11,00,27,27.1,81.2
23,11,00,32,27.1,81.3
23,11,00,50,27.1,81.3
23,11,00,46,27.1,81.3
23,11,00,46,27.1,81.4
23,11,00,26,27.1,81.2
23,11,00,33,27.1,81.4
23,11,00,37,27.1,81.4
23,11,00,31,27.1,81.3
23,11,00,24,27.2,81.3
23,11,00,46,27.1,81.3
23,11,00,26,27.2,81.4
23,11,00,34,27.1,81.4
23,11,00,34,27.1,81.4
23,11,00,33,27.1,81.4
23,11,00,35,27.1,81.5
23,11,00,26,27.2,81.4
23,11,00,31,27.1,81.5
23,11,00,27,27.1,81.4
23,11,00,27,27.2,81.4
23,11,00,33,27.2,81.4
23,11,00,27,27.2,81.4
23,11,00,29,27.2,81.4
23,11,00,47,27.2,81.5
23,11,00,27,27.2,81.4
23,11,00,20,27.2,81.4
23,11,00,24,27.2,81.5
23,11,00,24,27.2,81.5
23,11,00,23,27.2,81.4
23,11,00,28,27.2,81.4
23,11,00,23,27.2,81.2
23,11,00,26,27.2,81.4
23,11,00,32,27.2,81.6
23,11,00,22,27.1,81.5
23,11,00,39,27.2,81.6
23,11,00,35,27.2,81.6
23,11,00,29,27.2,81.4
23,11,00,39,27.2,81.5
23,11,00,40,27.2,81.3
23,11,00,26,27.2,81.5
23,11,00,42,27.2,81.6
23,11,00,30,27.2,81.6
23,11,00,28,27.2,81.6
23,11,00,27,27.2,81.5
23,11,00,32,27.2,81.6
23,11,00,35,27.2,81.7
23,11,00,48,27.2,81.7
23,11,00,42,27.2,81.8
23,11,00,20,27.2,81.9
23,11,00,55,27.2,81.9
23,11,00,51,27.2,81.9
23,11,00,44,27.2,81.8
23,11,00,63,27.2,81.9
23,11,00,23,27.2,82.0
23,11,00,46,27.2,82.1
23,11,00,40,27.2,82.0
23,12,00,23,27.3,81.9
23,12,00,28,27.3,81.9
23,12,00,36,27.3,82.0
23,12,00,21,27.3,82.0
23,12,00,37,27.3,82.0
23,12,00,31,27.3,81.9
23,12,00,26,27.3,81.9
23,12,00,33,27.3,81.8
23,12,00,28,27.3,81.9
23,12,00,35,27.3,82.0
23,12,00,22,27.3,82.1
23,12,00,19,27.3,82.1
23,12,00,35,27.3,82.2
23,12,00,18,27.3,82.1
23,12,00,20,27.3,82.1
23,12,00,20,27.3,82.1
23,12,00,18,27.3,82.1
23,12,00,28,27.3,82.2
23,12,00,28,27.3,82.1
23,12,00,41,27.3,82.2
23,12,00,10,27.3,82.2
23,12,00,44,27.3,82.2
23,12,00,47,27.3,82.1
23,12,00,33,27.3,82.3
23,12,00,36,27.3,82.3
23,12,00,36,27.3,82.3
23,12,00,34,27.3,82.3
23,12,00,26,27.4,82.2
23,12,00,24,27.4,82.2
23,12,00,20,27.4,82.4
23,12,00,30,27.3,82.5
23,12,00,25,27.4,82.5
23,12,00,19,27.4,82.5
23,12,00,25,27.4,82.5
23,12,00,21,27.4,82.5
23,12,00,17,27.4,82.4
23,12,00,21,27.4,82.3
23,12,00,26,27.4,82.4
23,12,00,28,27.4,82.5
23,12,00,26,27.4,82.4
23,12,00,23,27.4,82.5
23,12,00,33,27.4,82.5
23,12,00,28,27.4,82.6
23,12,00,23,27.4,82.5
23,12,00,26,27.4,82.6
23,12,00,20,27.4,82.4
23,12,00,24,27.4,82.4
23,12,00,14,27.4,82.0
23,12,00,25,27.4,82.1
23,12,00,15,27.4,82.4
23,12,00,21,27.4,82.2
23,12,00,14,27.4,82.3
23,12,00,12,27.4,82.2
23,12,00,17,27.4,82.5
23,12,00,11,27.4,82.4
23,12,00,16,27.4,82.5
23,12,00,27,27.4,82.4
23,12,00,17,27.4,82.4
23,12,00,15,27.4,82.5
23,12,00,22,27.3,82.7
23,13,00,28,27.3,82.7
23,13,00,29,27.4,82.6
23,13,00,22,27.4,82.7
23,13,00,44,27.4,82.8
23,13,00,30,27.4,82.7
23,13,00,32,27.4,82.7
23,13,00,36,27.4,82.9
23,13,00,61,27.3,82.9
23,13,00,25,27.3,83.0
23,13,00,32,27.4,83.0
23,13,00,28,27.4,82.8
23,13,00,40,27.4,82.9
23,13,00,48,27.4,82.9
23,13,00,36,27.4,82.9
23,13,00,20,27.5,82.9
23,13,00,26,27.4,83.0
23,13,00,39,27.5,83.0
23,13,00,22,27.5,82.9
23,13,00,31,27.5,82.9
23,13,00,35,27.5,82.9
23,13,00,17,27.5,82.9
23,13,00,39,27.5,82.8
23,13,00,28,27.5,82.9
23,13,00,16,27.5,82.9
23,13,00,38,27.5,82.8
23,13,00,30,27.5,82.8
23,13,00,32,27.5,82.8
23,13,00,20,27.5,82.7
23,13,00,27,27.5,82.7
23,13,00,25,27.5,82.7
23,13,00,30,27.5,82.9
23,13,00,43,27.5,82.8
23,13,00,29,27.5,82.8
23,13,00,19,27.5,82.7
23,13,00,34,27.5,82.7
23,13,00,18,27.5,82.7
23,13,00,23,27.5,82.7
23,13,00,15,27.6,82.6
23,13,00,56,27.5,82.5
23,13,00,37,27.6,82.5
23,13,00,18,27.6,82.4
23,13,00,34,27.6,82.1
23,13,00,40,27.6,82.3
23,13,00,26,27.6,82.5
23,13,00,41,27.6,82.3
23,13,00,30,27.6,82.1
23,13,00,34,27.6,81.8
23,13,00,31,27.6,82.1
23,13,00,25,27.7,81.8
23,13,00,32,27.6,81.6
23,13,00,30,27.6,81.7
23,13,00,33,27.7,81.5
23,13,00,32,27.6,81.6
23,13,00,20,27.6,81.5
23,13,00,26,27.6,81.7
23,13,00,36,27.6,81.4
23,13,00,26,27.6,81.4
23,13,00,33,27.6,81.6
23,13,00,18,27.6,81.5
23,14,00,43,27.6,81.2
23,14,00,27,27.6,81.3
23,14,00,25,27.6,81.6
23,14,00,26,27.6,81.2
23,14,00,20,27.6,81.4
23,14,00,26,27.6,81.2
23,14,00,30,27.6,81.2
23,14,00,29,27.6,81.2
23,14,00,29,27.6,81.2
23,14,00,29,27.6,81.3
23,14,00,23,27.6,81.2
23,14,00,31,27.6,80.9
23,14,00,32,27.7,80.7
23,14,00,28,27.7,80.9
23,14,00,37,27.7,80.7
23,14,00,32,27.7,81.0
23,14,00,13,27.7,80.9
23,14,00,18,27.7,80.7
23,14,00,23,27.7,80.8
23,14,00,37,27.7,81.0
23,14,00,22,27.7,80.8
23,14,00,28,27.7,80.9
23,14,00,38,27.7,81.0
23,14,00,25,27.7,81.0
23,14,00,40,27.7,81.1
23,14,00,25,27.7,80.9
23,14,00,20,27.7,81.1
23,14,00,22,27.7,81.0
23,14,00,14,27.7,80.9
23,14,00,28,27.7,81.0
23,14,00,18,27.7,81.1
23,14,00,25,27.7,80.5
23,14,00,32,27.7,80.6
23,14,00,25,27.7,80.7
23,14,00,26,27.7,80.3
23,14,00,21,27.7,80.4
23,14,00,21,27.7,80.4
23,14,00,21,27.7,80.3
23,14,00,15,27.7,80.4
23,14,00,20,27.7,80.4
23,14,00,28,27.7,80.4
23,14,00,17,27.8,80.6
23,14,00,32,27.7,80.6
23,14,00,24,27.7,80.6
23,14,00,32,27.7,80.8
23,14,00,33,27.7,81.0
23,14,00,29,27.7,81.1
23,14,00,25,27.7,81.2
23,14,00,10,27.7,80.9
23,14,00,21,27.7,80.9
23,14,00,19,27.7,80.7
23,14,00,23,27.8,80.6
23,14,00,20,27.8,80.2
23,14,00,15,27.8,80.3
23,14,00,20,27.8,80.5
23,14,00,16,27.7,80.8
23,14,00,27,27.7,80.8
23,14,00,24,27.7,80.8
23,14,00,20,27.7,80.8
23,14,00,12,27.7,80.9
23,15,00,22,27.7,81.0
23,15,00,20,27.6,80.8
23,15,00,15,27.6,81.0
23,15,00,19,27.6,81.0
23,15,00,16,27.6,81.0
23,15,00,21,27.6,80.9
23,15,00,24,27.7,80.9
23,15,00,14,27.7,80.9
23,15,00,21,27.7,81.1
23,15,00,15,27.6,81.1
23,15,00,16,27.7,81.2
23,15,00,23,27.6,81.1
23,15,00,22,27.6,81.0
23,15,00,20,27.6,81.1
23,15,00,19,27.6,81.1
23,15,00,21,27.6,81.0
23,15,00,23,27.6,80.9
23,15,00,23,27.6,81.0
23,15,00,20,27.6,80.9
23,15,00,27,27.6,81.0
23,15,00,15,27.6,80.9
23,15,00,17,27.6,80.9
23,15,00,18,27.6,80.9
23,15,00,29,27.6,81.0
23,15,00,16,27.6,81.0
23,15,00,17,27.6,81.1
23,15,00,13,27.6,81.3
23,15,00,13,27.5,81.4
23,15,00,23,27.5,81.4
23,15,00,28,27.5,81.5
23,15,00,24,27.5,81.5
23,15,00,27,27.5,82.0
23,15,00,15,27.5,82.3
23,15,00,33,27.5,82.7
23,15,00,25,27.4,82.3
23,15,00,23,27.5,82.9
23,15,00,23,27.5,82.5
23,15,00,21,27.5,82.5
23,15,00,28,27.5,82.6
23,15,00,22,27.5,82.8
23,15,00,18,27.5,82.6
23,15,00,20,27.5,82.4
23,15,00,33,27.5,82.4
23,15,00,23,27.5,82.3
23,15,00,29,27.5,82.6
23,15,00,21,27.5,82.6
23,15,00,22,27.5,82.6
23,15,00,25,27.5,82.6
23,15,00,26,27.5,82.6
23,15,00,22,27.5,82.7
23,15,00,16,27.5,82.7
23,15,00,17,27.5,82.9
23,15,00,24,27.5,82.9
23,15,00,37,27.6,83.0
23,15,00,17,27.5,83.1
23,15,00,24,27.5,83.3
23,15,00,23,27.5,83.2
23,15,00,15,27.5,83.2
23,15,00,22,27.5,83.4
23,15,00,23,27.5,83.4
23,16,00,9,27.5,83.5
23,16,00,15,27.5,83.9
23,16,00,14,27.5,83.9
23,16,00,16,27.5,84.2
23,16,00,15,27.5,84.0
23,16,00,10,27.5,84.2
23,16,00,28,27.5,84.4
23,16,00,43,27.5,84.2
23,16,00,20,27.5,84.3
23,16,00,12,27.5,84.7
23,16,00,20,27.5,84.5
23,16,00,18,27.5,84.8
23,16,00,19,27.4,84.7
23,16,00,19,27.5,85.0
23,16,00,22,27.6,85.1
23,16,00,14,27.5,85.1
23,16,00,29,27.5,85.0
23,16,00,26,27.5,84.8
23,16,00,19,27.4,85.5
23,16,00,12,27.4,85.2
23,16,00,18,27.4,85.6
23,16,00,14,27.4,85.6
23,16,00,23,27.4,85.8
23,16,00,27,27.4,86.2
23,16,00,21,27.4,85.8
23,16,00,27,27.3,86.2
23,16,00,20,27.3,86.1
23,16,00,13,27.3,86.3
23,16,00,22,27.3,86.1
23,16,00,29,27.4,86.0
23,16,00,16,27.4,85.8
23,16,00,17,27.3,86.1
23,16,00,26,27.4,86.3
23,16,00,22,27.3,86.2
23,16,00,12,27.3,86.3
23,16,00,29,27.3,86.3
23,16,00,29,27.3,86.5
23,16,00,18,27.3,86.5
23,16,00,19,27.3,86.6
23,16,00,19,27.3,86.5
23,16,00,22,27.3,86.7
23,16,00,23,27.3,86.7
23,16,00,22,27.3,86.6
23,16,00,23,27.3,86.7
23,16,00,36,27.2,86.7
23,16,00,19,27.2,86.5
23,16,00,28,27.3,86.6
23,16,00,27,27.3,86.3
23,16,00,21,27.2,86.2
23,16,00,20,27.2,86.5
23,16,00,6,27.2,86.4
23,16,00,18,27.2,86.4
23,16,00,28,27.3,86.0
23,16,00,31,27.3,86.2
23,16,00,13,27.3,86.0
23,16,00,17,27.2,86.0
23,16,00,21,27.3,85.9
23,16,00,26,27.2,85.8
23,16,00,14,27.3,85.8
23,16,00,24,27.3,85.6
23,17,00,14,27.3,85.6
23,17,00,10,27.3,85.7
23,17,00,19,27.3,85.8
23,17,00,13,27.3,85.9
23,17,00,18,27.3,85.7
23,17,00,14,27.3,85.7
23,17,00,6,27.2,85.8
23,17,00,16,27.2,86.0
23,17,00,12,27.2,85.9
23,17,00,15,27.3,85.8
23,17,00,21,27.3,85.6
23,17,00,19,27.3,85.7
23,17,00,17,27.3,85.6
23,17,00,12,27.3,85.5
23,17,00,21,27.3,85.6
23,17,00,23,27.2,85.8
23,17,00,12,27.2,85.7
23,17,00,23,27.2,85.8
23,17,00,16,27.2,85.6
23,17,00,11,27.2,85.6
23,17,00,12,27.2,85.5
23,17,00,12,27.2,85.5
23,17,00,16,27.2,85.7
23,17,00,14,27.1,85.6
23,17,00,11,27.1,85.5
23,17,00,31,27.1,85.5
23,17,00,13,27.1,85.3
23,17,00,13,27.1,84.9
23,17,00,24,27.1,85.0
23,17,00,26,27.0,85.3
23,17,00,24,27.0,85.4
23,17,00,24,27.1,85.1
23,17,00,18,27.1,85.0
23,17,00,11,27.1,85.0
23,17,00,19,27.1,84.8
23,17,00,16,27.2,84.8
23,17,00,14,27.1,84.8
23,17,00,24,27.1,84.8
23,17,00,11,27.1,84.8
23,17,00,14,27.1,84.8
23,17,00,16,27.1,84.5
23,17,00,16,27.1,84.2
23,17,00,18,27.1,83.9
23,17,00,26,27.1,83.9
23,17,00,17,27.1,84.0
23,17,00,23,27.0,84.3
23,17,00,25,27.0,84.3
23,17,00,22,27.0,84.5
23,17,00,16,26.9,84.4
23,17,00,16,26.9,84.3
23,17,00,25,26.9,83.6
23,17,00,17,26.8,83.3
23,17,00,18,26.8,82.6
23,17,00,19,26.8,82.4
23,17,00,20,26.7,82.4
23,17,00,12,26.8,82.3
23,17,00,13,26.8,82.0
23,17,00,22,26.8,82.2
23,17,00,23,26.7,82.2
23,17,00,12,26.7,82.0
23,17,00,13,26.7,82.0
23,18,00,27,26.6,82.3
23,18,00,26,26.6,82.3
23,18,00,19,26.7,82.3
23,18,00,8,26.7,82.0
23,18,00,18,26.7,82.0
23,18,00,21,26.7,81.6
23,18,00,20,26.7,81.6
23,18,00,15,26.7,81.5
23,18,00,11,26.7,81.6
23,18,00,16,26.7,81.5
23,18,00,9,26.6,81.6
23,18,00,13,26.6,81.6
23,18,00,24,26.5,81.4
23,18,00,17,26.4,81.1
23,18,00,12,26.3,82.1
23,18,00,24,26.2,82.4
23,18,00,12,26.3,82.3
23,18,00,17,26.3,82.4
23,18,00,19,26.3,82.2
23,18,00,17,26.3,82.3
23,18,00,21,26.1,82.4
23,18,00,14,26.0,83.1
23,18,00,22,26.1,82.9
23,18,00,16,26.2,82.9
23,18,00,11,26.3,82.7
23,18,00,20,26.4,82.5
23,18,00,27,26.4,82.4
23,18,00,11,26.5,82.2
23,18,00,20,26.4,82.1
23,18,00,7,26.5,81.9
23,18,00,22,26.4,82.0
23,18,00,17,26.5,81.9
23,18,00,20,26.5,81.5
23,18,00,24,26.4,81.7
23,18,00,16,26.2,82.4
23,18,00,15,26.3,82.6
23,18,00,20,26.2,82.3
23,18,00,20,26.0,83.2
23,18,00,22,26.0,83.7
23,18,00,10,26.1,83.8
23,18,00,15,26.1,83.7
23,18,00,22,26.2,83.5
23,18,00,22,26.2,83.6
23,18,00,18,26.2,83.5
23,18,00,23,26.2,83.0
23,18,00,26,26.2,82.6
23,18,00,13,26.2,82.8
23,18,00,19,26.2,82.7
23,18,00,19,26.3,82.5
23,18,00,18,26.3,82.0
23,18,00,21,26.3,81.9
23,18,00,12,26.3,81.8
23,18,00,22,26.3,81.5
23,18,00,18,26.3,81.5
23,18,00,21,26.3,81.4
23,18,00,16,26.3,81.0
23,18,00,16,26.3,81.1
23,18,00,15,26.2,81.0
23,18,00,28,26.2,80.9
23,19,00,22,26.2,81.1
23,19,00,22,26.2,81.2
23,19,00,9,26.2,81.6
23,19,00,9,26.2,81.5
23,19,00,18,26.2,81.6
23,19,00,32,26.2,81.5
23,19,00,21,26.2,81.5
23,19,00,10,26.2,81.4
23,19,00,14,26.2,81.6
23,19,00,21,26.2,81.8
23,19,00,22,26.2,81.8
23,19,00,15,26.2,81.7
23,19,00,24,26.2,81.9
23,19,00,22,26.1,82.0
23,19,00,10,26.1,82.0
23,19,00,24,26.1,82.1
23,19,00,11,26.2,82.0
23,19,00,12,26.1,82.1
23,19,00,13,26.1,82.2
23,19,00,13,26.1,82.2
23,19,00,12,26.1,82.1
23,19,00,14,26.1,82.4
23,19,00,16,26.0,82.7
23,19,00,25,26.0,82.4
23,19,00,30,26.1,82.3
23,19,00,14,26.1,82.1
23,19,00,16,26.1,82.1
23,19,00,23,26.1,82.3
23,19,00,23,26.1,82.3
23,19,00,19,26.1,82.5
23,19,00,14,26.0,82.6
23,19,00,10,26.0,82.7
23,19,00,16,26.1,82.6
23,19,00,29,26.1,82.5
23,19,00,25,26.1,82.5
23,19,00,10,26.1,82.3
23,19,00,18,26.1,82.3
23,19,00,13,26.1,82.3
23,19,00,12,26.2,82.1
23,19,00,13,26.2,82.0
23,19,00,11,26.1,82.2
23,19,00,18,26.1,82.1
23,19,00,15,26.1,82.2
23,19,00,35,26.1,82.1
23,19,00,20,26.1,82.2
23,19,00,23,26.1,82.3
23,19,00,9,26.1,82.2
23,19,00,20,26.1,82.3
23,19,00,14,26.1,82.1
23,19,00,22,26.1,82.1
23,19,00,17,26.1,82.2
23,19,00,18,26.1,82.2
23,19,00,14,26.1,82.3
23,19,00,22,26.0,82.0
23,19,00,26,26.0,82.1
23,19,00,26,26.0,82.2
23,19,00,20,26.0,82.2
23,19,00,14,26.0,82.0
23,19,00,16,26.0,82.1
23,19,00,24,26.0,82.2
23,20,00,13,26.0,82.4
23,20,00,8,26.0,82.4
23,20,00,19,26.0,82.2
23,20,00,18,25.9,82.2
23,20,00,21,26.0,82.2
23,20,00,15,26.0,81.7
23,20,00,6,26.0,81.4
23,20,00,17,25.9,81.9
23,20,00,19,25.8,82.2
23,20,00,21,25.8,82.4
23,20,00,12,25.9,82.5
23,20,00,13,25.9,82.4
23,20,00,11,25.9,82.3
23,20,00,14,25.9,82.2
23,20,00,27,25.9,82.1
23,20,00,18,26.0,82.0
23,20,00,16,26.0,82.0
23,20,00,20,25.7,82.4
23,20,00,16,25.6,83.1
23,20,00,20,25.7,83.0
23,20,00,17,25.8,82.8
23,20,00,15,25.8,82.7
23,20,00,20,25.8,82.7
23,20,00,14,25.8,82.6
23,20,00,14,25.9,82.5
23,20,00,9,25.7,82.6
23,20,00,16,25.7,83.1
23,20,00,15,25.6,83.0
23,20,00,16,25.6,83.6
23,20,00,13,25.4,83.9
23,20,00,18,25.3,84.6
23,20,00,13,25.3,84.8
23,20,00,14,25.4,84.5
23,20,00,12,25.4,84.5
23,20,00,27,25.3,84.8
23,20,00,12,25.3,84.8
23,20,00,15,25.3,84.6
23,20,00,12,25.2,85.0
23,20,00,11,25.2,85.0
23,20,00,14,25.2,85.1
23,20,00,14,25.2,85.1
23,20,00,23,25.3,84.9
23,20,00,18,25.4,84.7
23,20,00,26,25.3,85.1
23,20,00,16,25.0,85.6
23,20,00,30,24.9,86.4
23,20,00,23,24.8,86.9
23,20,00,23,24.8,86.7
23,20,00,12,25.0,86.2
23,20,00,10,25.1,85.4
23,20,00,13,25.0,85.4
23,20,00,17,25.0,85.6
23,20,00,21,25.0,85.6
23,20,00,28,24.9,85.8
23,20,00,21,25.0,85.7
23,20,00,16,25.1,85.6
23,20,00,19,25.2,85.4
23,20,00,28,25.3,85.0
23,20,00,13,25.4,84.8
23,20,00,26,25.5,84.5
23,21,00,20,25.5,84.4
23,21,00,14,25.6,84.2
23,21,00,19,25.6,84.1
23,21,00,17,25.5,84.1
23,21,00,14,25.5,84.3
23,21,00,30,25.5,84.2
23,21,00,22,25.4,84.7
23,21,00,14,25.1,85.5
23,21,00,12,25.2,85.7
23,21,00,22,25.3,85.4
23,21,00,23,25.3,85.3
23,21,00,25,25.4,85.1
23,21,00,18,25.4,84.8
23,21,00,25,25.4,85.2
23,21,00,17,25.3,85.2
23,21,00,19,25.3,85.6
23,21,00,17,25.1,85.9
23,21,00,19,25.2,86.0
23,21,00,9,25.1,86.0
23,21,00,18,25.0,86.4
23,21,00,20,24.9,86.8
23,21,00,13,24.8,87.2
23,21,00,7,24.9,86.8
23,21,00,15,24.9,86.9
23,21,00,10,24.9,87.2
23,21,00,11,25.0,86.8
23,21,00,18,25.1,86.4
23,21,00,16,25.1,86.4
23,21,00,10,25.0,86.5
23,21,00,19,25.0,86.6
23,21,00,8,25.1,86.2
23,21,00,18,25.1,86.4
23,21,00,15,25.0,86.5
23,21,00,13,24.9,87.0
23,21,00,9,24.8,87.5
23,21,00,24,24.8,87.5
23,21,00,17,24.7,87.9
23,21,00,21,24.7,87.8
23,21,00,18,24.8,87.6
23,21,00,13,24.8,87.7
23,21,00,21,24.8,87.4
23,21,00,26,25.0,86.8
23,21,00,14,25.0,86.7
23,21,00,10,25.2,86.5
23,21,00,11,25.3,86.3
23,21,00,15,25.4,85.9
23,21,00,18,25.4,85.7
23,21,00,27,25.4,85.5
23,21,00,31,25.5,85.4
23,21,00,21,25.6,85.2
23,21,00,25,25.5,85.0
23,21,00,15,25.4,85.2
23,21,00,20,25.3,85.4
23,21,00,20,25.3,85.6
23,21,00,22,25.0,86.4
23,21,00,18,25.0,87.0
23,21,00,18,25.0,86.5
23,21,00,9,25.0,86.8
23,21,00,19,24.8,87.2
23,21,00,28,24.8,87.6
23,22,00,25,24.7,88.0
23,22,00,15,24.6,88.2
23,22,00,12,24.7,88.2
23,22,00,17,24.8,87.8
23,22,00,16,25.0,87.3
23,22,00,21,25.1,86.8
23,22,00,23,25.1,86.6
23,22,00,28,25.1,86.6
23,22,00,27,25.2,86.4
23,22,00,24,25.2,86.1
23,22,00,12,25.1,86.4
23,22,00,14,24.9,87.0
23,22,00,17,25.0,87.1
23,22,00,27,24.9,87.4
23,22,00,27,25.0,87.3
23,22,00,13,25.0,87.1
23,22,00,26,25.0,87.2
23,22,00,37,25.0,87.0
23,22,00,28,25.1,86.8
23,22,00,25,25.2,86.7
23,22,00,12,25.2,86.6
23,22,00,16,25.3,86.1
23,22,00,18,25.3,86.0
23,22,00,21,25.4,85.6
23,22,00,30,25.4,85.4
23,22,00,22,25.5,85.4
23,22,00,16,25.3,86.0
23,22,00,19,25.2,86.3
23,22,00,16,25.2,86.4
23,22,00,21,25.0,86.9
23,22,00,17,25.0,86.9
23,22,00,12,25.1,86.8
23,22,00,16,25.1,86.6
23,22,00,14,25.1,86.6
23,22,00,13,25.2,86.3
23,22,00,10,25.1,86.7
23,22,00,10,25.0,87.1
23,22,00,16,25.2,86.7
23,22,00,13,25.3,86.2
23,22,00,9,25.2,86.5
23,22,00,19,25.3,86.3
23,22,00,17,25.2,86.5
23,22,00,19,25.3,86.2
23,22,00,27,25.4,85.7
23,22,00,18,25.4,85.7
23,22,00,14,25.3,86.1
23,22,00,22,25.2,86.3
23,22,00,16,25.2,86.5
23,22,00,26,25.2,86.4
23,22,00,17,25.2,86.5
23,22,00,21,25.2,86.6
23,22,00,19,25.3,86.4
23,22,00,20,25.4,86.2
23,22,00,16,25.4,86.3
23,22,00,23,25.3,86.0
23,22,00,19,25.2,86.5
23,22,00,16,25.1,86.7
23,22,00,10,25.1,87.1
23,22,00,19,25.1,87.1
23,22,00,22,25.3,86.7
23,23,00,18,25.2,86.5
23,23,00,24,25.2,86.9
23,23,00,19,25.1,86.9
23,23,00,24,25.1,87.0
23,23,00,19,25.1,86.9
23,23,00,14,25.2,86.9
23,23,00,15,25.3,86.5
23,23,00,16,25.4,86.0
23,23,00,15,25.3,86.1
23,23,00,19,25.2,86.8
23,23,00,16,25.1,86.9
23,23,00,21,25.2,86.8
23,23,00,9,25.3,86.5
23,23,00,21,25.3,86.6
23,23,00,15,25.4,86.3
23,23,00,19,25.4,86.3
23,23,00,19,25.5,86.2
23,23,00,16,25.5,85.9
23,23,00,30,25.6,85.7
23,23,00,15,25.6,85.6
23,23,00,11,25.6,85.6
23,23,00,25,25.6,85.7
23,23,00,20,25.6,85.9
23,23,00,21,25.6,85.9
23,23,00,21,25.6,85.8
23,23,00,26,25.6,85.9
23,23,00,18,25.6,85.9
23,23,00,16,25.6,86.0
23,23,00,25,25.6,86.1
23,23,00,15,25.5,86.2
23,23,00,19,25.6,85.9
23,23,00,15,25.6,86.1
23,23,00,7,25.6,86.1
23,23,00,10,25.6,86.0
23,23,00,21,25.6,85.9
23,23,00,17,25.7,85.8
23,23,00,20,25.7,85.8
23,23,00,21,25.7,85.8
23,23,00,14,25.7,85.8
23,23,00,21,25.7,85.7
23,23,00,16,25.7,85.7
23,23,00,14,25.7,85.7
23,23,00,17,25.7,85.7
23,23,00,24,25.6,85.9
23,23,00,19,25.7,85.8
23,23,00,20,25.7,85.9
23,23,00,27,25.5,85.9
23,23,00,18,25.3,86.8
23,23,00,25,25.3,87.0
23,23,00,23,25.4,86.5
23,23,00,18,25.4,86.4
23,23,00,21,25.4,86.6
23,23,00,20,25.3,87.1
23,23,00,18,25.3,87.2
23,23,00,21,25.4,87.0
23,23,00,14,25.5,86.6
23,23,00,16,25.5,86.4
23,23,00,18,25.5,86.6
23,23,00,12,25.4,86.6
23,23,00,13,25.3,87.1
