23,00,00,16,26.6,82.7
23,00,00,25,26.6,82.9
23,00,00,27,26.6,82.9
23,00,00,19,26.6,82.9
23,00,00,22,26.6,82.8
23,00,00,12,26.6,82.7
23,00,00,15,26.5,82.9
23,00,00,19,26.5,83.0
23,00,00,26,26.6,82.9
23,00,00,16,26.6,82.8
23,00,00,22,26.6,82.9
23,00,00,16,26.6,82.8
23,00,00,17,26.6,82.7
23,00,00,21,26.5,82.9
23,00,00,13,26.5,82.7
23,00,00,10,26.5,82.8
23,00,00,34,26.6,82.8
23,00,00,15,26.5,82.9
23,00,00,24,26.6,82.8
23,00,00,17,26.6,82.7
23,00,00,29,26.6,82.7
23,00,00,12,26.6,82.5
23,00,00,13,26.6,82.6
23,00,00,12,26.5,82.8
23,00,00,21,26.4,83.1
23,00,00,17,26.4,83.1
23,00,00,14,26.4,83.2
23,00,00,21,26.4,83.1
23,00,00,15,26.5,83.0
23,00,00,21,26.5,82.8
23,00,00,29,26.5,82.8
23,00,00,10,26.5,82.6
23,00,00,16,26.5,82.5
23,00,00,20,26.5,82.6
23,00,00,13,26.5,82.7
23,00,00,23,26.5,82.7
23,00,00,13,26.6,82.5
23,00,00,20,26.5,82.5
23,00,00,17,26.5,82.5
23,00,00,11,26.5,82.6
23,00,00,31,26.5,82.7
23,00,00,29,26.5,82.9
23,00,00,16,26.5,82.8
23,00,00,24,26.5,82.7
23,00,00,20,26.5,82.6
23,00,00,14,26.5,82.6
23,00,00,18,26.5,82.5
23,00,00,14,26.4,82.6
23,00,00,22,26.4,82.8
23,00,00,21,26.4,83.0
23,00,00,13,26.3,83.1
23,00,00,28,26.4,82.9
23,00,00,19,26.4,82.8
23,00,00,17,26.4,82.7
23,00,00,13,26.4,82.8
23,00,00,23,26.5,82.6
23,00,00,24,26.5,82.4
23,00,00,31,26.5,82.5
23,00,00,18,26.5,82.6
23,00,00,18,26.5,82.3
23,01,00,24,26.4,82.4
23,01,00,20,26.5,82.4
23,01,00,22,26.5,82.3
23,01,00,20,26.4,82.2
23,01,00,16,26.4,82.3
23,01,00,12,26.4,82.3
23,01,00,7,26.4,82.3
23,01,00,24,26.4,82.2
23,01,00,12,26.4,82.3
23,01,00,13,26.5,82.3
23,01,00,14,26.4,82.1
23,01,00,18,26.4,82.3
23,01,00,32,26.4,82.4
23,01,00,12,26.5,82.3
23,01,00,16,26.4,82.4
23,01,00,25,26.4,82.3
23,01,00,26,26.4,82.2
23,01,00,26,26.5,82.3
23,01,00,12,26.5,82.4
23,01,00,21,26.5,82.2
23,01,00,20,26.5,82.3
23,01,00,19,26.5,82.2
23,01,00,18,26.5,82.5
23,01,00,13,26.5,82.5
23,01,00,18,26.5,82.5
23,01,00,14,26.5,82.6
23,01,00,26,26.4,82.7
23,01,00,27,26.5,82.5
23,01,00,22,26.5,82.4
23,01,00,23,26.5,82.4
23,01,00,15,26.5,82.4
23,01,00,9,26.5,82.3
23,01,00,15,26.5,82.4
23,01,00,15,26.5,82.4
23,01,00,16,26.5,82.5
23,01,00,17,26.5,82.5
23,01,00,17,26.5,82.5
23,01,00,19,26.5,82.5
23,01,00,16,26.5,82.5
23,01,00,17,26.5,82.4
23,01,00,13,26.5,82.6
23,01,00,18,26.5,82.7
23,01,00,15,26.5,82.6
23,01,00,18,26.5,82.6
23,01,00,29,26.5,82.6
23,01,00,17,26.4,82.5
23,01,00,18,26.4,82.7
23,01,00,13,26.4,82.7
23,01,00,23,26.4,82.6
23,01,00,14,26.4,82.6
23,01,00,21,26.4,82.6
23,01,00,28,26.4,82.5
23,01,00,22,26.4,82.6
23,01,00,18,26.4,82.5
23,01,00,18,26.4,82.6
23,01,00,14,26.4,82.6
23,01,00,21,26.5,82.4
23,01,00,22,26.5,82.5
23,01,00,14,26.5,82.5
23,01,00,18,26.5,82.5
23,02,00,21,26.5,82.5
23,02,00,26,26.4,82.5
23,02,00,13,26.4,82.6
23,02,00,24,26.4,82.6
23,02,00,12,26.5,82.3
23,02,00,24,26.5,82.4
23,02,00,18,26.5,82.3
23,02,00,14,26.6,82.1
23,02,00,16,26.5,82.2
23,02,00,22,26.5,82.3
23,02,00,22,26.5,82.4
23,02,00,18,26.5,82.5
23,02,00,15,26.4,82.6
23,02,00,13,26.5,82.3
23,02,00,25,26.5,82.4
23,02,00,17,26.4,82.7
23,02,00,13,26.4,82.7
23,02,00,16,26.4,82.6
23,02,00,17,26.4,82.6
23,02,00,13,26.4,82.6
23,02,00,24,26.4,82.5
23,02,00,25,26.4,82.3
23,02,00,13,26.4,82.2
23,02,00,15,26.4,82.3
23,02,00,15,26.4,82.3
23,02,00,14,26.4,82.4
23,02,00,23,26.4,82.4
23,02,00,19,26.4,82.5
23,02,00,25,26.4,82.5
23,02,00,14,26.4,82.4
23,02,00,16,26.4,82.5
23,02,00,26,26.4,82.5
23,02,00,24,26.4,82.5
23,02,00,14,26.4,82.3
23,02,00,18,26.4,82.2
23,02,00,29,26.4,82.3
23,02,00,31,26.3,82.7
23,02,00,18,26.3,82.7
23,02,00,15,26.3,82.8
23,02,00,29,26.3,82.9
23,02,00,21,26.2,83.1
23,02,00,24,26.2,83.1
23,02,00,16,26.3,82.8
23,02,00,15,26.3,82.7
23,02,00,23,26.4,82.7
23,02,00,13,26.4,82.5
23,02,00,18,26.4,82.5
23,02,00,13,26.3,82.5
23,02,00,18,26.4,82.5
23,02,00,18,26.3,82.5
23,02,00,17,26.3,82.7
23,02,00,8,26.3,82.9
23,02,00,16,26.3,82.7
23,02,00,12,26.3,82.8
23,02,00,6,26.2,83.0
23,02,00,24,26.3,83.1
23,02,00,16,26.3,82.8
23,02,00,20,26.2,83.1
23,02,00,18,26.3,83.0
23,02,00,14,26.3,82.8
23,03,00,15,26.3,82.8
23,03,00,21,26.4,82.7
23,03,00,21,26.4,82.5
23,03,00,20,26.4,82.4
23,03,00,26,26.4,82.4
23,03,00,14,26.4,82.3
23,03,00,14,26.4,82.3
23,03,00,17,26.4,82.4
23,03,00,22,26.3,82.7
23,03,00,9,26.3,82.6
23,03,00,23,26.3,82.6
23,03,00,20,26.3,82.7
23,03,00,19,26.2,82.9
23,03,00,17,26.2,82.9
23,03,00,12,26.2,82.8
23,03,00,15,26.2,82.9
23,03,00,27,26.2,83.0
23,03,00,18,26.2,83.0
23,03,00,30,26.2,83.0
23,03,00,16,26.3,82.9
23,03,00,23,26.3,82.7
23,03,00,15,26.3,82.8
23,03,00,17,26.3,82.8
23,03,00,17,26.3,82.8
23,03,00,19,26.3,82.8
23,03,00,20,26.3,82.8
23,03,00,14,26.3,82.8
23,03,00,19,26.3,82.9
23,03,00,12,26.3,82.9
23,03,00,21,26.3,83.0
23,03,00,10,26.3,83.2
23,03,00,15,26.3,82.9
23,03,00,11,26.3,82.7
23,03,00,10,26.3,82.7
23,03,00,24,26.3,82.8
23,03,00,11,26.3,82.8
23,03,00,16,26.3,82.9
23,03,00,12,26.3,83.0
23,03,00,17,26.3,82.9
23,03,00,21,26.3,82.9
23,03,00,21,26.2,83.1
23,03,00,10,26.3,83.2
23,03,00,14,26.3,82.9
23,03,00,14,26.3,82.8
23,03,00,18,26.3,82.9
23,03,00,16,26.3,82.9
23,03,00,19,26.3,83.0
23,03,00,20,26.3,82.9
23,03,00,14,26.3,82.9
23,03,00,18,26.3,83.0
23,03,00,9,26.3,83.0
23,03,00,15,26.3,82.8
23,03,00,16,26.3,82.8
23,03,00,10,26.3,82.9
23,03,00,16,26.3,83.0
23,03,00,23,26.3,82.9
23,03,00,20,26.3,83.0
23,03,00,12,26.3,83.0
23,03,00,20,26.3,83.1
23,03,00,10,26.3,82.9
23,04,00,18,26.3,83.0
23,04,00,8,26.3,83.0
23,04,00,20,26.3,82.9
23,04,00,16,26.4,82.6
23,04,00,14,26.4,82.5
23,04,00,18,26.4,82.7
23,04,00,24,26.3,82.7
23,04,00,20,26.3,82.8
23,04,00,19,26.4,82.8
23,04,00,16,26.4,82.8
23,04,00,15,26.3,82.8
23,04,00,15,26.3,82.8
23,04,00,20,26.3,82.8
23,04,00,10,26.3,82.9
23,04,00,15,26.3,82.9
23,04,00,12,26.3,83.0
23,04,00,14,26.3,83.1
23,04,00,17,26.3,83.0
23,04,00,19,26.3,83.1
23,04,00,13,26.3,83.1
23,04,00,20,26.3,83.0
23,04,00,17,26.3,82.8
23,04,00,22,26.3,82.9
23,04,00,13,26.3,83.0
23,04,00,18,26.3,83.0
23,04,00,12,26.3,82.9
23,04,00,16,26.3,83.0
23,04,00,17,26.3,82.9
23,04,00,15,26.3,82.9
23,04,00,26,26.2,83.1
23,04,00,19,26.2,83.1
23,04,00,17,26.2,83.2
23,04,00,19,26.2,83.2
23,04,00,18,26.2,83.2
23,04,00,21,26.2,83.4
23,04,00,10,26.2,83.4
23,04,00,20,26.2,83.3
23,04,00,12,26.2,83.3
23,04,00,21,26.2,83.4
23,04,00,14,26.2,83.4
23,04,00,16,26.2,83.4
23,04,00,9,26.3,83.2
23,04,00,15,26.3,83.1
23,04,00,9,26.3,83.1
23,04,00,11,26.3,83.0
23,04,00,14,26.2,83.3
23,04,00,30,26.2,83.2
23,04,00,21,26.2,83.3
23,04,00,24,26.2,83.3
23,04,00,19,26.2,83.3
23,04,00,28,26.2,83.4
23,04,00,15,26.2,83.5
23,04,00,25,26.3,83.4
23,04,00,20,26.3,83.2
23,04,00,12,26.3,83.2
23,04,00,15,26.3,83.1
23,04,00,13,26.3,83.2
23,04,00,23,26.3,83.2
23,04,00,22,26.3,83.2
23,04,00,21,26.2,83.3
23,05,00,17,26.3,83.4
23,05,00,13,26.3,83.3
23,05,00,16,26.3,83.2
23,05,00,20,26.3,83.3
23,05,00,24,26.3,83.3
23,05,00,21,26.3,83.3
23,05,00,25,26.3,83.3
23,05,00,20,26.3,83.4
23,05,00,15,26.3,83.4
23,05,00,12,26.3,83.4
23,05,00,6,26.2,83.5
23,05,00,23,26.2,83.5
23,05,00,21,26.3,83.4
23,05,00,20,26.3,83.4
23,05,00,16,26.2,83.4
23,05,00,13,26.3,83.5
23,05,00,25,26.3,83.5
23,05,00,19,26.2,83.6
23,05,00,26,26.2,83.4
23,05,00,33,26.2,83.5
23,05,00,23,26.2,83.5
23,05,00,25,26.2,83.4
23,05,00,20,26.2,83.4
23,05,00,21,26.2,83.6
23,05,00,8,26.2,83.5
23,05,00,8,26.2,83.6
23,05,00,19,26.2,83.6
23,05,00,20,26.2,83.5
23,05,00,14,26.2,83.5
23,05,00,17,26.2,83.4
23,05,00,25,26.2,83.5
23,05,00,21,26.2,83.4
23,05,00,25,26.2,83.5
23,05,00,14,26.2,83.6
23,05,00,26,26.2,83.4
23,05,00,6,26.2,83.5
23,05,00,20,26.2,83.5
23,05,00,24,26.2,83.4
23,05,00,12,26.2,83.6
23,05,00,17,26.2,83.6
23,05,00,18,26.2,83.5
23,05,00,16,26.3,83.4
23,05,00,13,26.2,83.4
23,05,00,24,26.2,83.5
23,05,00,16,26.2,83.5
23,05,00,24,26.2,83.6
23,05,00,22,26.2,83.6
23,05,00,16,26.2,83.7
23,05,00,25,26.2,83.8
23,05,00,6,26.2,83.6
23,05,00,13,26.2,83.6
23,05,00,17,26.2,83.7
23,05,00,13,26.2,83.7
23,05,00,15,26.1,83.8
23,05,00,33,26.0,84.1
23,05,00,15,26.0,84.4
23,05,00,23,26.1,84.2
23,05,00,16,26.2,84.0
23,05,00,16,26.2,84.0
23,05,00,21,26.2,84.0
23,06,00,30,26.2,83.9
23,06,00,16,26.2,83.7
23,06,00,18,26.2,83.8
23,06,00,23,26.2,83.7
23,06,00,23,26.2,83.8
23,06,00,28,26.1,83.7
23,06,00,16,26.1,83.9
23,06,00,20,26.1,83.9
23,06,00,14,26.2,83.8
23,06,00,19,26.1,83.9
23,06,00,23,26.1,83.7
23,06,00,12,26.2,83.7
23,06,00,23,26.2,83.6
23,06,00,21,26.3,83.6
23,06,00,10,26.2,83.6
23,06,00,32,26.2,83.7
23,06,00,16,26.2,83.7
23,06,00,20,26.2,83.6
23,06,00,15,26.2,83.7
23,06,00,26,26.2,83.6
23,06,00,14,26.2,83.6
23,06,00,17,26.1,83.9
23,06,00,13,26.1,84.0
23,06,00,15,26.1,83.9
23,06,00,20,26.1,84.0
23,06,00,14,26.1,84.0
23,06,00,19,26.1,84.0
23,06,00,20,26.1,84.0
23,06,00,15,26.1,84.1
23,06,00,16,26.2,84.0
23,06,00,22,26.2,83.9
23,06,00,21,26.2,83.9
23,06,00,15,26.2,83.9
23,06,00,15,26.2,84.0
23,06,00,15,26.2,83.8
23,06,00,23,26.1,83.9
23,06,00,21,26.2,83.8
23,06,00,9,26.2,83.9
23,06,00,24,26.1,83.9
23,06,00,19,26.2,84.0
23,06,00,14,26.2,84.1
23,06,00,26,26.1,84.1
23,06,00,14,26.2,84.0
23,06,00,15,26.2,83.9
23,06,00,10,26.2,83.7
23,06,00,17,26.2,83.9
23,06,00,20,26.2,83.9
23,06,00,17,26.2,83.9
23,06,00,16,26.2,83.8
23,06,00,25,26.2,83.9
23,06,00,15,26.2,84.0
23,06,00,26,26.1,84.0
23,06,00,14,26.2,83.8
23,06,00,15,26.2,83.8
23,06,00,16,26.2,83.8
23,06,00,19,26.1,83.9
23,06,00,21,26.2,83.9
23,06,00,14,26.2,83.8
23,06,00,17,26.2,83.8
23,06,00,13,26.2,83.7
23,07,00,15,26.2,83.8
23,07,00,19,26.2,83.9
23,07,00,10,26.2,83.9
23,07,00,30,26.3,83.6
23,07,00,10,26.3,83.6
23,07,00,21,26.2,83.8
23,07,00,17,26.2,83.6
23,07,00,19,26.2,83.8
23,07,00,18,26.1,84.1
23,07,00,21,26.2,84.0
23,07,00,16,26.2,84.1
23,07,00,25,26.2,84.1
23,07,00,18,26.2,84.0
23,07,00,20,26.2,83.9
23,07,00,19,26.2,84.0
23,07,00,27,26.3,83.9
23,07,00,24,26.3,83.7
23,07,00,17,26.2,83.9
23,07,00,18,26.2,84.2
23,07,00,24,26.2,84.2
23,07,00,17,26.2,84.2
23,07,00,16,26.2,84.2
23,07,00,13,26.2,83.9
23,07,00,20,26.2,84.4
23,07,00,26,26.2,84.2
23,07,00,37,26.2,84.1
23,07,00,23,26.2,84.2
23,07,00,16,26.2,84.0
23,07,00,25,26.2,83.8
23,07,00,27,26.2,83.9
23,07,00,24,26.2,84.0
23,07,00,13,26.2,83.8
23,07,00,26,26.2,83.8
23,07,00,14,26.3,83.5
23,07,00,31,26.1,83.7
23,07,00,12,26.1,83.9
23,07,00,23,26.1,83.7
23,07,00,16,26.1,83.8
23,07,00,22,26.1,83.8
23,07,00,20,26.1,83.5
23,07,00,23,26.1,83.7
23,07,00,19,26.2,83.6
23,07,00,26,26.1,83.6
23,07,00,26,26.1,84.1
23,07,00,23,26.0,84.1
23,07,00,25,26.1,83.7
23,07,00,13,26.1,83.9
23,07,00,28,26.0,83.7
23,07,00,28,26.0,84.0
23,07,00,22,26.1,84.1
23,07,00,31,26.1,83.9
23,07,00,34,26.2,83.8
23,07,00,25,26.2,83.8
23,07,00,22,26.2,83.8
23,07,00,19,26.2,83.5
23,07,00,15,26.2,83.5
23,07,00,24,26.2,83.5
23,07,00,36,26.2,83.6
23,07,00,21,26.2,83.7
23,07,00,23,26.3,83.5
23,08,00,21,26.2,83.5
23,08,00,16,26.3,83.5
23,08,00,8,26.2,83.6
23,08,00,25,26.3,83.5
23,08,00,35,26.3,83.5
23,08,00,31,26.3,83.4
23,08,00,34,26.3,83.3
23,08,00,27,26.4,83.1
23,08,00,21,26.5,82.9
23,08,00,19,26.4,82.8
23,08,00,26,26.4,82.9
23,08,00,15,26.4,82.8
23,08,00,52,26.4,82.9
23,08,00,35,26.4,82.6
23,08,00,36,26.4,82.6
23,08,00,25,26.4,82.5
23,08,00,31,26.4,82.7
23,08,00,22,26.4,82.6
23,08,00,23,26.4,82.3
23,08,00,24,26.5,81.6
23,08,00,15,26.5,82.1
23,08,00,18,26.5,82.1
23,08,00,18,26.4,82.2
23,08,00,25,26.4,82.2
23,08,00,33,26.5,82.2
23,08,00,35,26.5,82.0
23,08,00,23,26.5,82.0
23,08,00,24,26.5,82.0
23,08,00,27,26.5,82.1
23,08,00,14,26.5,82.1
23,08,00,33,26.5,81.5
23,08,00,17,26.5,81.6
23,08,00,33,26.5,81.9
23,08,00,12,26.5,82.0
23,08,00,27,26.5,81.9
23,08,00,34,26.5,81.4
23,08,00,27,26.5,81.7
23,08,00,27,26.5,81.7
23,08,00,20,26.5,81.2
23,08,00,35,26.5,81.6
23,08,00,29,26.5,81.5
23,08,00,32,26.6,81.4
23,08,00,31,26.5,81.5
23,08,00,32,26.5,81.3
23,08,00,33,26.6,81.1
23,08,00,19,26.5,81.5
23,08,00,23,26.5,81.3
23,08,00,13,26.5,81.5
23,08,00,25,26.5,81.2
23,08,00,33,26.6,80.9
23,08,00,26,26.6,80.8
23,08,00,26,26.6,80.8
23,08,00,29,26.6,80.4
23,08,00,32,26.7,79.7
23,08,00,25,26.7,80.1
23,08,00,15,26.6,80.5
23,08,00,27,26.6,80.4
23,08,00,33,26.6,80.7
23,08,00,19,26.6,80.0
23,08,00,28,26.6,80.2
23,09,00,36,26.6,80.3
23,09,00,41,26.7,79.8
23,09,00,47,26.6,79.9
23,09,00,42,26.6,80.5
23,09,00,25,26.6,80.7
23,09,00,16,26.6,80.4
23,09,00,29,26.6,80.1
23,09,00,26,26.6,80.4
23,09,00,20,26.6,80.5
23,09,00,37,26.6,80.2
23,09,00,29,26.7,80.6
23,09,00,35,26.7,79.9
23,09,00,45,26.8,79.0
23,09,00,29,26.8,78.4
23,09,00,21,26.8,79.2
23,09,00,46,26.8,78.7
23,09,00,27,26.8,78.9
23,09,00,24,26.8,79.7
23,09,00,38,26.8,79.4
23,09,00,27,26.8,79.7
23,09,00,30,26.7,79.6
23,09,00,24,26.7,80.1
23,09,00,38,26.7,80.2
23,09,00,36,26.7,80.2
23,09,00,37,26.7,80.3
23,09,00,38,26.7,80.4
23,09,00,35,26.7,80.4
23,09,00,37,26.7,80.5
23,09,00,28,26.7,80.5
23,09,00,45,26.7,80.5
23,09,00,49,26.7,80.3
23,09,00,44,26.7,80.5
23,09,00,53,26.7,80.9
23,09,00,51,26.7,80.9
23,09,00,25,26.7,80.7
23,09,00,50,26.7,80.8
23,09,00,47,26.7,80.9
23,09,00,24,26.7,80.7
23,09,00,36,26.7,80.7
23,09,00,60,26.7,80.6
23,09,00,44,26.8,80.7
23,09,00,66,26.8,80.5
23,09,00,35,26.8,80.6
23,09,00,49,26.8,80.4
23,09,00,45,26.9,80.3
23,09,00,35,26.8,80.3
23,09,00,48,26.8,80.7
23,09,00,43,26.8,80.4
23,09,00,50,26.8,80.5
23,09,00,54,26.8,80.6
23,09,00,46,26.8,80.8
23,09,00,50,26.8,80.6
23,09,00,57,26.8,80.5
23,09,00,60,26.8,80.4
23,09,00,48,26.8,80.5
23,09,00,59,26.8,80.5
23,09,00,44,26.9,80.4
23,09,00,29,26.9,80.3
23,09,00,49,26.9,80.4
23,09,00,44,26.9,80.2
23,10,00,61,26.9,80.5
23,10,00,51,26.9,80.4
23,10,00,33,26.9,80.3
23,10,00,52,27.0,80.2
23,10,00,60,27.0,80.0
23,10,00,68,27.0,80.0
23,10,00,47,26.9,80.1
23,10,00,50,27.0,80.1
23,10,00,38,26.9,80.1
23,10,00,48,27.0,80.1
23,10,00,46,27.0,79.9
23,10,00,36,27.0,79.8
23,10,00,54,27.0,79.7
23,10,00,38,27.0,79.7
23,10,00,54,26.9,79.7
23,10,00,57,27.0,79.8
23,10,00,71,26.9,79.8
23,10,00,71,26.9,79.7
23,10,00,27,26.9,79.9
23,10,00,44,27.0,79.9
23,10,00,38,27.0,79.7
23,10,00,54,27.0,79.3
23,10,00,35,27.0,79.7
23,10,00,78,27.0,79.6
23,10,00,56,27.1,79.4
23,10,00,59,27.1,79.3
23,10,00,67,27.0,79.6
23,10,00,53,27.0,79.5
23,10,00,63,27.0,79.4
23,10,00,59,27.1,79.6
23,10,00,45,27.1,79.6
23,10,00,62,27.1,79.3
23,10,00,32,27.1,79.3
23,10,00,47,27.1,79.3
23,10,00,45,27.1,79.2
23,10,00,68,27.1,79.1
23,10,00,57,27.2,79.4
23,10,00,49,27.2,79.4
23,10,00,76,27.2,79.3
23,10,00,54,27.2,79.2
23,10,00,70,27.2,79.4
23,10,00,53,27.2,79.1
23,10,00,55,27.2,79.1
23,10,00,43,27.2,79.3
23,10,00,51,27.2,79.0
23,10,00,56,27.2,78.9
23,10,00,89,27.2,79.2
23,10,00,46,27.2,78.7
23,10,00,41,27.3,78.8
23,10,00,43,27.3,78.6
23,10,00,69,27.3,78.1
23,10,00,49,27.4,78.5
23,10,00,37,27.3,78.6
23,10,00,65,27.3,78.2
23,10,00,52,27.4,78.4
23,10,00,59,27.4,78.4
23,10,00,59,27.4,78.3
23,10,00,77,27.4,78.3
23,10,00,83,27.4,78.7
23,10,00,46,27.4,78.7
23,11,00,98,27.4,78.6
23,11,00,58,27.4,78.6
23,11,00,66,27.4,78.3
23,11,00,66,27.4,78.3
23,11,00,68,27.4,78.5
23,11,00,21,27.4,78.4
23,11,00,60,27.4,78.5
23,11,00,65,27.4,78.5
23,11,00,41,27.4,78.4
23,11,00,84,27.4,78.2
23,11,00,69,27.4,78.3
23,11,00,66,27.5,78.2
23,11,00,66,27.4,78.2
23,11,00,83,27.5,78.1
23,11,00,56,27.5,77.9
23,11,00,71,27.5,77.5
23,11,00,33,27.5,77.8
23,11,00,68,27.5,77.6
23,11,00,52,27.5,77.6
23,11,00,56,27.5,77.7
23,11,00,62,27.6,77.5
23,11,00,67,27.6,77.3
23,11,00,36,27.6,77.3
23,11,00,55,27.6,77.3
23,11,00,56,27.6,77.1
23,11,00,72,27.6,77.5
23,11,00,49,27.6,77.3
23,11,00,39,27.6,77.3
23,11,00,61,27.6,77.3
23,11,00,44,27.6,77.2
23,11,00,60,27.6,77.1
23,11,00,65,27.6,76.9
23,11,00,72,27.6,76.8
23,11,00,43,27.6,76.7
23,11,00,36,27.6,76.9
23,11,00,40,27.6,77.1
23,11,00,65,27.7,76.8
23,11,00,67,27.6,77.2
23,11,00,25,27.6,77.2
23,11,00,60,27.6,77.1
23,11,00,60,27.7,76.8
23,11,00,56,27.7,76.8
23,11,00,32,27.7,76.6
23,11,00,50,27.7,76.5
23,11,00,49,27.7,76.9
23,11,00,30,27.7,76.7
23,11,00,55,27.7,77.0
23,11,00,26,27.7,76.6
23,11,00,25,27.7,76.7
23,11,00,27,27.7,76.5
23,11,00,46,27.7,76.8
23,11,00,29,27.7,76.7
23,11,00,54,27.7,76.6
23,11,00,24,27.7,77.0
23,11,00,41,27.7,76.7
23,11,00,26,27.7,76.6
23,11,00,23,27.8,76.3
23,11,00,37,27.8,76.5
23,11,00,41,27.8,76.6
23,11,00,26,27.8,76.3
23,12,00,36,27.8,76.2
23,12,00,20,27.8,76.4
23,12,00,23,27.8,76.4
23,12,00,26,27.8,76.5
23,12,00,43,27.7,76.5
23,12,00,28,27.7,76.7
23,12,00,22,27.7,76.7
23,12,00,15,27.8,76.5
23,12,00,43,27.8,76.6
23,12,00,19,27.8,76.7
23,12,00,24,27.8,76.5
23,12,00,29,27.8,76.6
23,12,00,30,27.8,76.5
23,12,00,33,27.8,76.3
23,12,00,27,27.8,76.4
23,12,00,26,27.8,76.4
23,12,00,21,27.8,76.7
23,12,00,24,27.8,76.4
23,12,00,22,27.8,76.1
23,12,00,22,27.8,76.5
23,12,00,25,27.8,76.5
23,12,00,32,27.8,76.6
23,12,00,22,27.8,76.7
23,12,00,36,27.8,76.4
23,12,00,17,27.8,76.6
23,12,00,22,27.8,76.6
23,12,00,37,27.8,76.6
23,12,00,29,27.8,76.6
23,12,00,20,27.8,76.4
23,12,00,32,27.8,76.4
23,12,00,26,27.8,76.3
23,12,00,25,27.8,76.4
23,12,00,28,27.8,76.4
23,12,00,25,27.8,76.4
23,12,00,22,27.8,76.3
23,12,00,10,27.8,76.3
23,12,00,26,27.8,76.4
23,12,00,16,27.8,76.3
23,12,00,19,27.8,76.4
23,12,00,26,27.8,76.2
23,12,00,25,27.8,76.1
23,12,00,12,27.8,76.4
23,12,00,20,27.8,76.2
23,12,00,21,27.8,76.3
23,12,00,21,27.8,75.9
23,12,00,20,27.8,76.2
23,12,00,18,27.8,76.6
23,12,00,24,27.8,76.5
23,12,00,21,27.8,76.2
23,12,00,28,27.8,76.5
23,12,00,23,27.8,76.4
23,12,00,31,27.8,76.2
23,12,00,18,27.8,76.3
23,12,00,20,27.8,76.6
23,12,00,22,27.8,76.5
23,12,00,26,27.8,76.4
23,12,00,23,27.8,76.3
23,12,00,40,27.8,76.0
23,12,00,28,27.8,76.0
23,12,00,17,27.8,76.2
23,13,00,17,27.8,76.3
23,13,00,28,27.8,76.3
23,13,00,31,27.8,76.3
23,13,00,16,27.8,76.2
23,13,00,31,27.8,76.3
23,13,00,19,27.8,76.3
23,13,00,29,27.8,76.0
23,13,00,26,27.8,76.2
23,13,00,27,27.8,76.2
23,13,00,22,27.8,76.2
23,13,00,19,27.8,76.3
23,13,00,24,27.8,76.2
23,13,00,16,27.8,76.3
23,13,00,17,27.8,75.9
23,13,00,15,27.8,76.3
23,13,00,19,27.8,76.1
23,13,00,22,27.8,76.2
23,13,00,27,27.8,76.2
23,13,00,24,27.8,76.4
23,13,00,20,27.8,76.4
23,13,00,26,27.8,76.4
23,13,00,28,27.8,76.1
23,13,00,15,27.8,76.2
23,13,00,30,27.8,76.1
23,13,00,15,27.8,76.3
23,13,00,22,27.8,76.4
23,13,00,13,27.8,76.2
23,13,00,35,27.8,76.2
23,13,00,16,27.8,76.3
23,13,00,26,27.8,76.1
23,13,00,26,27.8,76.1
23,13,00,19,27.8,75.9
23,13,00,18,27.8,76.1
23,13,00,30,27.8,76.2
23,13,00,23,27.8,76.2
23,13,00,18,27.8,76.3
23,13,00,25,27.8,76.2
23,13,00,9,27.8,76.0
23,13,00,19,27.8,76.2
23,13,00,20,27.8,76.3
23,13,00,20,27.8,76.3
23,13,00,25,27.8,76.1
23,13,00,24,27.8,76.2
23,13,00,20,27.8,76.3
23,13,00,22,27.8,76.3
23,13,00,28,27.8,76.1
23,13,00,20,27.8,76.2
23,13,00,22,27.8,76.0
23,13,00,24,27.8,76.4
23,13,00,32,27.7,76.2
23,13,00,29,27.7,76.0
23,13,00,29,27.7,76.0
23,13,00,10,27.8,75.8
23,13,00,29,27.8,75.9
23,13,00,28,27.8,75.9
23,13,00,29,27.8,76.0
23,13,00,26,27.8,76.3
23,13,00,24,27.8,76.2
23,13,00,26,27.8,75.9
23,13,00,14,27.8,76.2
23,14,00,39,27.8,76.1
23,14,00,25,27.8,76.0
23,14,00,29,27.8,76.1
23,14,00,31,27.8,76.1
23,14,00,27,27.8,76.1
23,14,00,42,27.8,76.2
23,14,00,20,27.8,76.2
23,14,00,39,27.8,76.3
23,14,00,27,27.8,76.2
23,14,00,21,27.8,76.3
23,14,00,32,27.8,76.5
23,14,00,31,27.9,76.2
23,14,00,28,27.8,76.6
23,14,00,26,27.8,76.5
23,14,00,31,27.8,76.6
23,14,00,23,27.9,76.4
23,14,00,41,27.9,76.5
23,14,00,23,27.9,76.3
23,14,00,18,27.9,76.6
23,14,00,33,27.9,76.6
23,14,00,36,27.9,76.6
23,14,00,41,27.9,76.6
23,14,00,21,27.9,76.9
23,14,00,24,27.8,76.7
23,14,00,14,27.9,76.8
23,14,00,33,27.9,76.7
23,14,00,34,27.9,76.5
23,14,00,21,27.9,76.8
23,14,00,21,27.9,76.8
23,14,00,18,27.9,76.8
23,14,00,21,27.9,76.7
23,14,00,14,27.9,76.9
23,14,00,24,27.8,76.9
23,14,00,29,27.9,76.8
23,14,00,16,27.9,76.7
23,14,00,32,27.9,76.6
23,14,00,20,27.9,76.7
23,14,00,25,27.9,76.8
23,14,00,29,27.9,76.7
23,14,00,27,27.9,76.5
23,14,00,22,27.9,76.6
23,14,00,28,27.9,76.5
23,14,00,27,27.9,76.5
23,14,00,35,27.9,76.5
23,14,00,34,27.9,76.4
23,14,00,33,28.0,76.4
23,14,00,24,28.0,76.5
23,14,00,33,27.9,76.3
23,14,00,17,27.9,76.5
23,14,00,27,28.0,76.5
23,14,00,34,28.0,76.5
23,14,00,25,27.9,76.6
23,14,00,21,27.9,76.5
23,14,00,26,27.9,76.5
23,14,00,19,27.9,76.6
23,14,00,28,28.0,76.6
23,14,00,14,28.0,76.6
23,14,00,14,28.0,76.5
23,14,00,17,27.9,76.5
23,14,00,29,27.9,76.5
23,15,00,23,28.0,76.5
23,15,00,19,28.0,76.3
23,15,00,38,28.0,76.3
23,15,00,26,28.0,76.5
23,15,00,31,28.0,76.3
23,15,00,21,28.0,76.5
23,15,00,5,28.0,76.4
23,15,00,40,28.0,76.4
23,15,00,17,28.0,76.6
23,15,00,25,28.0,76.5
23,15,00,15,28.0,76.5
23,15,00,14,28.0,76.5
23,15,00,17,28.0,76.4
23,15,00,26,28.0,76.4
23,15,00,16,28.0,76.4
23,15,00,29,28.0,76.5
23,15,00,21,28.0,76.3
23,15,00,20,28.0,76.4
23,15,00,36,28.0,76.4
23,15,00,6,28.0,76.4
23,15,00,31,28.0,76.6
23,15,00,21,28.0,76.5
23,15,00,17,28.0,76.5
23,15,00,29,28.0,76.4
23,15,00,17,28.0,76.4
23,15,00,8,28.0,76.4
23,15,00,19,28.0,76.3
23,15,00,25,28.0,76.3
23,15,00,26,28.1,76.4
23,15,00,31,28.1,76.3
23,15,00,9,28.0,76.3
23,15,00,20,28.0,76.6
23,15,00,23,28.0,76.5
23,15,00,33,28.0,76.7
23,15,00,26,28.0,76.6
23,15,00,32,28.0,76.9
23,15,00,26,28.0,76.8
23,15,00,36,28.0,76.9
23,15,00,21,28.0,76.9
23,15,00,24,28.0,77.0
23,15,00,23,28.0,77.0
23,15,00,25,28.0,77.2
23,15,00,28,28.0,77.2
23,15,00,16,28.0,77.2
23,15,00,20,28.0,77.4
23,15,00,22,28.0,77.4
23,15,00,21,28.1,77.5
23,15,00,23,28.1,77.6
23,15,00,21,28.1,77.7
23,15,00,22,28.1,77.7
23,15,00,11,28.1,77.8
23,15,00,25,28.0,77.9
23,15,00,27,28.1,78.2
23,15,00,16,28.0,78.4
23,15,00,25,28.1,78.4
23,15,00,22,28.1,78.5
23,15,00,8,28.0,78.5
23,15,00,17,28.0,78.5
23,15,00,11,28.0,78.7
23,15,00,15,28.0,78.7
23,16,00,12,28.0,78.7
23,16,00,23,28.1,78.8
23,16,00,25,28.1,79.1
23,16,00,23,28.1,78.9
23,16,00,18,28.1,78.9
23,16,00,28,28.1,79.2
23,16,00,16,28.1,78.9
23,16,00,17,28.1,79.2
23,16,00,16,28.1,79.0
23,16,00,19,28.1,79.1
23,16,00,20,28.1,79.0
23,16,00,30,28.1,79.0
23,16,00,16,28.1,79.1
23,16,00,12,28.0,79.1
23,16,00,33,28.0,79.3
23,16,00,18,28.0,79.3
23,16,00,13,28.0,79.5
23,16,00,21,28.0,79.4
23,16,00,14,28.0,79.4
23,16,00,10,28.0,79.5
23,16,00,24,28.0,79.7
23,16,00,29,28.0,79.6
23,16,00,18,28.0,79.5
23,16,00,30,27.9,79.8
23,16,00,25,28.0,79.5
23,16,00,15,28.0,79.6
23,16,00,26,28.0,79.6
23,16,00,27,28.0,79.4
23,16,00,13,28.0,79.5
23,16,00,24,28.0,79.5
23,16,00,16,28.0,79.5
23,16,00,20,27.9,79.5
23,16,00,22,28.0,79.6
23,16,00,16,28.0,79.5
23,16,00,20,28.0,79.4
23,16,00,14,28.0,79.4
23,16,00,23,27.9,79.6
23,16,00,13,27.9,79.5
23,16,00,21,27.9,79.4
23,16,00,21,27.9,79.7
23,16,00,12,27.9,79.6
23,16,00,17,27.9,79.4
23,16,00,18,27.9,79.2
23,16,00,22,28.0,79.3
23,16,00,18,28.0,79.3
23,16,00,17,27.9,79.4
23,16,00,26,27.8,79.8
23,16,00,24,27.8,79.9
23,16,00,15,27.8,80.1
23,16,00,14,27.8,80.2
23,16,00,14,27.8,80.2
23,16,00,23,27.7,81.0
23,16,00,17,27.7,82.0
23,16,00,15,27.6,82.5
23,16,00,20,27.6,82.7
23,16,00,15,27.4,83.2
23,16,00,23,27.3,83.8
23,16,00,18,27.2,83.9
23,16,00,20,27.1,84.2
23,17,00,26,27.0,84.5
23,17,00,16,26.9,84.9
23,17,00,18,26.9,85.2
23,17,00,20,26.9,85.7
23,17,00,23,26.9,85.8
23,17,00,17,26.9,85.9
23,17,00,18,26.9,86.1
23,17,00,7,27.0,85.4
23,17,00,14,27.1,85.5
23,17,00,16,27.1,85.4
23,17,00,27,27.1,85.6
23,17,00,19,27.1,85.5
23,17,00,15,27.1,85.5
23,17,00,13,27.0,85.8
23,17,00,18,27.1,85.6
23,17,00,16,27.1,85.7
23,17,00,14,27.0,85.8
23,17,00,20,27.0,85.8
23,17,00,13,27.0,85.5
23,17,00,21,27.0,85.8
23,17,00,16,27.1,85.6
23,17,00,20,27.1,85.3
23,17,00,19,27.1,85.4
23,17,00,18,27.1,85.5
23,17,00,16,27.1,85.5
23,17,00,20,27.1,85.4
23,17,00,28,27.1,85.1
23,17,00,12,27.0,85.4
23,17,00,27,26.9,85.5
23,17,00,18,26.8,85.7
23,17,00,17,26.8,85.8
23,17,00,20,26.7,86.1
23,17,00,8,26.7,86.4
23,17,00,13,26.7,86.3
23,17,00,14,26.8,86.1
23,17,00,18,26.8,85.6
23,17,00,21,26.8,85.5
23,17,00,18,26.7,85.7
23,17,00,11,26.7,85.8
23,17,00,25,26.8,85.6
23,17,00,7,26.8,85.4
23,17,00,17,26.7,85.5
23,17,00,22,26.7,85.5
23,17,00,23,26.7,85.6
23,17,00,21,26.8,85.5
23,17,00,23,26.8,85.4
23,17,00,9,26.8,85.1
23,17,00,11,26.7,85.3
23,17,00,13,26.8,85.3
23,17,00,19,26.8,85.2
23,17,00,19,26.9,85.2
23,17,00,24,26.9,85.1
23,17,00,23,26.9,85.0
23,17,00,15,27.0,84.8
23,17,00,20,27.0,84.7
23,17,00,19,27.1,84.5
23,17,00,21,27.1,84.5
23,17,00,15,27.0,84.7
23,17,00,16,27.0,84.8
23,17,00,18,27.0,84.8
23,18,00,27,27.1,84.8
23,18,00,17,27.0,84.7
23,18,00,10,27.0,84.7
23,18,00,17,27.0,84.8
23,18,00,24,27.0,84.8
23,18,00,9,27.0,84.8
23,18,00,15,27.0,84.8
23,18,00,21,27.0,84.6
23,18,00,23,27.0,84.5
23,18,00,14,27.1,84.1
23,18,00,11,27.0,84.2
23,18,00,18,27.0,84.5
23,18,00,16,27.1,84.5
23,18,00,21,27.1,84.3
23,18,00,17,27.1,84.1
23,18,00,13,27.1,84.2
23,18,00,17,27.1,84.4
23,18,00,20,27.0,84.5
23,18,00,13,27.0,84.6
23,18,00,25,27.0,84.4
23,18,00,17,27.0,84.4
23,18,00,19,27.0,84.5
23,18,00,18,27.1,84.3
23,18,00,10,27.1,84.0
23,18,00,13,27.1,84.0
23,18,00,21,27.1,84.0
23,18,00,11,27.0,84.1
23,18,00,21,27.0,84.2
23,18,00,21,27.1,84.2
23,18,00,20,27.0,84.3
23,18,00,27,27.1,84.2
23,18,00,24,27.1,84.2
23,18,00,19,27.0,84.2
23,18,00,13,27.0,84.3
23,18,00,23,27.0,84.3
23,18,00,17,27.0,84.3
23,18,00,13,27.0,84.1
23,18,00,3,27.1,84.0
23,18,00,25,27.1,83.9
23,18,00,13,27.0,84.0
23,18,00,23,27.0,84.0
23,18,00,12,26.9,84.1
23,18,00,14,26.9,84.4
23,18,00,12,26.9,84.5
23,18,00,23,27.0,84.6
23,18,00,14,26.9,84.7
23,18,00,27,26.9,84.7
23,18,00,25,27.0,84.6
23,18,00,12,27.0,84.5
23,18,00,24,27.0,84.4
23,18,00,25,27.1,84.2
23,18,00,15,27.0,84.3
23,18,00,30,27.0,84.6
23,18,00,26,27.1,84.3
23,18,00,17,27.1,84.5
23,18,00,17,27.2,84.2
23,18,00,19,27.2,84.0
23,18,00,9,27.2,84.3
23,18,00,21,27.2,84.0
23,18,00,16,27.2,83.9
23,19,00,21,27.2,83.6
23,19,00,23,27.3,83.9
23,19,00,11,27.3,83.6
23,19,00,14,27.2,83.7
23,19,00,17,27.3,83.6
23,19,00,9,27.3,83.8
23,19,00,16,27.3,83.4
23,19,00,18,27.3,83.6
23,19,00,15,27.2,83.6
23,19,00,20,27.3,83.5
23,19,00,13,27.3,83.4
23,19,00,23,27.3,83.2
23,19,00,19,27.3,83.1
23,19,00,18,27.4,83.2
23,19,00,18,27.3,83.1
23,19,00,23,27.3,83.2
23,19,00,11,27.3,83.1
23,19,00,16,27.3,82.9
23,19,00,18,27.4,82.7
23,19,00,14,27.3,82.9
23,19,00,22,27.2,83.1
23,19,00,15,27.2,83.2
23,19,00,17,27.2,83.2
23,19,00,17,27.2,83.4
23,19,00,17,27.2,83.5
23,19,00,16,27.2,83.2
23,19,00,28,27.3,83.0
23,19,00,17,27.3,82.8
23,19,00,12,27.3,82.6
23,19,00,21,27.4,82.3
23,19,00,21,27.4,82.2
23,19,00,9,27.4,82.2
23,19,00,14,27.4,82.3
23,19,00,20,27.4,81.9
23,19,00,12,27.4,82.2
23,19,00,20,27.3,82.7
23,19,00,10,27.3,83.0
23,19,00,10,27.3,83.3
23,19,00,13,27.2,83.6
23,19,00,23,27.2,83.7
23,19,00,19,27.1,83.6
23,19,00,23,27.1,83.6
23,19,00,14,27.1,83.7
23,19,00,23,27.0,84.1
23,19,00,18,27.0,84.2
23,19,00,19,27.0,83.9
23,19,00,15,27.0,83.7
23,19,00,22,27.0,83.7
23,19,00,26,26.9,83.8
23,19,00,23,27.0,83.8
23,19,00,26,27.0,84.0
23,19,00,11,26.9,84.0
23,19,00,22,26.9,84.3
23,19,00,17,26.9,84.3
23,19,00,20,26.9,84.3
23,19,00,22,26.9,84.4
23,19,00,22,26.9,84.4
23,19,00,21,26.9,84.3
23,19,00,16,27.0,83.9
23,19,00,30,27.0,83.8
23,20,00,12,27.0,83.7
23,20,00,11,27.0,83.8
23,20,00,28,26.9,84.0
23,20,00,15,26.9,83.9
23,20,00,15,27.0,83.6
23,20,00,7,26.9,83.7
23,20,00,19,27.0,83.4
23,20,00,20,26.9,83.6
23,20,00,16,26.8,83.7
23,20,00,14,26.8,84.0
23,20,00,12,26.7,84.4
23,20,00,14,26.8,84.2
23,20,00,15,26.9,83.9
23,20,00,25,26.9,83.7
23,20,00,18,27.0,83.3
23,20,00,15,27.0,83.3
23,20,00,13,27.1,83.1
23,20,00,18,27.1,83.0
23,20,00,18,27.2,82.9
23,20,00,20,27.3,82.5
23,20,00,17,27.3,82.3
23,20,00,18,27.3,82.4
23,20,00,21,27.3,82.5
23,20,00,12,27.3,82.5
23,20,00,19,27.3,82.3
23,20,00,29,27.3,82.3
23,20,00,11,27.4,82.3
23,20,00,22,27.4,82.1
23,20,00,19,27.5,81.7
23,20,00,13,27.5,81.6
23,20,00,14,27.4,82.0
23,20,00,27,27.3,82.4
23,20,00,11,27.3,82.8
23,20,00,23,27.3,82.5
23,20,00,10,27.4,82.5
23,20,00,14,27.4,82.5
23,20,00,24,27.4,82.5
23,20,00,17,27.4,82.4
23,20,00,16,27.4,82.3
23,20,00,11,27.4,82.1
23,20,00,21,27.4,82.1
23,20,00,22,27.4,82.1
23,20,00,17,27.5,81.9
23,20,00,16,27.4,81.9
23,20,00,31,27.4,82.1
23,20,00,18,27.5,81.8
23,20,00,31,27.5,81.7
23,20,00,20,27.5,81.7
23,20,00,28,27.5,82.0
23,20,00,18,27.5,82.1
23,20,00,12,27.5,81.9
23,20,00,20,27.4,82.1
23,20,00,21,27.4,82.1
23,20,00,15,27.4,82.0
23,20,00,11,27.4,82.1
23,20,00,13,27.5,82.0
23,20,00,25,27.5,81.8
23,20,00,15,27.5,81.7
23,20,00,23,27.5,81.8
23,20,00,17,27.5,81.6
23,21,00,16,27.6,81.4
23,21,00,22,27.5,81.4
23,21,00,31,27.5,81.4
23,21,00,9,27.5,81.5
23,21,00,29,27.5,81.6
23,21,00,18,27.5,81.5
23,21,00,16,27.5,81.6
23,21,00,14,27.4,81.7
23,21,00,13,27.4,81.8
23,21,00,21,27.4,81.7
23,21,00,17,27.3,82.0
23,21,00,17,27.3,82.2
23,21,00,14,27.3,82.2
23,21,00,13,27.2,82.3
23,21,00,14,27.3,82.5
23,21,00,20,27.2,82.5
23,21,00,22,27.2,82.5
23,21,00,13,27.3,82.4
23,21,00,20,27.3,82.4
23,21,00,17,27.3,82.3
23,21,00,19,27.3,82.3
23,21,00,19,27.3,82.2
23,21,00,24,27.3,82.3
23,21,00,14,27.3,82.2
23,21,00,22,27.3,82.1
23,21,00,26,27.3,82.2
23,21,00,21,27.3,82.1
23,21,00,19,27.3,82.4
23,21,00,18,27.3,83.5
23,21,00,12,27.3,83.1
23,21,00,12,27.4,82.6
23,21,00,16,27.3,82.4
23,21,00,16,27.3,82.7
23,21,00,18,27.2,82.9
23,21,00,19,27.1,82.8
23,21,00,21,27.1,82.7
23,21,00,13,27.1,82.9
23,21,00,17,27.1,82.9
23,21,00,20,27.1,82.8
23,21,00,14,27.0,83.1
23,21,00,19,27.0,83.0
23,21,00,13,27.0,83.1
23,21,00,26,27.0,83.0
23,21,00,20,26.9,83.1
23,21,00,19,27.0,83.3
23,21,00,19,26.9,83.3
23,21,00,14,27.0,83.1
23,21,00,20,27.0,83.1
23,21,00,11,26.9,83.0
23,21,00,12,26.9,83.2
23,21,00,21,26.9,83.3
23,21,00,10,26.9,83.1
23,21,00,19,26.9,83.1
23,21,00,20,26.9,83.2
23,21,00,22,26.9,83.3
23,21,00,14,26.9,83.4
23,21,00,17,26.9,83.2
23,21,00,11,26.9,83.0
23,21,00,9,26.9,83.5
23,21,00,21,26.9,83.6
23,22,00,9,26.9,83.4
23,22,00,21,26.9,83.3
23,22,00,21,26.8,83.5
23,22,00,21,26.8,83.5
23,22,00,25,26.8,83.8
23,22,00,16,26.8,83.6
23,22,00,17,26.8,83.3
23,22,00,21,26.8,83.4
23,22,00,17,26.8,83.3
23,22,00,20,26.8,83.1
23,22,00,13,26.8,83.2
23,22,00,16,26.8,83.3
23,22,00,15,26.8,83.4
23,22,00,20,26.8,83.4
23,22,00,21,26.9,83.3
23,22,00,12,26.9,83.2
23,22,00,17,27.0,82.7
23,22,00,18,26.9,83.0
23,22,00,16,26.9,83.2
23,22,00,27,26.9,83.0
23,22,00,17,26.9,83.2
23,22,00,17,26.8,83.3
23,22,00,14,26.8,83.2
23,22,00,28,26.8,83.0
23,22,00,18,26.8,82.8
23,22,00,21,26.8,82.9
23,22,00,14,26.8,82.8
23,22,00,17,26.8,83.0
23,22,00,19,26.8,83.0
23,22,00,25,26.8,83.0
23,22,00,15,26.8,82.9
23,22,00,23,26.9,82.7
23,22,00,24,26.9,82.4
23,22,00,22,26.8,82.5
23,22,00,16,26.8,82.7
23,22,00,24,26.8,82.7
23,22,00,18,26.8,82.7
23,22,00,15,26.8,82.9
23,22,00,11,26.8,82.7
23,22,00,30,26.8,82.5
23,22,00,11,26.8,82.8
23,22,00,26,26.8,82.8
23,22,00,23,26.8,82.7
23,22,00,23,26.8,82.6
23,22,00,12,26.8,82.6
23,22,00,19,26.8,82.9
23,22,00,24,26.7,82.8
23,22,00,11,26.7,82.7
23,22,00,18,26.7,82.8
23,22,00,17,26.7,82.9
23,22,00,23,26.7,83.0
23,22,00,12,26.8,82.8
23,22,00,10,26.8,82.9
23,22,00,19,26.8,82.6
23,22,00,12,26.8,82.4
23,22,00,12,26.7,82.8
23,22,00,15,26.7,82.8
23,22,00,22,26.7,82.7
23,22,00,19,26.7,82.8
23,22,00,12,26.7,82.7
23,23,00,22,26.7,82.8
23,23,00,11,26.7,82.7
23,23,00,20,26.7,82.8
23,23,00,24,26.7,82.7
23,23,00,16,26.8,82.5
23,23,00,13,26.8,82.5
23,23,00,24,26.7,82.6
23,23,00,22,26.8,82.5
23,23,00,24,26.8,82.4
23,23,00,9,26.7,82.4
23,23,00,20,26.7,82.5
23,23,00,21,26.7,82.5
23,23,00,24,26.7,82.4
23,23,00,24,26.7,82.5
23,23,00,19,26.7,82.9
23,23,00,22,26.7,82.9
23,23,00,21,26.7,82.8
23,23,00,20,26.7,82.8
23,23,00,18,26.8,82.6
23,23,00,20,26.7,82.7
23,23,00,18,26.7,82.8
23,23,00,19,26.7,82.7
23,23,00,17,26.7,82.6
23,23,00,21,26.8,82.5
23,23,00,16,26.8,82.4
23,23,00,14,26.7,82.6
23,23,00,20,26.7,82.7
23,23,00,23,26.7,82.7
23,23,00,22,26.7,82.6
23,23,00,24,26.7,82.8
23,23,00,17,26.7,82.7
23,23,00,11,26.7,82.8
23,23,00,18,26.7,82.9
23,23,00,14,26.7,82.8
23,23,00,11,26.7,82.8
23,23,00,11,26.7,82.8
23,23,00,14,26.7,82.8
23,23,00,21,26.7,82.7
23,23,00,17,26.7,82.6
23,23,00,19,26.7,82.7
23,23,00,22,26.7,82.7
23,23,00,15,26.7,82.5
23,23,00,16,26.8,82.3
23,23,00,17,26.7,82.4
23,23,00,20,26.7,82.6
23,23,00,17,26.7,82.4
23,23,00,14,26.7,82.2
23,23,00,17,26.7,82.1
23,23,00,12,26.7,82.1
23,23,00,15,26.7,82.3
23,23,00,9,26.6,82.4
23,23,00,20,26.7,82.2
23,23,00,12,26.7,82.1
23,23,00,17,26.7,82.2
23,23,00,20,26.7,82.2
23,23,00,16,26.7,82.3
23,23,00,13,26.7,82.3
23,23,00,10,26.7,82.2
23,23,00,21,26.6,82.3
23,23,00,32,26.7,82.3
